OperatingSystemCharacteristics,SQLITE_SECURE_DELETE,ChooseSQLITE_TEMP_STORE,SQLITE_TEMP_STOREzero,SQLITE_TEMP_STOREone,SQLITE_TEMP_STOREtwo,SQLITE_TEMP_STOREthree,EnableFeatures,SQLITE_ENABLE_ATOMIC_WRITE,SQLITE_ENABLE_STAT2,DisableFeatures,SQLITE_DISABLE_LFS,SQLITE_DISABLE_DIRSYNC,OmitFeatures,SQLITE_OMIT_AUTOMATIC_INDEX,SQLITE_OMIT_BETWEEN_OPTIMIZATION,SQLITE_OMIT_BTREECOUNT,SQLITE_OMIT_LIKE_OPTIMIZATION,SQLITE_OMIT_LOOKASIDE,SQLITE_OMIT_OR_OPTIMIZATION,SQLITE_OMIT_QUICKBALANCE,SQLITE_OMIT_SHARED_CACHE,SQLITE_OMIT_XFER_OPT,Options,SetAutoVacuum,AutoVacuumOff,AutoVacuumOn,SetCacheSize,StandardCacheSize,LowerCacheSize,HigherCacheSize,LockingMode,ExclusiveLock,NormalLockingMode,PageSize,StandardPageSize,LowerPageSize,HigherPageSize,HighestPageSize,Performance,[DomFlist],DomEst,RelErr
Y,N,N,N,N,N,N,Y,Y,N,Y,N,N,Y,N,Y,N,N,N,N,N,N,N,Y,Y,N,Y,Y,Y,N,N,Y,Y,N,Y,N,N,N,Y,14.092,[6N 22N 26N 3N ],14.9307,0.0595
Y,N,Y,N,Y,N,N,Y,N,N,Y,N,N,Y,N,Y,N,N,N,N,N,N,Y,Y,Y,Y,N,Y,Y,N,N,Y,Y,N,Y,Y,N,N,N,16.278,[6N 22N 26Y 10N ],13.6667,0.1604
Y,Y,Y,N,N,N,Y,Y,Y,Y,Y,Y,Y,Y,Y,Y,Y,Y,Y,Y,Y,Y,Y,Y,Y,Y,N,Y,N,N,Y,Y,N,Y,Y,Y,N,N,N,14.662,[6N 22Y 29N ],13.7242,0.0640
Y,Y,N,N,N,N,N,Y,N,Y,Y,N,N,Y,N,N,N,N,N,N,N,N,Y,Y,Y,N,Y,Y,Y,N,N,Y,Y,N,Y,Y,N,N,N,13.965,[6N 22N 26N 3N ],14.9307,0.0691
Y,Y,Y,Y,N,N,N,Y,Y,Y,Y,Y,Y,Y,Y,Y,Y,Y,Y,N,Y,Y,Y,Y,Y,Y,N,Y,N,N,Y,Y,Y,N,Y,N,Y,N,N,13.983,[6N 22Y 29N ],13.7242,0.0185
Y,N,N,N,N,N,N,Y,N,Y,Y,N,N,Y,N,N,N,N,N,Y,N,N,Y,Y,Y,Y,N,Y,Y,N,N,Y,Y,N,Y,Y,N,N,N,14.338,[6N 22N 26Y 10Y ],14.5610,0.0156
Y,N,N,N,N,N,N,Y,N,N,Y,N,N,Y,Y,N,N,N,N,N,N,Y,N,Y,Y,Y,N,Y,Y,N,N,Y,Y,N,Y,Y,N,N,N,14.184,[6N 22Y 29Y ],13.8765,0.0217
Y,N,Y,N,N,N,Y,Y,N,N,Y,N,Y,Y,N,N,N,N,N,N,N,N,N,Y,Y,N,Y,Y,Y,N,N,Y,Y,N,Y,N,N,Y,N,14.164,[6N 22N 26N 3Y ],14.3777,0.0151
Y,N,Y,N,Y,N,N,Y,N,N,Y,N,N,Y,N,N,Y,N,N,Y,N,N,N,Y,Y,N,Y,Y,Y,N,N,Y,Y,N,Y,Y,N,N,N,14.837,[6N 22N 26N 3Y ],14.3777,0.0310
Y,N,N,N,N,N,N,Y,N,N,Y,N,N,Y,N,N,Y,N,Y,N,N,N,N,Y,Y,N,Y,Y,Y,N,N,Y,N,Y,Y,Y,N,N,N,15.195,[6N 22N 26N 3N ],14.9307,0.0174
Y,Y,Y,N,N,N,Y,Y,Y,Y,Y,Y,N,Y,Y,Y,Y,Y,Y,Y,Y,Y,Y,Y,Y,N,Y,Y,Y,N,N,Y,Y,N,Y,Y,N,N,N,14.339,[6N 22Y 29Y ],13.8765,0.0323
Y,N,N,N,N,N,N,Y,N,N,Y,N,N,Y,N,N,N,N,N,Y,Y,N,N,Y,Y,Y,N,Y,N,N,Y,Y,Y,N,Y,Y,N,N,N,14.255,[6N 22N 26Y 10N ],13.6667,0.0413
Y,N,N,N,N,N,N,Y,N,N,Y,N,N,Y,N,N,Y,N,N,N,N,N,N,Y,Y,Y,N,Y,N,N,Y,Y,Y,N,Y,N,Y,N,N,14.514,[6N 22N 26Y 10N ],13.6667,0.0584
Y,Y,Y,N,Y,N,N,Y,N,N,Y,N,N,Y,N,N,N,Y,N,N,N,N,N,Y,Y,Y,N,Y,Y,N,N,Y,Y,N,Y,Y,N,N,N,15.308,[6N 22N 26Y 10N ],13.6667,0.1072
Y,N,N,N,N,N,N,Y,N,N,Y,N,Y,Y,Y,N,N,N,N,N,N,N,N,Y,Y,N,Y,Y,N,Y,N,Y,Y,N,Y,Y,N,N,N,15.331,[6N 22N 26N 3N ],14.9307,0.0261
Y,N,N,N,N,N,N,Y,N,N,Y,N,N,Y,N,N,Y,N,Y,N,N,Y,N,Y,Y,Y,N,Y,Y,N,N,Y,Y,N,Y,Y,N,N,N,13.297,[6N 22Y 29Y ],13.8765,0.0436
Y,N,N,N,N,N,N,Y,N,N,Y,N,N,Y,N,N,N,N,N,N,N,N,N,Y,Y,Y,N,Y,N,Y,N,Y,N,Y,Y,N,Y,N,N,15.042,[6N 22N 26Y 10N ],13.6667,0.0914
Y,N,N,N,N,N,N,Y,N,Y,Y,Y,Y,Y,N,N,N,N,N,N,N,N,N,Y,Y,Y,N,Y,Y,N,N,Y,Y,N,Y,Y,N,N,N,14.177,[6N 22N 26Y 10Y ],14.5610,0.0271
Y,Y,N,N,N,N,N,Y,N,N,Y,N,N,Y,N,Y,N,N,Y,N,N,N,N,Y,Y,Y,N,Y,Y,N,N,Y,Y,N,Y,Y,N,N,N,15.120,[6N 22N 26Y 10N ],13.6667,0.0961
Y,N,N,N,N,N,N,Y,N,Y,Y,N,N,Y,N,N,Y,N,N,N,N,N,Y,Y,Y,N,Y,Y,Y,N,N,Y,Y,N,Y,Y,N,N,N,16.313,[6N 22N 26N 3N ],14.9307,0.0847
Y,N,N,N,N,N,N,Y,N,N,Y,N,N,Y,N,N,N,N,Y,N,N,N,N,Y,Y,Y,N,Y,N,Y,N,Y,Y,N,Y,N,Y,N,N,13.263,[6N 22N 26Y 10N ],13.6667,0.0304
Y,N,N,N,N,N,N,Y,N,N,Y,N,N,Y,N,N,Y,N,N,N,N,N,N,Y,Y,N,Y,Y,N,N,Y,Y,Y,N,Y,N,Y,N,N,15.179,[6N 22N 26N 3N ],14.9307,0.0164
Y,Y,Y,N,N,N,Y,Y,N,N,Y,N,N,Y,N,N,N,N,N,N,N,N,N,Y,Y,Y,N,Y,N,Y,N,Y,Y,N,Y,Y,N,N,N,15.499,[6N 22N 26Y 10N ],13.6667,0.1182
Y,N,N,N,N,N,N,Y,N,N,Y,N,N,Y,N,Y,N,N,N,N,N,N,N,Y,Y,Y,N,Y,N,N,Y,Y,N,Y,Y,Y,N,N,N,14.435,[6N 22N 26Y 10N ],13.6667,0.0532
Y,Y,Y,N,N,N,Y,Y,Y,Y,Y,Y,Y,Y,Y,Y,Y,Y,Y,Y,Y,Y,N,Y,Y,N,Y,Y,N,Y,N,Y,N,Y,Y,N,N,N,Y,14.084,[6N 22Y 29N ],13.7242,0.0255
Y,Y,N,N,N,N,N,Y,Y,Y,Y,Y,Y,Y,Y,Y,Y,Y,Y,Y,Y,Y,Y,Y,Y,N,Y,Y,N,Y,N,Y,N,Y,Y,N,N,N,Y,15.101,[6N 22Y 29N ],13.7242,0.0912
Y,Y,N,N,N,N,N,Y,N,N,Y,N,N,Y,N,N,N,N,N,N,N,N,N,Y,Y,N,Y,Y,Y,N,N,Y,Y,N,Y,N,N,Y,N,13.751,[6N 22N 26N 3N ],14.9307,0.0858
Y,N,N,N,N,N,N,Y,N,N,Y,N,N,Y,N,N,N,Y,N,N,Y,N,N,Y,Y,N,Y,Y,Y,N,N,Y,N,Y,Y,Y,N,N,N,14.964,[6N 22N 26N 3N ],14.9307,0.0022
Y,N,Y,N,N,Y,N,Y,N,N,Y,N,N,Y,N,N,N,N,N,Y,N,N,Y,Y,Y,N,Y,Y,Y,N,N,Y,Y,N,Y,Y,N,N,N,14.013,[6Y ],15.0588,0.0746
Y,N,Y,Y,N,N,N,Y,N,N,Y,N,N,Y,N,N,Y,N,Y,N,N,N,N,Y,Y,N,Y,Y,Y,N,N,Y,Y,N,Y,Y,N,N,N,14.110,[6N 22N 26N 3Y ],14.3777,0.0190
Y,Y,Y,N,Y,N,N,Y,N,N,Y,N,N,Y,N,N,N,N,N,N,N,N,N,Y,Y,Y,N,Y,N,N,Y,Y,Y,N,Y,Y,N,N,N,14.378,[6N 22N 26Y 10N ],13.6667,0.0495
Y,N,Y,Y,N,N,N,Y,N,N,Y,N,N,Y,N,Y,N,N,N,Y,N,N,N,Y,Y,Y,N,Y,Y,N,N,Y,Y,N,Y,Y,N,N,N,13.941,[6N 22N 26Y 10N ],13.6667,0.0197
Y,N,N,N,N,N,N,Y,N,N,Y,N,Y,Y,N,N,N,N,N,N,N,N,Y,Y,Y,N,Y,Y,N,N,Y,Y,Y,N,Y,Y,N,N,N,14.564,[6N 22N 26N 3N ],14.9307,0.0252
Y,N,N,N,N,N,N,Y,N,N,Y,N,N,Y,N,N,Y,N,N,N,N,N,N,Y,Y,N,Y,Y,N,N,Y,Y,Y,N,Y,Y,N,N,N,13.939,[6N 22N 26N 3N ],14.9307,0.0711
Y,Y,N,N,N,N,N,Y,N,N,Y,N,N,Y,N,Y,N,N,N,N,N,N,N,Y,Y,Y,N,Y,N,Y,N,Y,Y,N,Y,Y,N,N,N,13.872,[6N 22N 26Y 10N ],13.6667,0.0148
Y,N,N,N,N,N,N,Y,N,N,Y,N,N,Y,Y,N,N,N,N,N,N,Y,N,Y,Y,Y,N,Y,Y,N,N,Y,Y,N,Y,N,N,Y,N,13.965,[6N 22Y 29Y ],13.8765,0.0063
Y,N,N,N,N,N,N,Y,N,Y,Y,N,Y,Y,N,N,N,N,N,N,N,N,N,Y,Y,Y,N,Y,N,Y,N,Y,Y,N,Y,Y,N,N,N,14.467,[6N 22N 26Y 10Y ],14.5610,0.0065
Y,N,Y,N,Y,N,N,Y,Y,Y,Y,Y,Y,Y,Y,Y,Y,Y,Y,Y,Y,Y,Y,Y,Y,Y,N,Y,Y,N,N,Y,Y,N,Y,N,N,Y,N,14.305,[6N 22Y 29Y ],13.8765,0.0300
Y,Y,Y,N,N,N,Y,Y,Y,Y,Y,Y,Y,Y,Y,Y,Y,Y,Y,Y,Y,Y,Y,Y,Y,Y,N,Y,N,N,Y,Y,Y,N,Y,Y,N,N,N,14.800,[6N 22Y 29N ],13.7242,0.0727
Y,N,N,N,N,N,N,Y,N,N,Y,N,N,Y,N,N,N,N,N,N,N,N,Y,Y,Y,N,Y,Y,N,Y,N,Y,Y,N,Y,Y,N,N,N,14.379,[6N 22N 26N 3N ],14.9307,0.0384
Y,Y,N,N,N,N,N,Y,N,N,Y,N,N,Y,N,N,N,N,N,N,Y,N,N,Y,Y,Y,N,Y,Y,N,N,Y,Y,N,Y,N,N,N,Y,13.910,[6N 22N 26Y 10N ],13.6667,0.0175
Y,N,N,N,N,N,N,Y,N,N,Y,N,Y,Y,N,Y,N,N,N,N,N,N,N,Y,Y,N,Y,Y,N,Y,N,Y,Y,N,Y,Y,N,N,N,16.095,[6N 22N 26N 3N ],14.9307,0.0723
Y,N,N,N,N,N,N,Y,N,N,Y,Y,N,Y,N,N,N,N,N,N,N,N,N,Y,Y,Y,N,Y,N,Y,N,Y,Y,N,Y,N,N,Y,N,13.041,[6N 22N 26Y 10N ],13.6667,0.0480
Y,N,N,N,N,N,N,Y,N,N,Y,N,Y,Y,N,N,N,Y,N,N,Y,N,N,Y,Y,Y,N,Y,Y,N,N,Y,Y,N,Y,Y,N,N,N,13.720,[6N 22N 26Y 10N ],13.6667,0.0039
Y,N,N,N,N,N,N,Y,Y,Y,Y,N,N,Y,Y,N,N,N,N,N,N,N,N,Y,Y,N,Y,Y,Y,N,N,Y,Y,N,Y,Y,N,N,N,15.374,[6N 22N 26N 3N ],14.9307,0.0288
Y,Y,Y,N,Y,N,N,Y,Y,Y,Y,N,Y,Y,Y,Y,Y,Y,Y,Y,Y,Y,Y,Y,Y,N,Y,Y,N,N,Y,Y,Y,N,Y,N,N,N,Y,14.349,[6N 22Y 29N ],13.7242,0.0435
Y,Y,Y,Y,N,N,N,Y,Y,Y,Y,N,Y,Y,Y,Y,Y,Y,Y,Y,Y,Y,Y,Y,Y,Y,N,Y,N,N,Y,Y,Y,N,Y,N,Y,N,N,13.358,[6N 22Y 29N ],13.7242,0.0274
Y,N,Y,N,Y,N,N,Y,N,N,Y,N,N,Y,N,N,N,N,N,Y,N,N,N,Y,Y,Y,N,Y,Y,N,N,Y,Y,N,Y,Y,N,N,N,14.515,[6N 22N 26Y 10N ],13.6667,0.0584
Y,Y,N,N,N,N,N,Y,N,N,Y,N,N,Y,N,N,N,N,N,N,N,N,N,Y,Y,Y,N,Y,Y,N,N,Y,Y,N,Y,Y,N,N,N,14.288,[6N 22N 26Y 10N ],13.6667,0.0435
Y,Y,Y,N,Y,N,N,Y,Y,Y,Y,Y,N,Y,Y,Y,Y,Y,Y,Y,Y,Y,Y,Y,Y,N,Y,Y,N,Y,N,Y,Y,N,Y,N,Y,N,N,14.157,[6N 22Y 29N ],13.7242,0.0306
Y,Y,N,N,N,N,N,Y,N,N,Y,N,N,Y,N,N,N,N,N,N,N,N,N,Y,Y,N,Y,Y,N,N,Y,Y,Y,N,Y,N,N,N,Y,15.518,[6N 22N 26N 3N ],14.9307,0.0378
Y,N,N,N,N,N,N,Y,Y,N,Y,N,N,Y,N,N,N,N,N,Y,N,N,N,Y,Y,Y,N,Y,Y,N,N,Y,N,Y,Y,Y,N,N,N,13.981,[6N 22N 26Y 10N ],13.6667,0.0225
Y,N,N,N,N,N,N,Y,N,N,Y,N,Y,Y,N,N,N,N,Y,N,N,N,N,Y,Y,Y,N,Y,Y,N,N,Y,Y,N,Y,N,N,N,Y,14.092,[6N 22N 26Y 10N ],13.6667,0.0302
Y,N,N,N,N,N,N,Y,N,N,Y,N,N,Y,N,N,N,N,Y,Y,N,N,N,Y,Y,N,Y,Y,Y,N,N,Y,Y,N,Y,N,Y,N,N,14.835,[6N 22N 26N 3N ],14.9307,0.0064
Y,N,N,N,N,N,N,Y,N,N,Y,N,N,Y,N,N,N,N,N,N,N,Y,Y,Y,Y,Y,N,Y,Y,N,N,Y,Y,N,Y,N,N,N,Y,13.731,[6N 22Y 29Y ],13.8765,0.0106
Y,N,N,N,N,N,N,Y,N,Y,Y,N,N,Y,N,N,N,N,N,N,Y,N,Y,Y,Y,Y,N,Y,Y,N,N,Y,Y,N,Y,Y,N,N,N,14.675,[6N 22N 26Y 10Y ],14.5610,0.0078
Y,N,N,N,N,N,N,Y,N,N,Y,Y,N,Y,N,N,N,N,N,N,Y,N,N,Y,Y,Y,N,Y,N,Y,N,Y,Y,N,Y,Y,N,N,N,14.212,[6N 22N 26Y 10N ],13.6667,0.0384
Y,N,N,N,N,N,N,Y,N,N,Y,N,N,Y,N,N,Y,N,N,N,N,N,N,Y,Y,N,Y,Y,Y,N,N,Y,Y,N,Y,N,Y,N,N,13.672,[6N 22N 26N 3N ],14.9307,0.0921
Y,N,Y,N,N,Y,N,Y,N,N,Y,N,N,Y,N,N,N,N,N,N,N,N,Y,Y,Y,N,Y,Y,N,N,Y,Y,Y,N,Y,Y,N,N,N,13.085,[6Y ],15.0588,0.1508
Y,Y,Y,N,Y,N,N,Y,Y,Y,Y,Y,Y,Y,Y,Y,Y,Y,Y,Y,Y,Y,Y,Y,Y,N,Y,Y,N,Y,N,Y,Y,N,Y,N,Y,N,N,15.301,[6N 22Y 29N ],13.7242,0.1030
Y,N,Y,Y,N,N,N,Y,N,N,Y,N,Y,Y,N,N,N,N,N,N,N,N,N,Y,Y,N,Y,Y,Y,N,N,Y,Y,N,Y,N,Y,N,N,13.719,[6N 22N 26N 3Y ],14.3777,0.0480
Y,Y,Y,Y,N,N,N,Y,Y,Y,Y,Y,Y,Y,Y,Y,Y,Y,Y,Y,Y,Y,Y,Y,Y,N,Y,Y,N,N,Y,Y,Y,N,Y,N,N,N,Y,14.811,[6N 22Y 29N ],13.7242,0.0734
Y,N,Y,N,Y,N,N,Y,N,N,Y,N,Y,Y,N,N,N,N,Y,N,N,N,N,Y,Y,N,Y,Y,Y,N,N,Y,Y,N,Y,Y,N,N,N,14.622,[6N 22N 26N 3Y ],14.3777,0.0167
Y,N,N,N,N,N,N,Y,N,N,Y,N,N,Y,N,N,N,N,Y,N,N,N,N,Y,Y,Y,N,Y,Y,N,N,Y,N,Y,Y,N,N,N,Y,14.114,[6N 22N 26Y 10N ],13.6667,0.0317
Y,N,Y,N,Y,N,N,Y,N,N,Y,N,N,Y,N,N,N,N,Y,N,N,N,N,Y,Y,N,Y,Y,N,Y,N,Y,Y,N,Y,Y,N,N,N,13.948,[6N 22N 26N 3Y ],14.3777,0.0308
Y,N,Y,N,N,Y,N,Y,N,N,Y,N,N,Y,Y,N,N,N,N,N,N,Y,N,Y,Y,N,Y,Y,Y,N,N,Y,Y,N,Y,Y,N,N,N,13.750,[6Y ],15.0588,0.0952
Y,N,N,N,N,N,N,Y,N,N,Y,N,Y,Y,N,N,N,N,N,N,N,N,Y,Y,Y,Y,N,Y,N,Y,N,Y,Y,N,Y,Y,N,N,N,13.945,[6N 22N 26Y 10N ],13.6667,0.0200
Y,N,N,N,N,N,N,Y,N,N,Y,N,N,Y,N,N,N,N,N,N,N,N,N,Y,Y,N,Y,Y,N,N,Y,Y,Y,N,Y,N,Y,N,N,15.292,[6N 22N 26N 3N ],14.9307,0.0236
Y,N,Y,Y,N,N,N,Y,N,N,Y,Y,N,Y,N,N,N,Y,N,N,N,N,N,Y,Y,Y,N,Y,Y,N,N,Y,Y,N,Y,Y,N,N,N,14.058,[6N 22N 26Y 10N ],13.6667,0.0278
Y,N,N,N,N,N,N,Y,Y,N,Y,N,N,Y,N,N,N,Y,N,N,N,N,N,Y,Y,N,Y,Y,Y,N,N,Y,Y,N,Y,N,N,Y,N,14.050,[6N 22N 26N 3N ],14.9307,0.0627
Y,Y,Y,N,Y,N,N,Y,Y,Y,Y,Y,Y,Y,N,Y,Y,Y,Y,Y,Y,Y,Y,Y,Y,N,Y,Y,N,Y,N,Y,N,Y,Y,N,N,N,Y,13.171,[6N 22Y 29N ],13.7242,0.0420
Y,Y,Y,N,N,N,Y,Y,Y,N,Y,Y,Y,Y,Y,Y,Y,Y,Y,Y,Y,Y,Y,Y,Y,N,Y,Y,N,Y,N,Y,N,Y,Y,N,N,N,Y,14.659,[6N 22Y 29N ],13.7242,0.0638
Y,Y,N,N,N,N,N,Y,N,N,Y,N,N,Y,Y,N,N,N,N,N,N,Y,N,Y,Y,N,Y,Y,Y,N,N,Y,Y,N,Y,Y,N,N,N,15.234,[6N 22Y 29Y ],13.8765,0.0891
Y,N,N,N,N,N,N,Y,N,N,Y,Y,N,Y,N,N,N,Y,N,N,N,N,N,Y,Y,N,Y,Y,Y,N,N,Y,Y,N,Y,N,N,Y,N,14.012,[6N 22N 26N 3N ],14.9307,0.0656
Y,N,N,N,N,N,N,Y,Y,N,Y,N,N,Y,Y,N,N,Y,N,N,N,N,N,Y,Y,N,Y,Y,Y,N,N,Y,Y,N,Y,Y,N,N,N,15.026,[6N 22N 26N 3N ],14.9307,0.0063
Y,Y,Y,N,N,N,Y,Y,Y,Y,Y,Y,Y,Y,Y,N,Y,Y,Y,Y,Y,Y,Y,Y,Y,N,Y,Y,N,N,Y,Y,Y,N,Y,N,N,N,Y,14.499,[6N 22Y 29N ],13.7242,0.0534
Y,Y,Y,Y,N,N,N,Y,Y,Y,Y,Y,Y,Y,N,Y,Y,Y,Y,Y,Y,Y,Y,Y,Y,Y,N,Y,N,N,Y,Y,Y,N,Y,N,Y,N,N,13.474,[6N 22Y 29N ],13.7242,0.0186
Y,N,Y,N,Y,N,N,Y,N,N,Y,N,N,Y,N,N,N,N,N,N,N,N,Y,Y,Y,Y,N,Y,N,N,Y,Y,Y,N,Y,Y,N,N,N,14.505,[6N 22N 26Y 10N ],13.6667,0.0578
Y,N,N,N,N,N,N,Y,Y,N,Y,N,N,Y,N,N,N,N,N,N,N,N,N,Y,Y,Y,N,Y,Y,N,N,Y,N,Y,Y,N,Y,N,N,14.040,[6N 22N 26Y 10N ],13.6667,0.0266
Y,Y,Y,N,Y,N,N,Y,N,N,Y,N,N,Y,N,N,N,N,N,N,N,N,N,Y,Y,N,Y,Y,N,N,Y,Y,Y,N,Y,Y,N,N,N,14.318,[6N 22N 26N 3Y ],14.3777,0.0042
Y,N,N,N,N,N,N,Y,N,N,Y,N,N,Y,N,N,Y,N,N,N,N,N,N,Y,Y,Y,N,Y,Y,N,N,Y,Y,N,Y,Y,N,N,N,14.600,[6N 22N 26Y 10N ],13.6667,0.0639
Y,Y,Y,N,N,Y,N,Y,Y,Y,Y,Y,Y,Y,Y,Y,Y,Y,Y,N,Y,Y,Y,Y,Y,Y,N,Y,Y,N,N,Y,N,Y,Y,N,N,N,Y,15.166,[6Y ],15.0588,0.0071
Y,N,Y,N,Y,N,N,Y,N,N,Y,N,N,Y,N,N,N,N,N,Y,N,Y,N,Y,Y,Y,N,Y,Y,N,N,Y,Y,N,Y,Y,N,N,N,16.029,[6N 22Y 29Y ],13.8765,0.1343
Y,N,N,N,N,N,N,Y,N,N,Y,N,N,Y,N,N,N,N,N,N,N,N,N,Y,Y,N,Y,Y,N,N,Y,Y,Y,N,Y,N,N,Y,N,14.958,[6N 22N 26N 3N ],14.9307,0.0018
Y,Y,Y,N,Y,N,N,Y,Y,Y,Y,Y,Y,Y,Y,Y,Y,Y,Y,N,Y,Y,Y,Y,Y,Y,N,Y,N,N,Y,Y,Y,N,Y,Y,N,N,N,14.630,[6N 22Y 29N ],13.7242,0.0619
Y,N,N,N,N,N,N,Y,N,Y,Y,N,N,Y,N,N,N,N,N,N,N,N,N,Y,Y,N,Y,Y,Y,N,N,Y,Y,N,Y,N,Y,N,N,13.570,[6N 22N 26N 3N ],14.9307,0.1003
Y,N,N,N,N,N,N,Y,N,N,Y,N,N,Y,N,N,Y,N,Y,Y,N,N,N,Y,Y,Y,N,Y,Y,N,N,Y,Y,N,Y,Y,N,N,N,13.542,[6N 22N 26Y 10N ],13.6667,0.0092
Y,N,N,N,N,N,N,Y,Y,N,Y,N,N,Y,N,N,N,N,N,N,N,N,N,Y,Y,N,Y,Y,Y,N,N,Y,Y,N,Y,N,N,Y,N,13.806,[6N 22N 26N 3N ],14.9307,0.0815
Y,Y,Y,N,N,N,Y,Y,Y,Y,Y,Y,Y,Y,Y,Y,Y,Y,Y,N,Y,Y,Y,Y,Y,Y,N,Y,N,N,Y,Y,Y,N,Y,N,N,Y,N,13.077,[6N 22Y 29N ],13.7242,0.0495
Y,Y,N,N,N,N,N,Y,N,N,Y,N,N,Y,Y,N,N,N,N,N,N,N,N,Y,Y,Y,N,Y,Y,N,N,Y,Y,N,Y,N,Y,N,N,13.893,[6N 22N 26Y 10N ],13.6667,0.0163
Y,N,Y,N,N,Y,N,Y,N,N,Y,N,N,Y,N,N,Y,N,N,N,N,N,N,Y,Y,N,Y,Y,N,Y,N,Y,Y,N,Y,Y,N,N,N,15.449,[6Y ],15.0588,0.0253
Y,N,Y,N,N,N,Y,Y,N,N,Y,N,N,Y,N,N,N,N,N,Y,N,N,N,Y,Y,N,Y,Y,Y,N,N,Y,Y,N,Y,N,N,Y,N,13.983,[6N 22N 26N 3Y ],14.3777,0.0282
Y,N,N,N,N,N,N,Y,N,N,Y,N,N,Y,N,N,N,Y,N,N,N,N,N,Y,Y,N,Y,Y,Y,N,N,Y,N,Y,Y,Y,N,N,N,13.310,[6N 22N 26N 3N ],14.9307,0.1218
Y,Y,N,N,N,N,N,Y,N,Y,Y,Y,N,Y,N,N,N,N,N,N,N,N,N,Y,Y,N,Y,Y,Y,N,N,Y,Y,N,Y,Y,N,N,N,15.055,[6N 22N 26N 3N ],14.9307,0.0083
Y,N,Y,N,N,Y,N,Y,N,N,Y,N,N,Y,N,N,N,N,Y,N,N,N,N,Y,Y,Y,N,Y,N,N,Y,Y,Y,N,Y,Y,N,N,N,15.683,[6Y ],15.0588,0.0398
Y,N,N,N,N,N,N,Y,N,N,Y,N,N,Y,N,N,N,N,N,N,N,N,N,Y,Y,Y,N,Y,N,Y,N,Y,N,Y,Y,Y,N,N,N,14.506,[6N 22N 26Y 10N ],13.6667,0.0579
Y,N,N,N,N,N,N,Y,N,N,Y,Y,N,Y,N,N,N,N,N,Y,N,N,N,Y,Y,N,Y,Y,N,Y,N,Y,Y,N,Y,Y,N,N,N,14.767,[6N 22N 26N 3N ],14.9307,0.0111
Y,N,N,N,N,N,N,Y,Y,N,Y,N,Y,Y,N,N,N,N,Y,N,N,N,N,Y,Y,N,Y,Y,Y,N,N,Y,Y,N,Y,Y,N,N,N,13.881,[6N 22N 26N 3N ],14.9307,0.0756
Y,N,Y,N,N,N,Y,Y,N,N,Y,N,N,Y,N,N,N,N,N,Y,Y,N,N,Y,Y,N,Y,Y,Y,N,N,Y,Y,N,Y,Y,N,N,N,14.532,[6N 22N 26N 3Y ],14.3777,0.0106
Y,N,Y,Y,N,N,N,Y,N,N,Y,N,N,Y,N,N,N,N,N,N,N,Y,N,Y,Y,N,Y,Y,Y,N,N,Y,Y,N,Y,N,N,N,Y,13.601,[6N 22Y 29Y ],13.8765,0.0203
Y,Y,N,N,N,N,N,Y,N,N,Y,N,N,Y,N,N,N,Y,N,N,N,N,N,Y,Y,N,Y,Y,Y,N,N,Y,Y,N,Y,N,Y,N,N,14.877,[6N 22N 26N 3N ],14.9307,0.0036
Y,N,Y,Y,N,N,N,Y,Y,Y,Y,Y,Y,Y,Y,Y,Y,Y,Y,Y,Y,Y,Y,Y,Y,N,Y,Y,N,N,Y,Y,Y,N,Y,N,N,N,Y,14.465,[6N 22Y 29N ],13.7242,0.0512
Y,Y,Y,Y,N,N,N,Y,Y,Y,Y,Y,Y,Y,Y,Y,N,Y,Y,Y,Y,Y,Y,Y,Y,Y,N,Y,N,N,Y,Y,Y,N,Y,N,N,Y,N,13.420,[6N 22Y 29N ],13.7242,0.0227
Y,Y,N,N,N,N,N,Y,N,N,Y,N,N,Y,N,N,N,Y,N,N,N,Y,N,Y,Y,N,Y,Y,Y,N,N,Y,Y,N,Y,Y,N,N,N,14.097,[6N 22Y 29Y ],13.8765,0.0156
Y,N,N,N,N,N,N,Y,Y,N,Y,Y,N,Y,N,N,Y,N,N,N,N,N,N,Y,Y,Y,N,Y,Y,N,N,Y,Y,N,Y,Y,N,N,N,14.259,[6N 22N 26Y 10N ],13.6667,0.0415
Y,N,N,N,N,N,N,Y,Y,N,Y,N,N,Y,N,Y,N,N,N,N,N,N,N,Y,Y,Y,N,Y,N,Y,N,Y,Y,N,Y,Y,N,N,N,14.465,[6N 22N 26Y 10N ],13.6667,0.0552
Y,N,Y,Y,N,N,N,Y,N,N,Y,N,N,Y,N,N,N,N,N,N,N,N,Y,Y,Y,N,Y,Y,N,N,Y,Y,Y,N,Y,Y,N,N,N,14.123,[6N 22N 26N 3Y ],14.3777,0.0180
Y,N,Y,N,Y,N,N,Y,N,N,Y,N,N,Y,N,N,N,N,N,N,Y,N,N,Y,Y,N,Y,Y,Y,N,N,Y,Y,N,Y,Y,N,N,N,13.969,[6N 22N 26N 3Y ],14.3777,0.0293
Y,Y,Y,N,Y,N,N,Y,Y,Y,Y,Y,Y,Y,Y,Y,N,Y,Y,Y,Y,Y,Y,Y,Y,N,Y,Y,N,Y,N,Y,N,Y,Y,N,N,N,Y,13.135,[6N 22Y 29N ],13.7242,0.0449
Y,N,Y,N,N,Y,N,Y,N,N,Y,N,N,Y,N,N,N,N,N,N,N,N,N,Y,Y,Y,N,Y,Y,N,N,Y,Y,N,Y,N,Y,N,N,15.211,[6Y ],15.0588,0.0100
Y,Y,N,N,N,N,N,Y,N,Y,Y,N,N,Y,N,N,N,N,N,N,N,Y,N,Y,Y,Y,N,Y,Y,N,N,Y,Y,N,Y,Y,N,N,N,14.716,[6N 22Y 29Y ],13.8765,0.0570
N,N,N,N,N,N,N,N,Y,N,N,N,N,N,N,N,N,N,N,N,N,N,N,N,N,Y,N,N,Y,N,N,N,Y,N,Y,Y,N,N,N,13.277,[6N 22N 26Y 10N ],13.6667,0.0293
Y,N,Y,N,N,Y,N,Y,N,N,Y,N,Y,Y,N,N,N,N,N,N,N,N,N,Y,Y,Y,N,Y,N,N,Y,Y,Y,N,Y,Y,N,N,N,15.587,[6Y ],15.0588,0.0339
Y,N,Y,N,N,N,Y,Y,Y,Y,Y,N,N,Y,N,N,N,N,N,N,N,N,N,Y,Y,N,Y,Y,Y,N,N,Y,Y,N,Y,Y,N,N,N,13.462,[6N 22N 26N 3Y ],14.3777,0.0680
Y,N,N,N,N,N,N,Y,N,N,Y,Y,N,Y,N,N,N,N,N,N,N,N,N,Y,Y,Y,N,Y,N,N,Y,Y,N,Y,Y,Y,N,N,N,13.584,[6N 22N 26Y 10N ],13.6667,0.0061
Y,N,Y,Y,N,N,N,Y,N,N,Y,N,N,Y,N,N,N,N,N,N,N,N,N,Y,Y,N,Y,Y,Y,N,N,Y,N,Y,Y,Y,N,N,N,15.428,[6N 22N 26N 3Y ],14.3777,0.0681
Y,N,Y,Y,N,N,N,Y,N,Y,Y,N,N,Y,N,N,N,N,N,N,N,N,N,Y,Y,N,Y,Y,Y,N,N,Y,N,Y,Y,Y,N,N,N,13.684,[6N 22N 26N 3Y ],14.3777,0.0507
Y,N,N,N,N,N,N,Y,Y,N,Y,N,N,Y,N,N,N,N,Y,N,N,N,N,Y,Y,Y,N,Y,N,Y,N,Y,Y,N,Y,Y,N,N,N,14.054,[6N 22N 26Y 10N ],13.6667,0.0276
Y,N,Y,N,N,Y,N,Y,N,N,Y,N,N,Y,N,N,N,Y,N,N,N,N,Y,Y,Y,N,Y,Y,Y,N,N,Y,Y,N,Y,Y,N,N,N,13.998,[6Y ],15.0588,0.0758
Y,N,Y,Y,N,N,N,Y,N,N,Y,N,N,Y,N,N,N,Y,N,N,N,N,N,Y,Y,Y,N,Y,Y,N,N,Y,Y,N,Y,N,Y,N,N,13.753,[6N 22N 26Y 10N ],13.6667,0.0063
Y,N,Y,N,N,N,Y,Y,N,N,Y,N,N,Y,N,N,N,N,Y,N,N,N,N,Y,Y,Y,N,Y,Y,N,N,Y,Y,N,Y,N,N,N,Y,16.353,[6N 22N 26Y 10N ],13.6667,0.1643
Y,N,N,N,N,N,N,Y,N,N,Y,N,N,Y,N,N,Y,N,Y,N,N,N,N,Y,Y,Y,N,Y,Y,N,N,Y,Y,N,Y,N,N,N,Y,13.611,[6N 22N 26Y 10N ],13.6667,0.0041
Y,N,Y,N,Y,N,N,Y,N,Y,Y,N,N,Y,Y,N,N,N,N,N,N,N,N,Y,Y,N,Y,Y,Y,N,N,Y,Y,N,Y,Y,N,N,N,15.235,[6N 22N 26N 3Y ],14.3777,0.0563
Y,Y,N,N,N,N,N,Y,N,N,Y,N,N,Y,Y,N,N,N,N,N,N,N,Y,Y,Y,Y,N,Y,Y,N,N,Y,Y,N,Y,Y,N,N,N,14.431,[6N 22N 26Y 10N ],13.6667,0.0530
Y,N,Y,N,N,N,Y,Y,N,N,Y,N,N,Y,N,N,N,N,Y,N,N,N,N,Y,Y,Y,N,Y,N,Y,N,Y,Y,N,Y,Y,N,N,N,15.906,[6N 22N 26Y 10N ],13.6667,0.1408
Y,N,N,N,N,N,N,Y,N,Y,Y,N,N,Y,N,N,N,N,N,N,N,N,N,Y,Y,Y,N,Y,Y,N,N,Y,Y,N,Y,N,N,Y,N,14.267,[6N 22N 26Y 10Y ],14.5610,0.0206
Y,N,Y,N,N,Y,N,Y,N,N,Y,N,Y,Y,N,N,N,N,N,N,N,N,Y,Y,Y,Y,N,Y,Y,N,N,Y,Y,N,Y,Y,N,N,N,16.014,[6Y ],15.0588,0.0596
Y,Y,N,N,N,N,N,Y,Y,N,Y,N,N,Y,N,N,N,N,N,N,N,N,N,Y,Y,N,Y,Y,Y,N,N,Y,Y,N,Y,N,N,Y,N,15.448,[6N 22N 26N 3N ],14.9307,0.0335
Y,Y,Y,Y,N,N,N,Y,N,Y,Y,Y,Y,Y,Y,Y,Y,Y,Y,Y,Y,Y,Y,Y,Y,Y,N,Y,Y,N,N,Y,N,Y,Y,N,N,N,Y,14.841,[6N 22Y 29Y ],13.8765,0.0650
Y,Y,Y,N,N,N,Y,Y,N,N,Y,N,N,Y,N,N,N,N,Y,N,N,N,N,Y,Y,N,Y,Y,Y,N,N,Y,Y,N,Y,Y,N,N,N,13.646,[6N 22N 26N 3Y ],14.3777,0.0536
Y,N,N,N,N,N,N,Y,N,Y,Y,N,N,Y,N,Y,N,N,N,Y,N,N,N,Y,Y,Y,N,Y,Y,N,N,Y,Y,N,Y,Y,N,N,N,14.579,[6N 22N 26Y 10Y ],14.5610,0.0012
Y,N,Y,Y,N,N,N,Y,N,N,Y,N,N,Y,N,N,N,N,N,Y,N,N,N,Y,Y,Y,N,Y,Y,N,N,Y,Y,N,Y,N,Y,N,N,13.664,[6N 22N 26Y 10N ],13.6667,0.0002
Y,Y,N,N,N,N,N,Y,N,N,Y,N,N,Y,N,N,Y,Y,N,N,N,N,N,Y,Y,N,Y,Y,Y,N,N,Y,Y,N,Y,Y,N,N,N,15.225,[6N 22N 26N 3N ],14.9307,0.0193
Y,N,Y,Y,N,N,N,Y,Y,N,Y,N,N,Y,N,N,N,N,N,N,N,N,Y,Y,Y,Y,N,Y,Y,N,N,Y,Y,N,Y,Y,N,N,N,14.103,[6N 22N 26Y 10N ],13.6667,0.0309
Y,Y,Y,N,N,Y,N,Y,Y,Y,Y,Y,Y,Y,Y,N,Y,Y,Y,Y,Y,Y,Y,Y,Y,N,Y,Y,Y,N,N,Y,N,Y,Y,N,N,Y,N,14.586,[6Y ],15.0588,0.0324
Y,N,N,N,N,N,N,Y,N,N,Y,N,N,Y,N,N,N,N,N,N,Y,Y,N,Y,Y,N,Y,Y,N,Y,N,Y,Y,N,Y,Y,N,N,N,16.131,[6N 22Y 29N ],13.7242,0.1492
Y,N,Y,N,Y,N,N,Y,N,N,Y,N,N,Y,N,N,N,Y,N,N,N,N,N,Y,Y,N,Y,Y,Y,N,N,Y,N,Y,Y,Y,N,N,N,14.224,[6N 22N 26N 3Y ],14.3777,0.0108
Y,N,Y,Y,N,N,N,Y,N,N,Y,N,N,Y,N,N,N,N,N,Y,N,N,N,Y,Y,Y,N,Y,N,N,Y,Y,Y,N,Y,Y,N,N,N,13.457,[6N 22N 26Y 10N ],13.6667,0.0156
Y,N,N,N,N,N,N,Y,N,N,Y,N,N,Y,N,Y,Y,N,N,N,N,N,N,Y,Y,N,Y,Y,Y,N,N,Y,Y,N,Y,Y,N,N,N,13.700,[6N 22N 26N 3N ],14.9307,0.0898
Y,N,N,N,N,N,N,Y,N,N,Y,N,N,Y,N,Y,N,N,N,N,N,N,N,Y,Y,N,Y,Y,N,Y,N,Y,N,Y,Y,Y,N,N,N,14.573,[6N 22N 26N 3N ],14.9307,0.0245
Y,N,N,N,N,N,N,Y,N,N,Y,N,N,Y,N,N,Y,Y,Y,N,N,N,N,Y,Y,Y,N,Y,Y,N,N,Y,Y,N,Y,Y,N,N,N,13.354,[6N 22N 26Y 10N ],13.6667,0.0234
Y,Y,N,N,N,N,N,Y,N,N,Y,N,N,Y,N,N,N,N,N,N,Y,N,N,Y,Y,N,Y,Y,N,N,Y,Y,Y,N,Y,Y,N,N,N,14.891,[6N 22N 26N 3N ],14.9307,0.0027
Y,N,N,N,N,N,N,Y,N,Y,Y,N,N,Y,N,Y,N,N,N,N,N,N,Y,Y,Y,N,Y,Y,Y,N,N,Y,Y,N,Y,Y,N,N,N,15.108,[6N 22N 26N 3N ],14.9307,0.0117
Y,N,Y,Y,N,N,N,Y,N,N,Y,N,N,Y,Y,N,N,N,N,Y,N,N,N,Y,Y,N,Y,Y,Y,N,N,Y,Y,N,Y,Y,N,N,N,15.039,[6N 22N 26N 3Y ],14.3777,0.0440
Y,N,Y,N,N,N,Y,Y,N,N,Y,Y,N,Y,N,N,N,N,N,Y,N,N,N,Y,Y,Y,N,Y,Y,N,N,Y,Y,N,Y,Y,N,N,N,16.289,[6N 22N 26Y 10N ],13.6667,0.1610
Y,N,Y,N,Y,N,N,Y,N,N,Y,N,N,Y,N,N,N,N,Y,N,N,N,N,Y,Y,Y,N,Y,N,N,Y,Y,Y,N,Y,Y,N,N,N,14.502,[6N 22N 26Y 10N ],13.6667,0.0576
Y,N,Y,N,N,N,Y,Y,N,N,Y,N,N,Y,Y,N,N,N,N,Y,N,N,N,Y,Y,N,Y,Y,Y,N,N,Y,Y,N,Y,Y,N,N,N,14.229,[6N 22N 26N 3Y ],14.3777,0.0104
Y,N,N,N,N,N,N,Y,N,N,Y,Y,N,Y,N,N,N,Y,N,N,N,N,N,Y,Y,N,Y,Y,Y,N,N,Y,N,Y,Y,Y,N,N,N,14.887,[6N 22N 26N 3N ],14.9307,0.0029
Y,N,N,N,N,N,N,Y,Y,Y,Y,N,Y,Y,N,N,N,N,N,N,N,N,N,Y,Y,Y,N,Y,Y,N,N,Y,Y,N,Y,Y,N,N,N,14.170,[6N 22N 26Y 10Y ],14.5610,0.0276
Y,N,N,N,N,N,N,Y,N,N,Y,N,N,Y,N,Y,N,N,N,N,N,N,N,Y,Y,Y,N,Y,N,N,Y,Y,Y,N,Y,N,N,Y,N,13.354,[6N 22N 26Y 10N ],13.6667,0.0234
Y,N,Y,N,Y,N,N,Y,N,N,Y,N,Y,Y,N,N,N,N,N,N,N,N,N,Y,Y,N,Y,Y,Y,N,N,Y,Y,N,Y,N,Y,N,N,14.361,[6N 22N 26N 3Y ],14.3777,0.0012
Y,N,Y,N,N,Y,N,Y,Y,N,Y,Y,N,Y,N,N,N,N,N,N,N,N,N,Y,Y,N,Y,Y,N,N,Y,Y,Y,N,Y,Y,N,N,N,15.280,[6Y ],15.0588,0.0145
Y,N,N,N,N,N,N,Y,N,N,Y,N,N,Y,N,N,N,Y,Y,N,N,N,N,Y,Y,Y,N,Y,Y,N,N,Y,N,Y,Y,Y,N,N,N,13.582,[6N 22N 26Y 10N ],13.6667,0.0062
Y,N,Y,N,N,N,Y,Y,N,N,Y,N,N,Y,N,N,N,Y,N,N,N,N,N,Y,Y,Y,N,Y,Y,N,N,Y,Y,N,Y,N,N,N,Y,16.344,[6N 22N 26Y 10N ],13.6667,0.1638
Y,Y,Y,N,N,Y,N,Y,Y,Y,Y,Y,Y,Y,Y,Y,Y,Y,Y,Y,Y,Y,N,Y,Y,Y,N,Y,N,N,Y,Y,Y,N,Y,N,Y,N,N,14.274,[6Y ],15.0588,0.0550
Y,Y,Y,N,N,Y,N,Y,Y,Y,Y,Y,Y,Y,Y,Y,N,Y,Y,Y,Y,Y,Y,Y,Y,N,Y,Y,Y,N,N,Y,N,Y,Y,N,N,Y,N,14.539,[6Y ],15.0588,0.0358
Y,N,N,N,N,N,N,Y,N,N,Y,Y,N,Y,N,N,N,N,N,N,N,N,N,Y,Y,N,Y,Y,N,Y,N,Y,Y,N,Y,Y,N,N,N,14.127,[6N 22N 26N 3N ],14.9307,0.0569
Y,N,N,N,N,N,N,Y,N,N,Y,N,N,Y,N,N,N,Y,N,N,N,Y,N,Y,Y,N,Y,Y,Y,N,N,Y,Y,N,Y,N,N,N,Y,14.987,[6N 22Y 29Y ],13.8765,0.0741
Y,N,Y,N,N,Y,N,Y,N,N,Y,Y,N,Y,N,Y,N,N,N,N,N,N,N,Y,Y,Y,N,Y,Y,N,N,Y,Y,N,Y,Y,N,N,N,16.198,[6Y ],15.0588,0.0703
Y,N,Y,N,N,N,Y,Y,N,N,Y,N,N,Y,N,N,N,N,N,N,N,N,N,Y,Y,N,Y,Y,N,Y,N,Y,N,Y,Y,Y,N,N,N,14.102,[6N 22N 26N 3Y ],14.3777,0.0195
Y,N,Y,N,N,N,Y,Y,Y,N,Y,N,N,Y,N,N,N,N,N,N,N,N,N,Y,Y,N,Y,Y,Y,N,N,Y,Y,N,Y,N,N,Y,N,14.191,[6N 22N 26N 3Y ],14.3777,0.0132
Y,Y,Y,N,N,N,Y,Y,Y,N,Y,Y,Y,Y,Y,Y,Y,Y,Y,Y,Y,Y,Y,Y,Y,Y,N,Y,N,Y,N,Y,Y,N,Y,Y,N,N,N,13.480,[6N 22Y 29N ],13.7242,0.0181
Y,Y,Y,N,N,N,Y,Y,Y,Y,Y,N,Y,Y,Y,Y,Y,Y,Y,Y,Y,Y,Y,Y,Y,Y,N,Y,N,Y,N,Y,Y,N,Y,Y,N,N,N,13.130,[6N 22Y 29N ],13.7242,0.0453
Y,Y,Y,N,N,N,Y,Y,Y,Y,Y,Y,N,Y,Y,Y,Y,Y,Y,Y,Y,Y,Y,Y,Y,Y,N,Y,N,N,Y,Y,Y,N,Y,Y,N,N,N,14.279,[6N 22Y 29N ],13.7242,0.0389
Y,N,N,N,N,N,N,Y,N,Y,Y,N,N,Y,N,Y,N,Y,N,N,N,N,N,Y,Y,Y,N,Y,Y,N,N,Y,Y,N,Y,Y,N,N,N,14.900,[6N 22N 26Y 10Y ],14.5610,0.0228
Y,N,N,N,N,N,N,Y,N,N,Y,N,N,Y,N,N,N,Y,N,N,Y,N,N,Y,Y,N,Y,Y,N,Y,N,Y,Y,N,Y,Y,N,N,N,15.334,[6N 22N 26N 3N ],14.9307,0.0263
Y,N,N,N,N,N,N,Y,N,N,Y,N,N,Y,N,N,N,N,N,N,Y,Y,N,Y,Y,N,Y,Y,Y,N,N,Y,Y,N,Y,Y,N,N,N,13.799,[6N 22Y 29Y ],13.8765,0.0056
Y,N,N,N,N,N,N,Y,Y,N,Y,N,N,Y,Y,N,N,N,N,N,N,N,N,Y,Y,N,Y,Y,Y,N,N,Y,Y,N,Y,N,N,N,Y,14.927,[6N 22N 26N 3N ],14.9307,0.0002
Y,N,N,N,N,N,N,Y,Y,N,Y,N,N,Y,N,N,N,N,N,N,N,N,N,Y,Y,N,Y,Y,Y,N,N,Y,N,Y,Y,Y,N,N,N,14.165,[6N 22N 26N 3N ],14.9307,0.0541
Y,N,N,N,N,N,N,Y,Y,Y,Y,Y,N,Y,N,N,N,N,N,N,N,N,N,Y,Y,N,Y,Y,Y,N,N,Y,Y,N,Y,Y,N,N,N,15.142,[6N 22N 26N 3N ],14.9307,0.0140
Y,N,Y,N,Y,N,N,Y,N,N,Y,Y,N,Y,N,Y,N,N,N,N,N,N,N,Y,Y,N,Y,Y,Y,N,N,Y,Y,N,Y,Y,N,N,N,15.483,[6N 22N 26N 3Y ],14.3777,0.0714
Y,Y,N,N,N,N,N,Y,N,N,Y,N,N,Y,Y,N,N,N,N,N,N,N,N,Y,Y,Y,N,Y,Y,N,N,Y,N,Y,Y,Y,N,N,N,13.646,[6N 22N 26Y 10N ],13.6667,0.0015
Y,N,N,N,N,N,N,Y,Y,N,Y,N,N,Y,N,N,Y,N,N,N,N,N,N,Y,Y,N,Y,Y,Y,N,N,Y,Y,N,Y,Y,N,N,N,13.260,[6N 22N 26N 3N ],14.9307,0.1260
Y,N,N,N,N,N,N,Y,N,N,Y,N,N,Y,N,Y,N,N,N,N,N,N,N,Y,Y,N,Y,Y,Y,N,N,Y,N,Y,Y,N,N,Y,N,15.103,[6N 22N 26N 3N ],14.9307,0.0114
Y,N,Y,Y,N,N,N,Y,N,N,Y,N,N,Y,N,Y,N,N,N,N,N,N,N,Y,Y,Y,N,Y,Y,N,N,Y,Y,N,Y,N,N,N,Y,13.668,[6N 22N 26Y 10N ],13.6667,0.0001
Y,N,Y,N,N,N,Y,Y,N,N,Y,N,N,Y,N,Y,N,N,N,Y,N,N,N,Y,Y,N,Y,Y,Y,N,N,Y,Y,N,Y,Y,N,N,N,13.731,[6N 22N 26N 3Y ],14.3777,0.0471
Y,N,N,N,N,N,N,Y,N,Y,Y,N,N,Y,N,N,N,N,N,N,N,N,N,Y,Y,N,Y,Y,Y,N,N,Y,Y,N,Y,Y,N,N,N,14.318,[6N 22N 26N 3N ],14.9307,0.0428
Y,Y,Y,N,N,N,Y,Y,Y,Y,Y,Y,Y,Y,Y,Y,Y,N,Y,Y,Y,Y,Y,Y,Y,Y,N,Y,N,Y,N,Y,Y,N,Y,Y,N,N,N,13.087,[6N 22Y 29N ],13.7242,0.0487
Y,N,N,N,N,N,N,Y,N,N,Y,Y,N,Y,N,N,N,N,N,N,Y,N,N,Y,Y,N,Y,Y,Y,N,N,Y,Y,N,Y,N,N,Y,N,14.714,[6N 22N 26N 3N ],14.9307,0.0147
Y,N,Y,N,N,Y,N,Y,N,N,Y,N,N,Y,N,Y,N,Y,N,N,N,N,N,Y,Y,N,Y,Y,Y,N,N,Y,Y,N,Y,Y,N,N,N,13.135,[6Y ],15.0588,0.1465
Y,Y,Y,N,N,Y,N,Y,N,Y,Y,N,N,Y,N,N,N,N,N,N,N,N,N,Y,Y,Y,N,Y,Y,N,N,Y,Y,N,Y,Y,N,N,N,16.286,[6Y ],15.0588,0.0754
N,N,N,N,N,N,Y,N,N,N,N,N,N,N,N,N,N,N,N,N,N,N,N,N,N,Y,N,N,Y,N,N,N,Y,N,Y,Y,N,N,N,13.440,[6N 22N 26Y 10N ],13.6667,0.0169
Y,Y,Y,Y,N,N,N,Y,Y,N,Y,Y,Y,Y,Y,Y,Y,Y,Y,Y,Y,Y,Y,Y,Y,Y,N,Y,N,N,Y,Y,Y,N,Y,N,N,Y,N,13.403,[6N 22Y 29N ],13.7242,0.0240
Y,N,Y,Y,N,N,N,Y,N,N,Y,N,N,Y,N,N,Y,N,N,N,N,Y,N,Y,Y,N,Y,Y,Y,N,N,Y,Y,N,Y,Y,N,N,N,14.041,[6N 22Y 29Y ],13.8765,0.0117
Y,N,Y,N,Y,N,N,Y,N,N,Y,N,N,Y,N,N,Y,N,N,N,Y,N,N,Y,Y,Y,N,Y,Y,N,N,Y,Y,N,Y,Y,N,N,N,15.749,[6N 22N 26Y 10N ],13.6667,0.1322
Y,Y,N,N,N,N,N,Y,N,N,Y,N,N,Y,N,N,N,N,Y,N,N,N,N,Y,Y,N,Y,Y,Y,N,N,Y,Y,N,Y,N,Y,N,N,13.892,[6N 22N 26N 3N ],14.9307,0.0748
Y,Y,N,N,N,N,N,Y,N,N,Y,N,N,Y,N,N,N,Y,N,N,N,N,N,Y,Y,Y,N,Y,Y,N,N,Y,Y,N,Y,N,N,Y,N,13.275,[6N 22N 26Y 10N ],13.6667,0.0295
Y,N,N,N,N,N,N,Y,N,N,Y,N,N,Y,Y,N,N,N,N,N,Y,N,N,Y,Y,N,Y,Y,Y,N,N,Y,Y,N,Y,N,N,N,Y,15.273,[6N 22N 26N 3N ],14.9307,0.0224
Y,N,Y,N,Y,N,N,Y,N,N,Y,N,N,Y,N,Y,N,N,N,N,N,N,Y,Y,Y,N,Y,Y,Y,N,N,Y,Y,N,Y,Y,N,N,N,14.615,[6N 22N 26N 3Y ],14.3777,0.0162
Y,N,Y,N,Y,N,N,Y,N,N,Y,N,N,Y,Y,N,N,Y,N,N,N,N,N,Y,Y,Y,N,Y,Y,N,N,Y,Y,N,Y,Y,N,N,N,15.597,[6N 22N 26Y 10N ],13.6667,0.1238
Y,N,N,N,N,N,N,Y,N,N,Y,N,N,Y,N,N,N,N,N,Y,N,N,Y,Y,Y,N,Y,Y,Y,N,N,Y,Y,N,Y,N,Y,N,N,14.512,[6N 22N 26N 3N ],14.9307,0.0288
Y,N,Y,N,N,Y,N,Y,N,Y,Y,N,N,Y,N,N,N,Y,N,N,N,N,N,Y,Y,Y,N,Y,Y,N,N,Y,Y,N,Y,Y,N,N,N,16.217,[6Y ],15.0588,0.0714
Y,N,N,N,N,N,N,Y,N,N,Y,Y,N,Y,N,N,N,N,N,N,N,N,Y,Y,Y,N,Y,Y,Y,N,N,Y,Y,N,Y,N,N,N,Y,14.832,[6N 22N 26N 3N ],14.9307,0.0067
Y,N,Y,N,N,Y,N,Y,N,N,Y,N,N,Y,N,Y,N,N,N,N,N,N,N,Y,Y,Y,N,Y,Y,N,N,Y,Y,N,Y,N,N,N,Y,16.444,[6Y ],15.0588,0.0842
Y,N,N,N,N,N,N,Y,N,N,Y,Y,N,Y,N,N,N,N,N,N,N,N,N,Y,Y,N,Y,Y,Y,N,N,Y,Y,N,Y,Y,N,N,N,14.790,[6N 22N 26N 3N ],14.9307,0.0095
Y,N,N,N,N,N,N,Y,N,N,Y,N,N,Y,N,N,N,Y,N,N,Y,N,N,Y,Y,Y,N,Y,Y,N,N,Y,Y,N,Y,N,N,Y,N,13.482,[6N 22N 26Y 10N ],13.6667,0.0137
Y,N,N,N,N,N,N,Y,N,Y,Y,N,N,Y,Y,N,N,N,N,N,N,N,N,Y,Y,Y,N,Y,Y,N,N,Y,Y,N,Y,N,Y,N,N,14.175,[6N 22N 26Y 10Y ],14.5610,0.0272
Y,N,N,N,N,N,N,Y,N,N,Y,Y,N,Y,N,Y,N,Y,N,N,N,N,N,Y,Y,N,Y,Y,Y,N,N,Y,Y,N,Y,Y,N,N,N,14.934,[6N 22N 26N 3N ],14.9307,0.0002
Y,N,Y,N,N,Y,N,Y,N,N,Y,N,N,Y,N,N,N,N,N,N,N,N,Y,Y,Y,Y,N,Y,N,Y,N,Y,Y,N,Y,Y,N,N,N,15.945,[6Y ],15.0588,0.0556
Y,Y,Y,Y,N,N,N,Y,Y,N,Y,N,N,Y,N,N,N,N,N,N,N,N,N,Y,Y,N,Y,Y,Y,N,N,Y,Y,N,Y,Y,N,N,N,13.037,[6N 22N 26N 3Y ],14.3777,0.1028
Y,Y,Y,N,Y,N,N,Y,Y,Y,Y,N,Y,Y,Y,Y,Y,Y,Y,Y,Y,Y,Y,Y,Y,Y,N,Y,N,N,Y,Y,Y,N,Y,N,N,Y,N,14.688,[6N 22Y 29N ],13.7242,0.0656
Y,N,N,N,N,N,N,Y,N,N,Y,Y,N,Y,N,N,N,N,N,N,N,Y,Y,Y,Y,Y,N,Y,Y,N,N,Y,Y,N,Y,Y,N,N,N,15.072,[6N 22Y 29Y ],13.8765,0.0793
Y,N,Y,N,Y,N,N,Y,N,N,Y,N,N,Y,Y,N,N,N,N,N,N,N,N,Y,Y,N,Y,Y,N,N,Y,Y,Y,N,Y,Y,N,N,N,14.295,[6N 22N 26N 3Y ],14.3777,0.0058
Y,Y,Y,N,Y,N,N,Y,Y,Y,Y,N,Y,Y,Y,Y,Y,Y,Y,Y,Y,Y,Y,Y,Y,N,Y,Y,N,Y,N,Y,Y,N,Y,N,Y,N,N,14.270,[6N 22Y 29N ],13.7242,0.0382
Y,Y,Y,N,Y,N,N,Y,Y,Y,Y,Y,Y,Y,Y,Y,Y,Y,Y,N,Y,Y,Y,Y,Y,N,Y,Y,N,Y,N,Y,N,Y,Y,N,N,N,Y,13.506,[6N 22Y 29N ],13.7242,0.0162
Y,N,N,N,N,N,N,Y,N,N,Y,N,N,Y,N,N,N,N,Y,N,Y,N,N,Y,Y,Y,N,Y,Y,N,N,Y,Y,N,Y,N,N,N,Y,13.215,[6N 22N 26Y 10N ],13.6667,0.0342
Y,Y,N,N,N,N,N,Y,Y,Y,Y,Y,Y,Y,Y,Y,Y,Y,Y,Y,Y,Y,Y,Y,Y,Y,N,Y,N,N,Y,Y,N,Y,Y,Y,N,N,N,14.506,[6N 22Y 29N ],13.7242,0.0539
Y,Y,Y,N,N,N,Y,Y,Y,Y,Y,Y,Y,Y,Y,Y,Y,Y,Y,Y,Y,Y,Y,Y,Y,Y,N,Y,N,N,Y,Y,Y,N,Y,N,N,Y,N,15.234,[6N 22Y 29N ],13.7242,0.0991
Y,N,Y,N,N,N,Y,Y,Y,N,Y,N,N,Y,N,N,N,N,N,N,N,N,Y,Y,Y,Y,N,Y,Y,N,N,Y,Y,N,Y,Y,N,N,N,15.942,[6N 22N 26Y 10N ],13.6667,0.1427
Y,N,N,N,N,N,N,Y,N,Y,Y,N,N,Y,Y,N,N,N,N,N,N,N,Y,Y,Y,N,Y,Y,Y,N,N,Y,Y,N,Y,Y,N,N,N,14.114,[6N 22N 26N 3N ],14.9307,0.0579
Y,Y,Y,N,N,N,Y,Y,Y,Y,Y,Y,Y,Y,Y,Y,Y,Y,Y,N,Y,Y,Y,Y,Y,Y,N,Y,N,N,Y,Y,Y,N,Y,N,Y,N,N,13.041,[6N 22Y 29N ],13.7242,0.0524
Y,Y,N,N,N,N,N,Y,Y,N,Y,N,N,Y,N,N,N,N,N,N,Y,N,N,Y,Y,Y,N,Y,Y,N,N,Y,Y,N,Y,Y,N,N,N,13.071,[6N 22N 26Y 10N ],13.6667,0.0456
Y,N,N,N,N,N,N,Y,N,N,Y,N,Y,Y,N,N,N,N,N,N,N,N,Y,Y,Y,N,Y,Y,Y,N,N,Y,Y,N,Y,N,N,Y,N,13.924,[6N 22N 26N 3N ],14.9307,0.0723
Y,N,N,N,N,N,N,Y,N,Y,Y,N,N,Y,N,N,N,Y,N,N,N,Y,N,Y,Y,Y,N,Y,Y,N,N,Y,Y,N,Y,Y,N,N,N,13.794,[6N 22Y 29Y ],13.8765,0.0060
Y,N,N,N,N,N,N,Y,N,N,Y,N,Y,Y,N,N,N,N,Y,N,N,N,Y,Y,Y,Y,N,Y,Y,N,N,Y,Y,N,Y,Y,N,N,N,13.921,[6N 22N 26Y 10N ],13.6667,0.0183
Y,N,Y,N,N,Y,N,Y,N,Y,Y,N,N,Y,N,N,N,N,N,N,N,N,N,Y,Y,N,Y,Y,Y,N,N,Y,N,Y,Y,Y,N,N,N,15.135,[6Y ],15.0588,0.0050
Y,Y,N,N,N,N,N,Y,N,N,Y,Y,N,Y,N,Y,N,N,N,N,N,N,N,Y,Y,Y,N,Y,Y,N,N,Y,Y,N,Y,Y,N,N,N,15.049,[6N 22N 26Y 10N ],13.6667,0.0919
Y,N,Y,N,N,Y,N,Y,N,N,Y,N,N,Y,N,N,N,N,Y,N,N,N,N,Y,Y,Y,N,Y,Y,N,N,Y,Y,N,Y,N,N,Y,N,16.284,[6Y ],15.0588,0.0752
Y,Y,Y,N,Y,N,N,Y,Y,Y,Y,Y,Y,Y,Y,Y,Y,Y,N,Y,Y,Y,Y,Y,Y,Y,N,Y,Y,N,N,Y,Y,N,Y,N,N,Y,N,14.437,[6N 22Y 29Y ],13.8765,0.0388
Y,N,Y,N,N,Y,N,Y,N,N,Y,N,N,Y,N,Y,N,N,N,N,N,N,N,Y,Y,Y,N,Y,Y,N,N,Y,Y,N,Y,N,N,Y,N,15.914,[6Y ],15.0588,0.0537
Y,N,N,N,N,N,N,Y,N,N,Y,Y,N,Y,Y,N,Y,N,N,N,N,N,N,Y,Y,Y,N,Y,Y,N,N,Y,Y,N,Y,Y,N,N,N,14.823,[6N 22N 26Y 10N ],13.6667,0.0780
Y,N,Y,Y,N,N,N,Y,N,N,Y,N,N,Y,N,N,N,N,N,Y,N,N,N,Y,Y,Y,N,Y,Y,N,N,Y,Y,N,Y,N,N,Y,N,13.377,[6N 22N 26Y 10N ],13.6667,0.0217
Y,N,N,N,N,N,N,Y,N,N,Y,N,N,Y,N,N,N,N,N,N,N,Y,N,Y,Y,Y,N,Y,N,N,Y,Y,Y,N,Y,N,N,Y,N,14.000,[6N 22Y 29N ],13.7242,0.0197
Y,Y,Y,N,N,N,Y,Y,Y,N,Y,Y,Y,Y,Y,Y,Y,Y,Y,Y,Y,Y,Y,Y,Y,Y,N,Y,N,N,Y,Y,Y,N,Y,Y,N,N,N,14.341,[6N 22Y 29N ],13.7242,0.0430
Y,N,N,N,N,N,N,Y,N,Y,Y,N,N,Y,N,N,Y,N,N,N,N,N,N,Y,Y,Y,N,Y,Y,N,N,Y,N,Y,Y,Y,N,N,N,14.437,[6N 22N 26Y 10Y ],14.5610,0.0086
Y,N,Y,Y,N,N,N,Y,N,N,Y,N,N,Y,N,N,Y,N,N,N,N,Y,N,Y,Y,Y,N,Y,Y,N,N,Y,Y,N,Y,Y,N,N,N,13.801,[6N 22Y 29Y ],13.8765,0.0055
Y,N,N,N,N,N,N,Y,N,N,Y,N,Y,Y,N,N,N,Y,N,Y,N,N,N,Y,Y,N,Y,Y,Y,N,N,Y,Y,N,Y,Y,N,N,N,13.000,[6N 22N 26N 3N ],14.9307,0.1485
Y,N,N,N,N,N,N,Y,N,N,Y,N,N,Y,N,N,Y,N,N,N,N,N,Y,Y,Y,N,Y,Y,Y,N,N,Y,Y,N,Y,Y,N,N,N,13.566,[6N 22N 26N 3N ],14.9307,0.1006
Y,N,Y,N,N,N,Y,Y,N,N,Y,N,N,Y,N,N,N,N,N,Y,N,Y,N,Y,Y,Y,N,Y,Y,N,N,Y,Y,N,Y,Y,N,N,N,16.288,[6N 22Y 29Y ],13.8765,0.1481
Y,Y,Y,Y,N,N,N,Y,N,N,Y,N,N,Y,N,N,N,N,N,Y,N,N,N,Y,Y,Y,N,Y,Y,N,N,Y,Y,N,Y,Y,N,N,N,13.807,[6N 22N 26Y 10N ],13.6667,0.0102
Y,N,Y,N,N,N,Y,Y,N,N,Y,N,N,Y,N,N,N,N,N,Y,N,N,N,Y,Y,Y,N,Y,Y,N,N,Y,Y,N,Y,N,N,N,Y,16.533,[6N 22N 26Y 10N ],13.6667,0.1734
Y,Y,N,N,N,N,N,Y,N,Y,Y,N,N,Y,N,N,N,N,N,N,N,N,N,Y,Y,N,Y,Y,N,Y,N,Y,Y,N,Y,Y,N,N,N,14.642,[6N 22N 26N 3N ],14.9307,0.0197
Y,N,N,N,N,N,N,Y,N,N,Y,N,N,Y,N,N,N,N,N,Y,N,N,Y,Y,Y,Y,N,Y,Y,N,N,Y,Y,N,Y,N,N,Y,N,13.424,[6N 22N 26Y 10N ],13.6667,0.0181
Y,N,N,N,N,N,N,Y,N,N,Y,N,N,Y,N,N,Y,N,N,Y,N,N,N,Y,Y,N,Y,Y,N,N,Y,Y,Y,N,Y,Y,N,N,N,15.234,[6N 22N 26N 3N ],14.9307,0.0199
Y,N,Y,N,N,N,Y,Y,N,N,Y,N,N,Y,N,N,Y,N,N,N,N,Y,N,Y,Y,Y,N,Y,Y,N,N,Y,Y,N,Y,Y,N,N,N,16.143,[6N 22Y 29Y ],13.8765,0.1404
Y,N,Y,N,N,N,Y,Y,Y,Y,Y,Y,Y,Y,Y,Y,Y,Y,Y,Y,Y,Y,Y,Y,Y,Y,N,Y,N,N,Y,Y,Y,N,Y,N,Y,N,N,14.406,[6N 22Y 29N ],13.7242,0.0473
Y,N,N,N,N,N,N,Y,Y,N,Y,N,N,Y,N,N,N,N,N,N,N,N,N,Y,Y,Y,N,Y,Y,N,N,Y,Y,N,Y,Y,N,N,N,13.711,[6N 22N 26Y 10N ],13.6667,0.0032
Y,N,Y,Y,N,N,N,Y,N,N,Y,N,N,Y,N,N,N,N,N,N,N,N,N,Y,Y,N,Y,Y,Y,N,N,Y,Y,N,Y,N,N,N,Y,15.147,[6N 22N 26N 3Y ],14.3777,0.0508
Y,N,Y,N,N,N,Y,Y,N,N,Y,N,N,Y,N,N,N,N,N,N,N,N,Y,Y,Y,Y,N,Y,N,N,Y,Y,Y,N,Y,Y,N,N,N,15.009,[6N 22N 26Y 10N ],13.6667,0.0894
Y,N,Y,Y,N,N,N,Y,N,N,Y,Y,N,Y,N,N,N,N,N,N,N,N,N,Y,Y,Y,N,Y,Y,N,N,Y,Y,N,Y,Y,N,N,N,14.728,[6N 22N 26Y 10N ],13.6667,0.0721
Y,N,Y,N,N,Y,N,Y,N,N,Y,N,N,Y,N,N,N,Y,N,N,N,N,N,Y,Y,N,Y,Y,N,Y,N,Y,Y,N,Y,Y,N,N,N,14.126,[6Y ],15.0588,0.0660
Y,N,N,N,N,N,N,Y,N,N,Y,Y,N,Y,N,N,N,Y,N,N,N,N,N,Y,Y,N,Y,Y,Y,N,N,Y,Y,N,Y,N,Y,N,N,14.792,[6N 22N 26N 3N ],14.9307,0.0094
Y,Y,N,N,N,N,N,Y,N,N,Y,N,N,Y,N,N,N,Y,N,N,N,N,N,Y,Y,Y,N,Y,Y,N,N,Y,Y,N,Y,Y,N,N,N,14.218,[6N 22N 26Y 10N ],13.6667,0.0388
Y,N,Y,N,N,N,Y,Y,N,N,Y,N,N,Y,Y,N,N,N,N,N,N,N,N,Y,Y,Y,N,Y,Y,N,N,Y,Y,N,Y,N,N,N,Y,16.354,[6N 22N 26Y 10N ],13.6667,0.1643
Y,N,N,N,N,N,N,Y,N,N,Y,N,N,Y,N,N,N,Y,N,N,N,N,N,Y,Y,Y,N,Y,Y,N,N,Y,Y,N,Y,N,N,N,Y,14.508,[6N 22N 26Y 10N ],13.6667,0.0580
Y,N,N,N,N,N,N,Y,N,N,Y,N,Y,Y,N,N,Y,N,N,N,N,N,N,Y,Y,N,Y,Y,Y,N,N,Y,Y,N,Y,Y,N,N,N,13.863,[6N 22N 26N 3N ],14.9307,0.0770
Y,N,N,N,N,N,N,Y,N,Y,Y,N,N,Y,N,N,N,Y,Y,N,N,N,N,Y,Y,N,Y,Y,Y,N,N,Y,Y,N,Y,Y,N,N,N,16.368,[6N 22N 26N 3N ],14.9307,0.0878
Y,N,N,N,N,N,N,Y,N,Y,Y,N,N,Y,Y,N,N,N,N,N,Y,N,N,Y,Y,N,Y,Y,Y,N,N,Y,Y,N,Y,Y,N,N,N,14.164,[6N 22N 26N 3N ],14.9307,0.0541
Y,N,Y,N,N,N,Y,Y,N,N,Y,N,N,Y,N,N,N,N,N,N,N,N,N,Y,Y,N,Y,Y,Y,N,N,Y,N,Y,Y,N,N,N,Y,15.047,[6N 22N 26N 3Y ],14.3777,0.0445
Y,N,Y,N,N,N,Y,Y,N,N,Y,Y,Y,Y,N,N,N,N,N,N,N,N,N,Y,Y,N,Y,Y,Y,N,N,Y,Y,N,Y,Y,N,N,N,14.265,[6N 22N 26N 3Y ],14.3777,0.0079
Y,N,Y,N,N,Y,N,Y,Y,N,Y,N,N,Y,N,N,N,N,N,N,N,N,N,Y,Y,Y,N,Y,N,N,Y,Y,Y,N,Y,Y,N,N,N,15.921,[6Y ],15.0588,0.0542
Y,N,Y,Y,N,N,N,Y,Y,N,Y,N,N,Y,N,N,N,N,N,N,N,N,N,Y,Y,N,Y,Y,N,Y,N,Y,Y,N,Y,Y,N,N,N,13.632,[6N 22N 26N 3Y ],14.3777,0.0547
Y,N,Y,N,Y,N,N,Y,N,N,Y,N,N,Y,N,N,N,N,Y,N,N,N,N,Y,Y,Y,N,Y,Y,N,N,Y,Y,N,Y,N,N,Y,N,16.097,[6N 22N 26Y 10N ],13.6667,0.1510
Y,N,Y,Y,N,N,N,Y,N,N,Y,N,N,Y,N,Y,N,N,N,N,N,N,N,Y,Y,Y,N,Y,Y,N,N,Y,Y,N,Y,N,N,Y,N,13.810,[6N 22N 26Y 10N ],13.6667,0.0104
Y,N,N,N,N,N,N,Y,N,Y,Y,N,N,Y,N,N,N,N,N,N,N,N,Y,Y,Y,Y,N,Y,N,N,Y,Y,Y,N,Y,Y,N,N,N,13.609,[6N 22N 26Y 10Y ],14.5610,0.0700
Y,N,Y,N,Y,N,N,Y,N,Y,Y,N,N,Y,N,N,N,Y,N,N,N,N,N,Y,Y,N,Y,Y,Y,N,N,Y,Y,N,Y,Y,N,N,N,16.115,[6N 22N 26N 3Y ],14.3777,0.1078
Y,N,Y,N,N,Y,N,Y,N,Y,Y,N,N,Y,N,N,Y,N,N,N,N,N,N,Y,Y,N,Y,Y,Y,N,N,Y,Y,N,Y,Y,N,N,N,14.924,[6Y ],15.0588,0.0090
Y,Y,Y,N,N,N,Y,Y,Y,Y,Y,Y,Y,Y,Y,Y,Y,Y,Y,Y,Y,N,Y,Y,Y,Y,N,Y,N,Y,N,Y,Y,N,Y,Y,N,N,N,13.173,[6N 22N 26Y 10Y ],14.5610,0.1054
Y,N,Y,Y,N,N,N,Y,N,N,Y,N,N,Y,N,N,N,N,N,Y,Y,N,N,Y,Y,N,Y,Y,Y,N,N,Y,Y,N,Y,Y,N,N,N,13.979,[6N 22N 26N 3Y ],14.3777,0.0285
Y,N,N,N,N,N,N,Y,N,N,Y,N,N,Y,N,Y,N,N,N,N,Y,N,N,Y,Y,Y,N,Y,N,Y,N,Y,Y,N,Y,Y,N,N,N,14.374,[6N 22N 26Y 10N ],13.6667,0.0492
Y,N,Y,Y,N,N,N,Y,N,Y,Y,N,N,Y,N,N,N,N,N,N,Y,N,N,Y,Y,Y,N,Y,Y,N,N,Y,Y,N,Y,Y,N,N,N,13.969,[6N 22N 26Y 10Y ],14.5610,0.0424
Y,Y,Y,N,N,Y,N,Y,N,N,Y,N,N,Y,N,N,N,N,N,N,N,N,N,Y,Y,Y,N,Y,Y,N,N,Y,Y,N,Y,N,Y,N,N,16.202,[6Y ],15.0588,0.0706
Y,N,N,N,N,N,N,Y,N,N,Y,N,N,Y,N,N,N,Y,N,N,Y,N,N,Y,Y,N,Y,Y,Y,N,N,Y,Y,N,Y,Y,N,N,N,13.764,[6N 22N 26N 3N ],14.9307,0.0848
Y,N,Y,N,Y,N,N,Y,N,N,Y,N,N,Y,N,N,N,N,N,N,N,N,N,Y,Y,N,Y,Y,N,Y,N,Y,Y,N,Y,Y,N,N,N,15.400,[6N 22N 26N 3Y ],14.3777,0.0664
Y,N,Y,N,N,N,Y,Y,Y,Y,Y,Y,Y,Y,Y,Y,Y,Y,Y,Y,Y,Y,Y,Y,Y,Y,N,Y,N,N,Y,Y,N,Y,Y,Y,N,N,N,14.194,[6N 22Y 29N ],13.7242,0.0331
Y,N,Y,N,N,N,Y,Y,N,N,Y,N,Y,Y,N,N,N,N,N,N,N,N,N,Y,Y,Y,N,Y,N,N,Y,Y,Y,N,Y,Y,N,N,N,15.379,[6N 22N 26Y 10N ],13.6667,0.1113
Y,N,Y,N,N,N,Y,Y,N,Y,Y,N,N,Y,N,N,Y,N,N,N,N,N,N,Y,Y,Y,N,Y,Y,N,N,Y,Y,N,Y,Y,N,N,N,15.461,[6N 22N 26Y 10Y ],14.5610,0.0582
Y,Y,Y,N,Y,N,N,Y,Y,Y,Y,Y,Y,Y,Y,Y,Y,Y,Y,Y,Y,Y,Y,Y,Y,N,Y,Y,N,Y,N,Y,Y,N,Y,N,N,Y,N,14.909,[6N 22Y 29N ],13.7242,0.0795
Y,N,N,N,N,N,N,Y,N,Y,Y,N,N,Y,N,N,N,N,Y,N,N,Y,N,Y,Y,N,Y,Y,Y,N,N,Y,Y,N,Y,Y,N,N,N,13.689,[6N 22Y 29Y ],13.8765,0.0137
Y,N,N,N,N,N,N,Y,N,N,Y,N,N,Y,Y,N,Y,N,N,N,N,N,N,Y,Y,Y,N,Y,N,Y,N,Y,Y,N,Y,Y,N,N,N,14.453,[6N 22N 26Y 10N ],13.6667,0.0544
Y,N,N,N,N,N,N,Y,N,N,Y,N,N,Y,N,N,N,N,Y,N,Y,N,N,Y,Y,Y,N,Y,N,Y,N,Y,Y,N,Y,Y,N,N,N,13.793,[6N 22N 26Y 10N ],13.6667,0.0092
Y,N,N,N,N,N,N,Y,N,N,Y,Y,N,Y,N,N,N,N,N,N,N,N,N,Y,Y,N,Y,Y,N,Y,N,Y,Y,N,Y,N,N,N,Y,14.224,[6N 22N 26N 3N ],14.9307,0.0497
Y,N,Y,Y,N,N,N,Y,N,N,Y,N,N,Y,N,Y,N,N,N,N,N,N,N,Y,Y,N,Y,Y,Y,N,N,Y,Y,N,Y,N,Y,N,N,13.351,[6N 22N 26N 3Y ],14.3777,0.0769
Y,N,Y,N,Y,N,N,Y,N,N,Y,N,N,Y,N,N,N,N,N,N,N,N,N,Y,Y,Y,N,Y,Y,N,N,Y,Y,N,Y,N,N,Y,N,14.651,[6N 22N 26Y 10N ],13.6667,0.0672
Y,N,Y,N,N,Y,N,Y,N,N,Y,N,N,Y,N,N,N,N,N,N,N,N,N,Y,Y,N,Y,Y,Y,N,N,Y,Y,N,Y,N,Y,N,N,14.572,[6Y ],15.0588,0.0334
Y,N,Y,N,Y,N,N,Y,N,N,Y,N,N,Y,N,Y,N,N,N,N,N,Y,N,Y,Y,N,Y,Y,Y,N,N,Y,Y,N,Y,Y,N,N,N,14.581,[6N 22Y 29Y ],13.8765,0.0483
Y,N,Y,N,N,Y,N,Y,N,N,Y,N,N,Y,N,N,N,N,N,N,N,N,N,Y,Y,Y,N,Y,N,Y,N,Y,Y,N,Y,N,N,Y,N,14.858,[6Y ],15.0588,0.0135
Y,Y,Y,Y,N,N,N,Y,Y,Y,Y,Y,Y,Y,Y,Y,Y,Y,Y,N,Y,Y,Y,Y,Y,Y,N,Y,N,N,Y,Y,Y,N,Y,Y,N,N,N,13.507,[6N 22Y 29N ],13.7242,0.0161
Y,N,Y,N,N,Y,N,Y,N,N,Y,N,N,Y,Y,N,N,N,N,N,Y,N,N,Y,Y,Y,N,Y,Y,N,N,Y,Y,N,Y,Y,N,N,N,15.913,[6Y ],15.0588,0.0537
Y,N,N,N,N,N,N,Y,N,N,Y,N,Y,Y,N,N,N,N,N,N,Y,N,N,Y,Y,N,Y,Y,N,N,Y,Y,Y,N,Y,Y,N,N,N,15.083,[6N 22N 26N 3N ],14.9307,0.0101
Y,N,Y,N,Y,N,N,Y,N,N,Y,N,N,Y,N,N,N,N,Y,Y,N,N,N,Y,Y,Y,N,Y,Y,N,N,Y,Y,N,Y,Y,N,N,N,15.961,[6N 22N 26Y 10N ],13.6667,0.1437
Y,N,N,N,N,N,N,Y,N,N,Y,N,N,Y,N,N,N,N,Y,N,N,Y,N,Y,Y,N,Y,Y,N,N,Y,Y,Y,N,Y,Y,N,N,N,14.135,[6N 22Y 29N ],13.7242,0.0291
Y,N,N,N,N,N,N,Y,N,N,Y,N,N,Y,Y,N,N,N,N,N,N,N,N,Y,Y,N,Y,Y,N,N,Y,Y,Y,N,Y,N,Y,N,N,14.697,[6N 22N 26N 3N ],14.9307,0.0159
Y,N,Y,N,N,Y,N,Y,N,N,Y,N,N,Y,N,N,N,N,N,Y,N,N,N,Y,Y,Y,N,Y,N,N,Y,Y,Y,N,Y,Y,N,N,N,15.659,[6Y ],15.0588,0.0383
Y,N,N,N,N,N,N,Y,N,N,Y,N,N,Y,N,Y,N,N,N,N,N,N,Y,Y,Y,Y,N,Y,N,N,Y,Y,Y,N,Y,Y,N,N,N,14.692,[6N 22N 26Y 10N ],13.6667,0.0698
Y,N,Y,N,N,Y,N,Y,N,N,Y,N,N,Y,N,N,N,N,N,N,Y,N,N,Y,Y,N,Y,Y,Y,N,N,Y,Y,N,Y,N,N,Y,N,15.140,[6Y ],15.0588,0.0054
Y,N,Y,Y,N,N,N,Y,N,N,Y,N,N,Y,N,N,N,N,N,N,N,N,N,Y,Y,N,Y,Y,N,Y,N,Y,Y,N,Y,Y,N,N,N,15.523,[6N 22N 26N 3Y ],14.3777,0.0738
Y,N,N,N,N,N,N,Y,N,N,Y,N,N,Y,N,N,Y,N,N,N,N,N,Y,Y,Y,Y,N,Y,N,Y,N,Y,Y,N,Y,Y,N,N,N,14.446,[6N 22N 26Y 10N ],13.6667,0.0539
Y,N,N,N,N,N,N,Y,Y,Y,Y,N,N,Y,N,N,N,N,N,N,N,N,N,Y,Y,Y,N,Y,Y,N,N,Y,Y,N,Y,Y,N,N,N,14.902,[6N 22N 26Y 10Y ],14.5610,0.0229
Y,N,N,N,N,N,N,Y,Y,N,Y,N,N,Y,N,Y,N,N,Y,N,N,N,N,Y,Y,Y,N,Y,Y,N,N,Y,Y,N,Y,Y,N,N,N,14.249,[6N 22N 26Y 10N ],13.6667,0.0409
Y,N,Y,Y,N,N,N,Y,N,N,Y,N,N,Y,N,N,N,N,N,Y,N,Y,N,Y,Y,N,Y,Y,Y,N,N,Y,Y,N,Y,Y,N,N,N,14.850,[6N 22Y 29Y ],13.8765,0.0656
Y,N,Y,N,N,N,Y,Y,N,N,Y,N,Y,Y,N,N,N,N,N,N,N,N,Y,Y,Y,N,Y,Y,Y,N,N,Y,Y,N,Y,Y,N,N,N,13.838,[6N 22N 26N 3Y ],14.3777,0.0390
Y,Y,N,N,N,N,N,Y,N,N,Y,Y,N,Y,N,N,N,N,N,N,N,N,N,Y,Y,N,Y,Y,Y,N,N,Y,Y,N,Y,N,Y,N,N,13.390,[6N 22N 26N 3N ],14.9307,0.1151
Y,N,Y,N,N,N,Y,Y,N,N,Y,N,N,Y,N,Y,N,N,N,N,N,N,N,Y,Y,N,Y,Y,Y,N,N,Y,N,Y,Y,Y,N,N,N,14.622,[6N 22N 26N 3Y ],14.3777,0.0167
Y,Y,Y,N,N,Y,N,Y,N,N,Y,N,N,Y,N,N,N,N,N,N,N,Y,N,Y,Y,Y,N,Y,Y,N,N,Y,Y,N,Y,Y,N,N,N,16.474,[6Y ],15.0588,0.0859
Y,N,N,N,N,N,N,Y,N,N,Y,N,N,Y,N,N,Y,N,N,N,N,N,N,Y,Y,N,Y,Y,Y,N,N,Y,N,Y,Y,Y,N,N,N,14.040,[6N 22N 26N 3N ],14.9307,0.0634
Y,N,Y,N,N,Y,N,Y,Y,N,Y,N,N,Y,Y,N,N,N,N,N,N,N,N,Y,Y,Y,N,Y,Y,N,N,Y,Y,N,Y,Y,N,N,N,16.288,[6Y ],15.0588,0.0755
Y,N,N,N,N,N,N,Y,Y,N,Y,N,N,Y,N,N,N,Y,Y,N,N,N,N,Y,Y,Y,N,Y,Y,N,N,Y,Y,N,Y,Y,N,N,N,14.195,[6N 22N 26Y 10N ],13.6667,0.0372
Y,N,N,N,N,N,N,Y,N,N,Y,Y,N,Y,N,Y,N,N,N,Y,N,N,N,Y,Y,Y,N,Y,Y,N,N,Y,Y,N,Y,Y,N,N,N,14.680,[6N 22N 26Y 10N ],13.6667,0.0690
Y,N,N,N,N,N,N,Y,N,N,Y,N,Y,Y,N,N,N,N,N,N,N,Y,N,Y,Y,Y,N,Y,N,N,Y,Y,Y,N,Y,Y,N,N,N,14.005,[6N 22Y 29N ],13.7242,0.0200
Y,N,N,N,N,N,N,Y,N,N,Y,N,N,Y,N,N,N,N,N,N,Y,N,N,Y,Y,N,Y,Y,Y,N,N,Y,Y,N,Y,N,Y,N,N,14.142,[6N 22N 26N 3N ],14.9307,0.0558
Y,N,Y,N,N,N,Y,Y,N,N,Y,N,N,Y,N,N,N,Y,N,N,N,N,N,Y,Y,N,Y,Y,Y,N,N,Y,Y,N,Y,N,Y,N,N,14.163,[6N 22N 26N 3Y ],14.3777,0.0152
Y,N,N,N,N,N,N,Y,N,N,Y,N,N,Y,N,N,N,N,Y,N,N,N,N,Y,Y,Y,N,Y,Y,N,N,Y,N,Y,Y,N,Y,N,N,14.154,[6N 22N 26Y 10N ],13.6667,0.0344
Y,Y,N,N,N,N,N,Y,N,N,Y,Y,N,Y,N,N,N,N,N,N,N,N,Y,Y,Y,N,Y,Y,Y,N,N,Y,Y,N,Y,Y,N,N,N,15.317,[6N 22N 26N 3N ],14.9307,0.0252
Y,N,N,N,N,N,N,Y,N,Y,Y,N,N,Y,N,N,N,N,N,N,N,N,N,Y,Y,Y,N,Y,Y,N,N,Y,N,Y,Y,N,Y,N,N,13.901,[6N 22N 26Y 10Y ],14.5610,0.0475
Y,Y,Y,N,N,Y,N,Y,Y,Y,Y,Y,Y,Y,N,Y,Y,Y,Y,Y,Y,Y,Y,Y,Y,Y,N,Y,N,N,Y,Y,Y,N,Y,Y,N,N,N,14.391,[6Y ],15.0588,0.0464
Y,N,N,N,N,N,N,Y,N,N,Y,N,N,Y,Y,N,N,Y,N,N,N,N,N,Y,Y,N,Y,Y,N,Y,N,Y,Y,N,Y,Y,N,N,N,15.257,[6N 22N 26N 3N ],14.9307,0.0214
Y,N,N,N,N,N,N,Y,N,N,Y,N,Y,Y,N,N,Y,N,N,N,Y,N,N,Y,Y,Y,N,Y,Y,N,N,Y,Y,N,Y,Y,N,N,N,13.759,[6N 22N 26Y 10N ],13.6667,0.0067
Y,N,N,N,N,N,N,Y,Y,N,Y,N,Y,Y,N,N,N,N,N,N,N,N,N,Y,Y,N,Y,Y,Y,N,N,Y,Y,N,Y,N,N,N,Y,14.810,[6N 22N 26N 3N ],14.9307,0.0081
Y,N,N,N,N,N,N,Y,N,N,Y,Y,N,Y,N,N,N,N,N,N,N,Y,N,Y,Y,N,Y,Y,Y,N,N,Y,N,Y,Y,Y,N,N,N,15.462,[6N 22Y 29Y ],13.8765,0.1025
Y,N,N,N,N,N,N,Y,N,N,Y,N,Y,Y,Y,N,N,N,N,N,Y,N,N,Y,Y,Y,N,Y,Y,N,N,Y,Y,N,Y,Y,N,N,N,15.595,[6N 22N 26Y 10N ],13.6667,0.1237
Y,Y,N,N,N,N,N,Y,N,N,Y,N,N,Y,N,N,N,N,N,N,N,N,N,Y,Y,N,Y,Y,N,N,Y,Y,Y,N,Y,N,N,Y,N,15.010,[6N 22N 26N 3N ],14.9307,0.0053
Y,N,N,N,N,N,N,Y,Y,Y,Y,N,N,Y,N,N,N,N,N,N,N,N,N,Y,Y,Y,N,Y,N,N,Y,Y,Y,N,Y,Y,N,N,N,14.108,[6N 22N 26Y 10Y ],14.5610,0.0321
Y,N,Y,N,N,Y,N,Y,N,N,Y,N,Y,Y,N,N,N,N,N,N,N,N,N,Y,Y,N,Y,Y,Y,N,N,Y,Y,N,Y,N,Y,N,N,15.088,[6Y ],15.0588,0.0019
Y,N,Y,N,N,Y,N,Y,N,N,Y,N,N,Y,N,N,Y,N,N,N,N,N,N,Y,Y,N,Y,Y,Y,N,N,Y,Y,N,Y,N,N,Y,N,14.806,[6Y ],15.0588,0.0171
Y,N,N,N,N,N,N,Y,N,Y,Y,Y,N,Y,N,N,N,N,N,N,Y,N,N,Y,Y,Y,N,Y,Y,N,N,Y,Y,N,Y,Y,N,N,N,15.515,[6N 22N 26Y 10Y ],14.5610,0.0615
Y,N,N,N,N,N,N,Y,N,N,Y,Y,N,Y,N,N,N,Y,N,N,N,N,N,Y,Y,N,Y,Y,N,Y,N,Y,Y,N,Y,Y,N,N,N,13.657,[6N 22N 26N 3N ],14.9307,0.0933
Y,Y,N,N,N,N,N,Y,N,Y,Y,N,N,Y,N,N,N,N,N,N,N,N,N,Y,Y,Y,N,Y,Y,N,N,Y,Y,N,Y,N,Y,N,N,13.734,[6N 22N 26Y 10Y ],14.5610,0.0602
Y,N,Y,N,N,N,Y,Y,N,N,Y,N,N,Y,N,Y,N,N,N,N,N,N,N,Y,Y,Y,N,Y,Y,N,N,Y,Y,N,Y,N,Y,N,N,15.668,[6N 22N 26Y 10N ],13.6667,0.1277
Y,N,Y,N,N,N,Y,Y,Y,N,Y,N,N,Y,N,N,N,N,N,N,N,Y,N,Y,Y,Y,N,Y,Y,N,N,Y,Y,N,Y,Y,N,N,N,16.089,[6N 22Y 29Y ],13.8765,0.1375
Y,N,Y,N,Y,N,N,Y,N,N,Y,N,N,Y,N,N,N,Y,N,N,Y,N,N,Y,Y,N,Y,Y,Y,N,N,Y,Y,N,Y,Y,N,N,N,14.095,[6N 22N 26N 3Y ],14.3777,0.0201
Y,N,N,N,N,N,N,Y,Y,N,Y,N,Y,Y,N,Y,N,N,N,N,N,N,N,Y,Y,Y,N,Y,Y,N,N,Y,Y,N,Y,Y,N,N,N,14.559,[6N 22N 26Y 10N ],13.6667,0.0613
Y,N,N,N,N,N,N,Y,N,N,Y,N,N,Y,Y,N,N,N,N,N,N,N,N,Y,Y,Y,N,Y,Y,N,N,Y,N,Y,Y,Y,N,N,N,14.627,[6N 22N 26Y 10N ],13.6667,0.0657
Y,N,N,N,N,N,N,Y,N,N,Y,N,N,Y,N,Y,N,N,N,N,N,N,N,Y,Y,Y,N,Y,Y,N,N,Y,Y,N,Y,N,N,Y,N,14.067,[6N 22N 26Y 10N ],13.6667,0.0285
Y,N,Y,N,N,Y,N,Y,N,N,Y,N,N,Y,N,N,N,N,N,N,N,N,N,Y,Y,N,Y,Y,Y,N,N,Y,N,Y,Y,N,N,N,Y,15.578,[6Y ],15.0588,0.0333
Y,Y,Y,Y,N,N,N,Y,Y,Y,Y,Y,N,Y,Y,Y,Y,Y,Y,Y,Y,Y,Y,Y,Y,Y,N,Y,Y,N,N,Y,N,Y,Y,N,N,N,Y,14.524,[6N 22Y 29Y ],13.8765,0.0446
Y,N,Y,N,N,Y,N,Y,N,Y,Y,N,N,Y,Y,N,N,N,N,N,N,N,N,Y,Y,Y,N,Y,Y,N,N,Y,Y,N,Y,Y,N,N,N,15.663,[6Y ],15.0588,0.0386
Y,N,N,N,N,N,N,Y,N,N,Y,N,Y,Y,N,N,N,N,N,N,N,N,N,Y,Y,N,Y,Y,N,N,Y,Y,Y,N,Y,N,N,N,Y,15.740,[6N 22N 26N 3N ],14.9307,0.0514
Y,N,Y,N,Y,N,N,Y,N,N,Y,N,N,Y,N,N,N,N,N,N,N,N,Y,Y,Y,Y,N,Y,Y,N,N,Y,Y,N,Y,N,N,Y,N,15.725,[6N 22N 26Y 10N ],13.6667,0.1309
Y,N,N,N,N,N,N,Y,N,N,Y,N,N,Y,N,N,N,Y,N,N,N,N,N,Y,Y,N,Y,Y,Y,N,N,Y,Y,N,Y,N,Y,N,N,13.547,[6N 22N 26N 3N ],14.9307,0.1021
Y,N,Y,N,N,Y,N,Y,N,N,Y,N,N,Y,N,N,N,N,N,N,N,Y,N,Y,Y,Y,N,Y,Y,N,N,Y,Y,N,Y,N,Y,N,N,15.410,[6Y ],15.0588,0.0228
Y,N,N,N,N,N,N,Y,N,N,Y,N,N,Y,N,N,Y,N,N,N,N,N,N,Y,Y,Y,N,Y,N,N,Y,Y,Y,N,Y,N,N,N,Y,13.521,[6N 22N 26Y 10N ],13.6667,0.0108
Y,N,N,N,N,N,N,Y,N,Y,Y,N,N,Y,N,N,N,N,N,N,N,N,N,Y,Y,Y,N,Y,Y,N,N,Y,N,Y,Y,N,N,Y,N,14.152,[6N 22N 26Y 10Y ],14.5610,0.0289
Y,N,Y,Y,N,N,N,Y,N,N,Y,N,Y,Y,N,N,N,N,N,N,N,Y,N,Y,Y,N,Y,Y,Y,N,N,Y,Y,N,Y,Y,N,N,N,15.182,[6N 22Y 29Y ],13.8765,0.0860
Y,N,N,N,N,N,N,Y,N,N,Y,Y,N,Y,N,N,N,N,N,N,N,N,N,Y,Y,N,Y,Y,Y,N,N,Y,Y,N,Y,N,N,Y,N,13.963,[6N 22N 26N 3N ],14.9307,0.0693
Y,N,Y,N,N,Y,N,Y,N,N,Y,N,N,Y,N,N,Y,N,N,N,N,N,N,Y,Y,N,Y,Y,Y,N,N,Y,Y,N,Y,Y,N,N,N,14.403,[6Y ],15.0588,0.0455
Y,Y,Y,N,N,N,Y,Y,Y,Y,Y,Y,Y,Y,N,Y,Y,Y,Y,Y,Y,Y,Y,Y,Y,Y,N,Y,N,N,Y,Y,Y,N,Y,N,N,Y,N,12.513,[6N 22Y 29N ],13.7242,0.0968
Y,N,Y,N,N,N,Y,Y,N,N,Y,N,N,Y,N,N,N,N,N,N,N,N,N,Y,Y,N,Y,Y,N,N,Y,Y,Y,N,Y,N,N,Y,N,14.658,[6N 22N 26N 3Y ],14.3777,0.0191
Y,N,Y,N,N,N,Y,Y,N,N,Y,N,N,Y,N,N,N,N,Y,N,Y,N,N,Y,Y,N,Y,Y,Y,N,N,Y,Y,N,Y,Y,N,N,N,13.156,[6N 22N 26N 3Y ],14.3777,0.0929
Y,N,Y,N,Y,N,N,Y,N,N,Y,Y,N,Y,N,N,N,N,N,N,N,N,N,Y,Y,Y,N,Y,N,Y,N,Y,Y,N,Y,Y,N,N,N,14.354,[6N 22N 26Y 10N ],13.6667,0.0479
Y,N,N,N,N,N,N,Y,N,N,Y,N,N,Y,Y,N,N,Y,N,N,N,N,N,Y,Y,N,Y,Y,Y,N,N,Y,Y,N,Y,N,N,Y,N,14.977,[6N 22N 26N 3N ],14.9307,0.0031
Y,Y,Y,N,N,Y,N,Y,Y,Y,Y,Y,Y,Y,Y,Y,Y,Y,N,Y,Y,Y,Y,Y,Y,N,Y,Y,Y,N,N,Y,N,Y,Y,N,Y,N,N,14.510,[6Y ],15.0588,0.0378
Y,N,Y,N,N,N,Y,Y,N,N,Y,N,N,Y,N,N,Y,N,N,Y,N,N,N,Y,Y,N,Y,Y,Y,N,N,Y,Y,N,Y,Y,N,N,N,14.525,[6N 22N 26N 3Y ],14.3777,0.0101
Y,N,N,N,N,N,N,Y,N,N,Y,N,N,Y,N,N,N,Y,N,N,N,N,Y,Y,Y,Y,N,Y,Y,N,N,Y,Y,N,Y,N,N,Y,N,13.181,[6N 22N 26Y 10N ],13.6667,0.0368
Y,N,N,N,N,N,N,Y,Y,N,Y,N,N,Y,N,N,Y,N,N,N,N,N,N,Y,Y,Y,N,Y,Y,N,N,Y,Y,N,Y,N,N,N,Y,14.226,[6N 22N 26Y 10N ],13.6667,0.0393
Y,N,Y,N,N,Y,N,Y,N,N,Y,N,N,Y,N,N,N,N,N,N,N,Y,N,Y,Y,Y,N,Y,Y,N,N,Y,Y,N,Y,N,N,N,Y,16.158,[6Y ],15.0588,0.0680
Y,N,N,N,N,N,N,Y,Y,N,Y,N,N,Y,N,N,N,Y,N,N,N,Y,N,Y,Y,N,Y,Y,Y,N,N,Y,Y,N,Y,Y,N,N,N,14.930,[6N 22Y 29Y ],13.8765,0.0706
Y,N,N,N,N,N,N,Y,N,N,Y,Y,N,Y,N,N,N,N,N,N,N,N,Y,Y,Y,N,Y,Y,Y,N,N,Y,Y,N,Y,Y,N,N,N,13.644,[6N 22N 26N 3N ],14.9307,0.0943
Y,N,N,N,N,N,N,Y,N,N,Y,N,N,Y,N,N,Y,N,N,Y,N,N,N,Y,Y,N,Y,Y,Y,N,N,Y,Y,N,Y,N,Y,N,N,15.038,[6N 22N 26N 3N ],14.9307,0.0071
Y,N,N,N,N,N,N,Y,N,Y,Y,Y,N,Y,N,Y,N,N,N,N,N,N,N,Y,Y,N,Y,Y,Y,N,N,Y,Y,N,Y,Y,N,N,N,15.311,[6N 22N 26N 3N ],14.9307,0.0248
Y,N,N,N,N,N,N,Y,N,N,Y,Y,N,Y,N,N,N,N,N,N,N,N,Y,Y,Y,N,Y,Y,Y,N,N,Y,Y,N,Y,N,Y,N,N,14.849,[6N 22N 26N 3N ],14.9307,0.0055
Y,N,N,N,N,N,N,Y,Y,N,Y,N,N,Y,N,N,N,N,N,N,Y,N,N,Y,Y,Y,N,Y,N,Y,N,Y,Y,N,Y,Y,N,N,N,14.283,[6N 22N 26Y 10N ],13.6667,0.0432
Y,N,N,N,N,N,N,Y,N,N,Y,N,N,Y,N,N,N,N,N,N,N,N,N,Y,Y,Y,N,Y,N,N,Y,Y,Y,N,Y,Y,N,N,N,14.944,[6N 22N 26Y 10N ],13.6667,0.0855
Y,N,Y,N,N,N,Y,Y,N,Y,Y,Y,N,Y,N,N,N,N,N,N,N,N,N,Y,Y,Y,N,Y,Y,N,N,Y,Y,N,Y,Y,N,N,N,16.054,[6N 22N 26Y 10Y ],14.5610,0.0930
Y,N,N,N,N,N,N,Y,N,N,Y,Y,Y,Y,N,N,Y,N,N,N,N,N,N,Y,Y,Y,N,Y,Y,N,N,Y,Y,N,Y,Y,N,N,N,14.325,[6N 22N 26Y 10N ],13.6667,0.0460
Y,Y,N,N,N,N,N,Y,N,N,Y,Y,N,Y,N,N,N,N,N,N,N,N,N,Y,Y,N,Y,Y,Y,N,N,Y,Y,N,Y,N,N,Y,N,13.433,[6N 22N 26N 3N ],14.9307,0.1115
Y,N,Y,N,N,Y,N,Y,N,N,Y,N,N,Y,N,N,N,N,N,N,N,Y,N,Y,Y,N,Y,Y,Y,N,N,Y,Y,N,Y,Y,N,N,N,14.821,[6Y ],15.0588,0.0160
Y,N,Y,N,N,N,Y,Y,Y,N,Y,Y,N,Y,N,N,N,N,N,N,N,N,N,Y,Y,N,Y,Y,Y,N,N,Y,Y,N,Y,Y,N,N,N,14.086,[6N 22N 26N 3Y ],14.3777,0.0207
Y,N,N,N,N,N,N,Y,Y,Y,Y,N,N,Y,N,N,N,N,N,N,N,N,Y,Y,Y,Y,N,Y,Y,N,N,Y,Y,N,Y,Y,N,N,N,14.652,[6N 22N 26Y 10Y ],14.5610,0.0062
Y,N,Y,N,Y,N,N,Y,N,N,Y,Y,N,Y,N,N,N,N,N,N,N,N,N,Y,Y,N,Y,Y,Y,N,N,Y,Y,N,Y,N,N,Y,N,14.537,[6N 22N 26N 3Y ],14.3777,0.0110
Y,N,N,N,N,N,N,Y,N,N,Y,N,N,Y,N,Y,N,N,N,N,N,N,N,Y,Y,Y,N,Y,Y,N,N,Y,N,Y,Y,N,N,Y,N,13.682,[6N 22N 26Y 10N ],13.6667,0.0011
Y,N,N,N,N,N,N,Y,N,Y,Y,N,N,Y,N,N,Y,N,N,N,Y,N,N,Y,Y,Y,N,Y,Y,N,N,Y,Y,N,Y,Y,N,N,N,15.046,[6N 22N 26Y 10Y ],14.5610,0.0322
Y,Y,N,N,N,N,N,Y,N,N,Y,Y,N,Y,N,N,N,N,N,N,N,N,N,Y,Y,Y,N,Y,Y,N,N,Y,N,Y,Y,Y,N,N,N,14.169,[6N 22N 26Y 10N ],13.6667,0.0355
Y,Y,N,N,N,N,N,Y,N,N,Y,N,N,Y,N,N,N,N,N,Y,N,N,N,Y,Y,N,Y,Y,Y,N,N,Y,Y,N,Y,N,Y,N,N,15.088,[6N 22N 26N 3N ],14.9307,0.0104
Y,N,N,N,N,N,N,Y,Y,N,Y,N,N,Y,N,N,N,N,N,N,Y,Y,N,Y,Y,Y,N,Y,Y,N,N,Y,Y,N,Y,Y,N,N,N,15.381,[6N 22Y 29Y ],13.8765,0.0978
Y,N,Y,Y,N,N,N,Y,N,N,Y,N,N,Y,N,N,N,N,Y,N,N,Y,N,Y,Y,N,Y,Y,Y,N,N,Y,Y,N,Y,Y,N,N,N,14.601,[6N 22Y 29Y ],13.8765,0.0496
Y,N,N,N,N,N,N,Y,N,Y,Y,N,N,Y,N,N,N,N,Y,N,N,N,N,Y,Y,N,Y,Y,Y,N,N,Y,Y,N,Y,N,N,N,Y,14.516,[6N 22N 26N 3N ],14.9307,0.0286
Y,N,N,N,N,N,N,Y,N,N,Y,N,N,Y,N,N,Y,N,N,N,N,Y,N,Y,Y,N,Y,Y,N,N,Y,Y,Y,N,Y,Y,N,N,N,15.417,[6N 22Y 29N ],13.7242,0.1098
Y,Y,Y,N,N,Y,N,Y,N,N,Y,Y,N,Y,N,N,N,N,N,N,N,N,N,Y,Y,Y,N,Y,Y,N,N,Y,Y,N,Y,Y,N,N,N,16.120,[6Y ],15.0588,0.0658
Y,Y,N,N,N,N,N,Y,Y,N,Y,N,N,Y,N,N,N,N,N,N,N,N,N,Y,Y,Y,N,Y,Y,N,N,Y,Y,N,Y,N,N,N,Y,13.223,[6N 22N 26Y 10N ],13.6667,0.0336
Y,N,Y,N,N,Y,N,Y,N,N,Y,N,N,Y,N,N,N,Y,N,N,N,N,N,Y,Y,N,Y,Y,Y,N,N,Y,N,Y,Y,Y,N,N,N,15.565,[6Y ],15.0588,0.0325
Y,N,N,N,N,N,N,Y,N,N,Y,Y,Y,Y,N,N,N,N,N,N,N,N,Y,Y,Y,N,Y,Y,Y,N,N,Y,Y,N,Y,Y,N,N,N,15.937,[6N 22N 26N 3N ],14.9307,0.0631
Y,N,N,N,N,N,N,Y,N,N,Y,N,N,Y,N,Y,N,N,N,N,Y,N,N,Y,Y,N,Y,Y,Y,N,N,Y,Y,N,Y,N,Y,N,N,15.463,[6N 22N 26N 3N ],14.9307,0.0344
Y,Y,N,N,N,N,N,Y,N,N,Y,N,N,Y,N,Y,N,N,N,N,N,N,N,Y,Y,N,Y,Y,Y,N,N,Y,Y,N,Y,Y,N,N,N,14.130,[6N 22N 26N 3N ],14.9307,0.0567
Y,N,N,N,N,N,N,Y,N,N,Y,N,N,Y,N,N,Y,N,Y,N,Y,N,N,Y,Y,Y,N,Y,Y,N,N,Y,Y,N,Y,Y,N,N,N,13.103,[6N 22N 26Y 10N ],13.6667,0.0430
Y,Y,N,N,N,N,N,Y,N,N,Y,N,N,Y,N,Y,N,Y,N,N,N,N,N,Y,Y,N,Y,Y,Y,N,N,Y,Y,N,Y,Y,N,N,N,14.657,[6N 22N 26N 3N ],14.9307,0.0187
Y,N,Y,N,N,Y,N,Y,N,N,Y,N,N,Y,N,N,N,N,N,N,Y,N,N,Y,Y,Y,N,Y,N,Y,N,Y,Y,N,Y,Y,N,N,N,15.378,[6Y ],15.0588,0.0208
Y,N,N,N,N,N,N,Y,N,N,Y,N,Y,Y,N,N,N,N,N,N,N,N,N,Y,Y,Y,N,Y,N,Y,N,Y,Y,N,Y,N,N,Y,N,13.341,[6N 22N 26Y 10N ],13.6667,0.0244
Y,N,Y,N,N,N,Y,Y,Y,N,Y,N,N,Y,N,N,N,N,N,N,Y,N,N,Y,Y,Y,N,Y,Y,N,N,Y,Y,N,Y,Y,N,N,N,15.822,[6N 22N 26Y 10N ],13.6667,0.1362
Y,N,N,N,N,N,N,Y,N,N,Y,N,N,Y,N,N,N,Y,N,Y,N,N,N,Y,Y,Y,N,Y,Y,N,N,Y,Y,N,Y,N,N,N,Y,13.268,[6N 22N 26Y 10N ],13.6667,0.0300
Y,N,N,N,N,N,N,Y,N,N,Y,N,N,Y,N,N,N,N,N,N,N,N,Y,Y,Y,Y,N,Y,Y,N,N,Y,Y,N,Y,N,N,Y,N,14.311,[6N 22N 26Y 10N ],13.6667,0.0450
Y,Y,Y,Y,N,N,N,Y,N,N,Y,N,N,Y,N,N,N,N,N,N,N,N,N,Y,Y,Y,N,Y,Y,N,N,Y,Y,N,Y,N,Y,N,N,14.137,[6N 22N 26Y 10N ],13.6667,0.0333
Y,N,N,N,N,N,N,Y,N,N,Y,N,N,Y,N,N,Y,N,N,N,N,Y,N,Y,Y,Y,N,Y,Y,N,N,Y,Y,N,Y,N,N,N,Y,13.570,[6N 22Y 29Y ],13.8765,0.0226
Y,N,N,N,N,N,N,Y,N,N,Y,Y,N,Y,N,N,N,N,N,N,N,N,Y,Y,Y,Y,N,Y,Y,N,N,Y,Y,N,Y,N,Y,N,N,13.991,[6N 22N 26Y 10N ],13.6667,0.0232
Y,N,N,N,N,N,N,Y,N,N,Y,N,N,Y,N,N,N,N,N,N,Y,N,N,Y,Y,N,Y,Y,N,N,Y,Y,Y,N,Y,N,Y,N,N,15.568,[6N 22N 26N 3N ],14.9307,0.0409
Y,Y,N,N,N,N,N,Y,N,N,Y,N,Y,Y,N,N,N,N,N,N,N,Y,N,Y,Y,Y,N,Y,Y,N,N,Y,Y,N,Y,Y,N,N,N,15.265,[6N 22Y 29Y ],13.8765,0.0910
Y,N,N,N,N,N,N,Y,N,Y,Y,N,N,Y,N,N,Y,N,N,N,N,N,N,Y,Y,N,Y,Y,Y,N,N,Y,Y,N,Y,N,N,N,Y,14.767,[6N 22N 26N 3N ],14.9307,0.0111
Y,N,N,N,N,N,N,Y,N,N,Y,Y,N,Y,N,Y,N,N,N,N,N,N,N,Y,Y,Y,N,Y,Y,N,N,Y,Y,N,Y,N,N,Y,N,13.680,[6N 22N 26Y 10N ],13.6667,0.0010
Y,Y,N,N,N,N,N,Y,N,N,Y,N,N,Y,N,N,Y,N,N,N,N,N,N,Y,Y,Y,N,Y,Y,N,N,Y,Y,N,Y,Y,N,N,N,14.380,[6N 22N 26Y 10N ],13.6667,0.0496
Y,N,Y,N,N,Y,N,Y,Y,N,Y,N,N,Y,N,N,N,N,N,N,N,Y,N,Y,Y,N,Y,Y,Y,N,N,Y,Y,N,Y,Y,N,N,N,15.227,[6Y ],15.0588,0.0110
Y,Y,Y,N,N,N,Y,Y,N,Y,Y,Y,Y,Y,Y,Y,Y,Y,Y,Y,Y,Y,Y,Y,Y,Y,N,Y,Y,N,N,Y,N,Y,Y,N,N,N,Y,14.403,[6N 22Y 29Y ],13.8765,0.0366
Y,N,Y,N,N,Y,N,Y,Y,N,Y,N,N,Y,N,Y,N,N,N,N,N,N,N,Y,Y,N,Y,Y,Y,N,N,Y,Y,N,Y,Y,N,N,N,15.516,[6Y ],15.0588,0.0295
Y,N,Y,Y,N,N,N,Y,N,Y,Y,N,N,Y,Y,N,N,N,N,N,N,N,N,Y,Y,Y,N,Y,Y,N,N,Y,Y,N,Y,Y,N,N,N,14.018,[6N 22N 26Y 10Y ],14.5610,0.0387
Y,N,N,N,N,N,N,Y,N,Y,Y,N,N,Y,N,N,N,N,N,N,N,N,N,Y,Y,N,Y,Y,Y,N,N,Y,Y,N,Y,N,N,N,Y,13.357,[6N 22N 26N 3N ],14.9307,0.1178
Y,N,Y,N,N,N,Y,Y,N,N,Y,N,N,Y,N,N,N,N,Y,N,Y,N,N,Y,Y,Y,N,Y,Y,N,N,Y,Y,N,Y,Y,N,N,N,15.983,[6N 22N 26Y 10N ],13.6667,0.1449
Y,N,Y,N,N,N,Y,Y,Y,N,Y,N,N,Y,N,N,N,N,N,N,N,N,N,Y,Y,N,Y,Y,Y,N,N,Y,Y,N,Y,N,N,N,Y,13.535,[6N 22N 26N 3Y ],14.3777,0.0623
Y,N,N,N,N,N,N,Y,N,N,Y,N,N,Y,N,N,N,N,N,N,N,N,N,Y,Y,N,Y,Y,N,Y,N,Y,N,Y,Y,N,Y,N,N,14.137,[6N 22N 26N 3N ],14.9307,0.0561
Y,N,N,N,N,N,N,Y,N,N,Y,N,N,Y,Y,N,Y,N,N,N,N,N,N,Y,Y,N,Y,Y,N,N,Y,Y,Y,N,Y,Y,N,N,N,15.054,[6N 22N 26N 3N ],14.9307,0.0082
Y,N,N,N,N,N,N,Y,N,Y,Y,N,N,Y,N,N,N,N,N,N,N,N,N,Y,Y,N,Y,Y,N,Y,N,Y,Y,N,Y,Y,N,N,N,13.499,[6N 22N 26N 3N ],14.9307,0.1061
Y,N,N,N,N,N,N,Y,N,N,Y,N,N,Y,Y,N,N,N,Y,N,N,Y,N,Y,Y,N,Y,Y,Y,N,N,Y,Y,N,Y,Y,N,N,N,13.404,[6N 22Y 29Y ],13.8765,0.0353
Y,N,Y,N,Y,N,N,Y,N,N,Y,N,N,Y,N,N,N,N,N,N,Y,Y,N,Y,Y,Y,N,Y,Y,N,N,Y,Y,N,Y,Y,N,N,N,16.069,[6N 22Y 29Y ],13.8765,0.1364
Y,N,N,N,N,N,N,Y,N,Y,Y,N,N,Y,N,N,N,N,N,N,N,N,Y,Y,Y,Y,N,Y,Y,N,N,Y,Y,N,Y,Y,N,N,N,14.124,[6N 22N 26Y 10Y ],14.5610,0.0309
Y,N,N,N,N,N,N,Y,N,N,Y,N,N,Y,N,N,N,N,Y,N,N,N,Y,Y,Y,N,Y,Y,Y,N,N,Y,Y,N,Y,N,Y,N,N,14.802,[6N 22N 26N 3N ],14.9307,0.0087
Y,N,N,N,N,N,N,Y,N,N,Y,N,N,Y,N,N,N,Y,N,Y,N,N,N,Y,Y,Y,N,Y,N,Y,N,Y,Y,N,Y,Y,N,N,N,14.168,[6N 22N 26Y 10N ],13.6667,0.0354
Y,N,Y,N,N,N,Y,Y,N,N,Y,N,N,Y,N,Y,N,N,N,N,Y,N,N,Y,Y,Y,N,Y,Y,N,N,Y,Y,N,Y,Y,N,N,N,16.726,[6N 22N 26Y 10N ],13.6667,0.1829
Y,N,N,N,N,N,N,Y,N,N,Y,N,N,Y,Y,N,N,Y,N,N,N,N,Y,Y,Y,Y,N,Y,Y,N,N,Y,Y,N,Y,Y,N,N,N,13.366,[6N 22N 26Y 10N ],13.6667,0.0225
Y,N,Y,Y,N,N,N,Y,N,N,Y,N,N,Y,Y,N,N,N,N,N,N,N,N,Y,Y,Y,N,Y,Y,N,N,Y,N,Y,Y,Y,N,N,N,14.023,[6N 22N 26Y 10N ],13.6667,0.0254
Y,N,N,N,N,N,N,Y,N,N,Y,Y,N,Y,N,N,N,N,N,N,N,N,N,Y,Y,N,Y,Y,Y,N,N,Y,N,Y,Y,Y,N,N,N,14.011,[6N 22N 26N 3N ],14.9307,0.0656
Y,N,Y,N,N,Y,N,Y,N,N,Y,N,N,Y,N,N,N,Y,N,N,N,N,N,Y,Y,N,Y,Y,Y,N,N,Y,Y,N,Y,N,Y,N,N,14.388,[6Y ],15.0588,0.0466
Y,Y,Y,N,Y,N,N,Y,Y,N,Y,Y,Y,Y,Y,Y,Y,Y,Y,Y,Y,Y,Y,Y,Y,Y,N,Y,Y,N,N,Y,Y,N,Y,N,N,Y,N,14.091,[6N 22Y 29Y ],13.8765,0.0152
Y,N,N,N,N,N,N,Y,N,N,Y,N,N,Y,N,N,N,N,N,N,Y,N,N,Y,Y,N,Y,Y,N,N,Y,Y,Y,N,Y,N,N,N,Y,15.435,[6N 22N 26N 3N ],14.9307,0.0327
N,N,N,N,N,N,N,N,N,N,N,N,N,N,N,N,Y,N,N,N,N,N,N,N,N,Y,N,N,Y,N,N,N,Y,N,Y,Y,N,N,N,14.334,[6N 22N 26Y 10N ],13.6667,0.0466
Y,Y,N,N,N,N,N,Y,N,Y,Y,N,N,Y,N,N,N,N,N,N,N,N,N,Y,Y,N,Y,Y,Y,N,N,Y,Y,N,Y,N,N,N,Y,14.515,[6N 22N 26N 3N ],14.9307,0.0286
Y,N,N,N,N,N,N,Y,N,Y,Y,N,Y,Y,N,N,N,N,Y,N,N,N,N,Y,Y,N,Y,Y,Y,N,N,Y,Y,N,Y,Y,N,N,N,15.873,[6N 22N 26N 3N ],14.9307,0.0594
Y,Y,Y,N,N,Y,N,Y,Y,Y,Y,Y,Y,Y,Y,Y,Y,Y,Y,Y,Y,Y,N,Y,Y,N,Y,Y,Y,N,N,Y,N,Y,Y,N,Y,N,N,14.344,[6Y ],15.0588,0.0498
Y,N,N,N,N,N,N,Y,N,N,Y,N,N,Y,N,N,Y,N,N,N,Y,N,N,Y,Y,N,Y,Y,Y,N,N,Y,Y,N,Y,N,N,N,Y,14.676,[6N 22N 26N 3N ],14.9307,0.0174
Y,N,Y,Y,N,N,N,Y,N,N,Y,Y,N,Y,N,N,N,N,N,N,N,N,N,Y,Y,N,Y,Y,N,N,Y,Y,Y,N,Y,Y,N,N,N,13.906,[6N 22N 26N 3Y ],14.3777,0.0339
Y,Y,N,N,N,N,N,Y,N,N,Y,N,N,Y,N,N,N,N,N,N,Y,N,N,Y,Y,N,Y,Y,Y,N,N,Y,Y,N,Y,N,Y,N,N,15.071,[6N 22N 26N 3N ],14.9307,0.0093
Y,N,N,N,N,N,N,Y,N,N,Y,N,Y,Y,N,N,N,N,N,N,N,N,N,Y,Y,Y,N,Y,N,N,Y,Y,Y,N,Y,N,Y,N,N,13.767,[6N 22N 26Y 10N ],13.6667,0.0073
Y,N,N,N,N,N,N,Y,N,N,Y,N,N,Y,N,Y,N,N,N,N,N,N,N,Y,Y,N,Y,Y,Y,N,N,Y,Y,N,Y,N,N,Y,N,13.420,[6N 22N 26N 3N ],14.9307,0.1126
Y,N,N,N,N,N,N,Y,Y,N,Y,N,N,Y,N,N,N,N,Y,N,N,N,N,Y,Y,N,Y,Y,Y,N,N,Y,Y,N,Y,N,Y,N,N,13.946,[6N 22N 26N 3N ],14.9307,0.0706
Y,N,N,N,N,N,N,Y,N,N,Y,N,N,Y,Y,N,N,N,N,N,N,N,N,Y,Y,Y,N,Y,Y,N,N,Y,Y,N,Y,N,Y,N,N,14.552,[6N 22N 26Y 10N ],13.6667,0.0608
Y,N,N,N,N,N,N,Y,N,N,Y,N,N,Y,N,N,N,N,N,N,N,N,Y,Y,Y,N,Y,Y,Y,N,N,Y,Y,N,Y,Y,N,N,N,14.379,[6N 22N 26N 3N ],14.9307,0.0384
Y,N,Y,N,N,Y,N,Y,N,N,Y,N,Y,Y,N,N,N,N,N,Y,N,N,N,Y,Y,Y,N,Y,Y,N,N,Y,Y,N,Y,Y,N,N,N,16.030,[6Y ],15.0588,0.0606
Y,N,N,N,N,N,N,Y,N,Y,Y,N,Y,Y,N,N,N,N,N,N,N,N,N,Y,Y,N,Y,Y,Y,N,N,Y,Y,N,Y,N,N,Y,N,14.787,[6N 22N 26N 3N ],14.9307,0.0097
Y,N,N,N,N,N,N,Y,N,N,Y,N,N,Y,N,Y,N,N,Y,N,N,N,N,Y,Y,Y,N,Y,Y,N,N,Y,Y,N,Y,N,N,N,Y,13.533,[6N 22N 26Y 10N ],13.6667,0.0099
Y,N,Y,N,Y,N,N,Y,Y,N,Y,N,Y,Y,N,N,N,N,N,N,N,N,N,Y,Y,Y,N,Y,Y,N,N,Y,Y,N,Y,Y,N,N,N,16.001,[6N 22N 26Y 10N ],13.6667,0.1459
Y,Y,Y,N,N,N,Y,Y,Y,Y,Y,Y,Y,Y,Y,Y,Y,Y,Y,Y,Y,Y,Y,Y,Y,N,Y,Y,Y,N,N,Y,Y,N,Y,Y,N,N,N,15.067,[6N 22Y 29Y ],13.8765,0.0790
Y,N,Y,N,N,N,Y,Y,N,N,Y,N,N,Y,N,N,N,N,Y,N,N,N,N,Y,Y,N,Y,Y,N,N,Y,Y,Y,N,Y,Y,N,N,N,14.215,[6N 22N 26N 3Y ],14.3777,0.0114
Y,N,Y,Y,N,N,N,Y,N,N,Y,Y,N,Y,N,N,N,Y,N,N,N,N,N,Y,Y,N,Y,Y,Y,N,N,Y,Y,N,Y,Y,N,N,N,15.418,[6N 22N 26N 3Y ],14.3777,0.0675
Y,Y,N,N,N,N,N,Y,N,N,Y,N,N,Y,N,N,Y,N,N,N,Y,N,N,Y,Y,N,Y,Y,Y,N,N,Y,Y,N,Y,Y,N,N,N,15.197,[6N 22N 26N 3N ],14.9307,0.0175
Y,N,N,N,N,N,N,Y,N,N,Y,N,N,Y,N,N,Y,Y,N,N,Y,N,N,Y,Y,Y,N,Y,Y,N,N,Y,Y,N,Y,Y,N,N,N,13.317,[6N 22N 26Y 10N ],13.6667,0.0263
Y,N,N,N,N,N,N,Y,N,N,Y,N,N,Y,N,Y,Y,N,N,N,N,N,N,Y,Y,N,Y,Y,Y,N,N,Y,Y,N,Y,N,N,Y,N,14.412,[6N 22N 26N 3N ],14.9307,0.0360
Y,N,N,N,N,N,N,Y,N,N,Y,N,N,Y,N,N,Y,Y,N,N,N,N,N,Y,Y,Y,N,Y,Y,N,N,Y,N,Y,Y,Y,N,N,N,13.325,[6N 22N 26Y 10N ],13.6667,0.0256
Y,N,N,N,N,N,N,Y,N,N,Y,N,N,Y,N,N,N,Y,Y,N,N,N,N,Y,Y,Y,N,Y,Y,N,N,Y,Y,N,Y,N,N,Y,N,14.167,[6N 22N 26Y 10N ],13.6667,0.0353
Y,Y,Y,N,N,N,Y,Y,Y,Y,Y,Y,Y,Y,Y,Y,Y,Y,Y,Y,N,Y,Y,Y,Y,Y,N,Y,N,Y,N,Y,Y,N,Y,Y,N,N,N,13.073,[6N 22Y 29N ],13.7242,0.0498
Y,N,N,N,N,N,N,Y,N,N,Y,N,N,Y,Y,N,Y,N,N,N,N,Y,N,Y,Y,Y,N,Y,Y,N,N,Y,Y,N,Y,Y,N,N,N,13.466,[6N 22Y 29Y ],13.8765,0.0305
Y,N,Y,N,N,Y,N,Y,N,N,Y,Y,N,Y,N,N,Y,N,N,N,N,N,N,Y,Y,Y,N,Y,Y,N,N,Y,Y,N,Y,Y,N,N,N,16.168,[6Y ],15.0588,0.0686
Y,N,N,N,N,N,N,Y,N,N,Y,N,Y,Y,N,N,N,N,Y,N,N,N,N,Y,Y,N,Y,Y,Y,N,N,Y,Y,N,Y,N,N,N,Y,13.952,[6N 22N 26N 3N ],14.9307,0.0701
Y,N,Y,Y,N,N,N,Y,Y,N,Y,N,Y,Y,N,N,N,N,N,N,N,N,N,Y,Y,Y,N,Y,Y,N,N,Y,Y,N,Y,Y,N,N,N,13.637,[6N 22N 26Y 10N ],13.6667,0.0022
Y,N,Y,N,Y,N,N,Y,N,N,Y,N,N,Y,N,N,N,Y,N,N,N,N,N,Y,Y,Y,N,Y,N,N,Y,Y,Y,N,Y,Y,N,N,N,14.921,[6N 22N 26Y 10N ],13.6667,0.0841
Y,N,Y,N,N,N,Y,Y,N,N,Y,N,N,Y,N,N,N,N,Y,N,N,Y,N,Y,Y,Y,N,Y,Y,N,N,Y,Y,N,Y,Y,N,N,N,15.885,[6N 22Y 29Y ],13.8765,0.1264
Y,N,Y,N,Y,N,N,Y,N,N,Y,N,N,Y,N,N,N,N,N,Y,Y,N,N,Y,Y,Y,N,Y,Y,N,N,Y,Y,N,Y,Y,N,N,N,15.697,[6N 22N 26Y 10N ],13.6667,0.1293
Y,Y,Y,N,Y,N,N,Y,Y,Y,Y,Y,Y,Y,Y,Y,Y,Y,Y,Y,Y,Y,Y,Y,Y,Y,N,Y,N,N,Y,Y,Y,N,Y,N,N,Y,N,15.038,[6N 22Y 29N ],13.7242,0.0874
Y,N,N,N,N,N,N,Y,Y,N,Y,N,Y,Y,N,N,N,N,N,N,N,N,N,Y,Y,N,Y,Y,Y,N,N,Y,Y,N,Y,N,N,Y,N,15.607,[6N 22N 26N 3N ],14.9307,0.0433
Y,N,N,N,N,N,N,Y,N,N,Y,N,N,Y,N,N,N,N,N,Y,N,N,Y,Y,Y,N,Y,Y,Y,N,N,Y,N,Y,Y,Y,N,N,N,15.344,[6N 22N 26N 3N ],14.9307,0.0269
Y,Y,Y,N,Y,N,N,Y,Y,Y,Y,Y,N,Y,Y,Y,Y,Y,Y,Y,Y,Y,Y,Y,Y,N,Y,Y,N,Y,N,Y,Y,N,Y,N,N,Y,N,14.067,[6N 22Y 29N ],13.7242,0.0244
Y,N,Y,N,N,N,Y,Y,N,N,Y,N,N,Y,N,N,N,N,N,N,N,Y,N,Y,Y,N,Y,Y,Y,N,N,Y,Y,N,Y,N,N,N,Y,13.632,[6N 22Y 29Y ],13.8765,0.0179
Y,N,Y,Y,N,N,N,Y,N,N,Y,N,N,Y,Y,Y,N,N,N,N,N,N,N,Y,Y,Y,N,Y,Y,N,N,Y,Y,N,Y,Y,N,N,N,13.490,[6N 22N 26Y 10N ],13.6667,0.0131
Y,N,N,N,N,N,N,Y,N,N,Y,N,N,Y,N,N,N,N,Y,N,N,Y,N,Y,Y,N,Y,Y,Y,N,N,Y,Y,N,Y,Y,N,N,N,13.834,[6N 22Y 29Y ],13.8765,0.0031
Y,N,N,N,N,N,N,Y,N,Y,Y,N,N,Y,N,N,N,N,Y,N,N,N,N,Y,Y,N,Y,Y,N,Y,N,Y,Y,N,Y,Y,N,N,N,14.080,[6N 22N 26N 3N ],14.9307,0.0604
Y,N,Y,N,Y,N,N,Y,Y,N,Y,Y,N,Y,Y,Y,N,Y,N,Y,Y,Y,N,Y,Y,N,Y,Y,N,N,Y,Y,Y,N,Y,Y,N,N,N,14.702,[6N 22Y 29N ],13.7242,0.0665
Y,N,N,N,N,N,N,Y,N,N,Y,N,N,Y,N,N,N,Y,N,Y,N,N,N,Y,Y,Y,N,Y,Y,N,N,Y,N,Y,Y,Y,N,N,N,13.789,[6N 22N 26Y 10N ],13.6667,0.0089
Y,N,N,N,N,N,N,Y,N,N,Y,N,N,Y,N,N,Y,N,Y,N,N,N,N,Y,Y,N,Y,Y,Y,N,N,Y,Y,N,Y,N,N,N,Y,15.068,[6N 22N 26N 3N ],14.9307,0.0091
Y,N,N,N,N,N,N,Y,N,N,Y,N,Y,Y,Y,N,N,N,N,N,N,Y,N,Y,Y,Y,N,Y,Y,N,N,Y,Y,N,Y,Y,N,N,N,15.585,[6N 22Y 29Y ],13.8765,0.1096
Y,Y,Y,N,N,Y,N,Y,Y,Y,Y,Y,Y,Y,Y,Y,Y,Y,Y,Y,N,Y,Y,Y,Y,N,Y,Y,N,N,Y,Y,Y,N,Y,N,N,N,Y,14.258,[6Y ],15.0588,0.0562
Y,N,N,N,N,N,N,Y,N,N,Y,N,N,Y,N,N,N,Y,N,N,N,N,Y,Y,Y,Y,N,Y,Y,N,N,Y,N,Y,Y,Y,N,N,N,14.104,[6N 22N 26Y 10N ],13.6667,0.0310
Y,N,N,N,N,N,N,Y,N,N,Y,N,Y,Y,N,N,N,N,N,N,N,Y,N,Y,Y,Y,N,Y,Y,N,N,Y,Y,N,Y,N,Y,N,N,14.239,[6N 22Y 29Y ],13.8765,0.0255
Y,N,Y,N,N,N,Y,Y,N,N,Y,N,N,Y,N,N,N,N,N,N,N,N,Y,Y,Y,N,Y,Y,N,N,Y,Y,Y,N,Y,Y,N,N,N,14.561,[6N 22N 26N 3Y ],14.3777,0.0126
Y,Y,Y,N,N,Y,N,Y,Y,N,Y,Y,Y,Y,Y,Y,Y,Y,Y,Y,Y,Y,Y,Y,Y,Y,N,Y,N,N,Y,Y,Y,N,Y,Y,N,N,N,14.636,[6Y ],15.0588,0.0289
Y,N,Y,N,Y,N,N,Y,N,N,Y,N,N,Y,N,N,Y,N,N,N,N,N,N,Y,Y,Y,N,Y,N,N,Y,Y,Y,N,Y,Y,N,N,N,14.448,[6N 22N 26Y 10N ],13.6667,0.0541
Y,N,N,N,N,N,N,Y,N,Y,Y,N,N,Y,N,Y,N,N,N,N,N,N,N,Y,Y,Y,N,Y,Y,N,N,Y,Y,N,Y,N,N,N,Y,14.326,[6N 22N 26Y 10Y ],14.5610,0.0164
Y,N,Y,N,Y,N,N,Y,N,N,Y,N,N,Y,Y,N,N,N,N,N,N,N,N,Y,Y,N,Y,Y,N,Y,N,Y,Y,N,Y,Y,N,N,N,14.364,[6N 22N 26N 3Y ],14.3777,0.0010
Y,N,Y,N,N,N,Y,Y,N,N,Y,N,N,Y,N,N,N,N,N,N,N,N,Y,Y,Y,Y,N,Y,Y,N,N,Y,Y,N,Y,N,N,Y,N,16.285,[6N 22N 26Y 10N ],13.6667,0.1608
Y,N,N,N,N,N,N,Y,N,N,Y,N,N,Y,N,Y,N,N,N,Y,N,Y,N,Y,Y,Y,N,Y,Y,N,N,Y,Y,N,Y,Y,N,N,N,13.849,[6N 22Y 29Y ],13.8765,0.0020
Y,N,N,N,N,N,N,Y,N,N,Y,N,Y,Y,N,N,N,N,N,N,N,N,Y,Y,Y,Y,N,Y,Y,N,N,Y,Y,N,Y,Y,N,N,N,14.451,[6N 22N 26Y 10N ],13.6667,0.0543
Y,Y,N,N,N,N,N,Y,N,N,Y,N,Y,Y,N,N,N,N,N,N,N,N,N,Y,Y,N,Y,Y,Y,N,N,Y,Y,N,Y,N,N,Y,N,15.622,[6N 22N 26N 3N ],14.9307,0.0443
Y,Y,Y,N,N,N,Y,Y,N,N,Y,N,N,Y,Y,N,N,N,N,N,N,N,N,Y,Y,Y,N,Y,Y,N,N,Y,Y,N,Y,Y,N,N,N,16.164,[6N 22N 26Y 10N ],13.6667,0.1545
Y,Y,N,N,N,N,N,Y,N,N,Y,N,N,Y,N,N,N,N,N,Y,N,N,N,Y,Y,Y,N,Y,Y,N,N,Y,Y,N,Y,N,N,Y,N,13.235,[6N 22N 26Y 10N ],13.6667,0.0326
Y,N,N,N,N,N,N,Y,N,N,Y,N,N,Y,Y,N,N,N,N,N,Y,N,N,Y,Y,Y,N,Y,Y,N,N,Y,Y,N,Y,N,N,N,Y,13.374,[6N 22N 26Y 10N ],13.6667,0.0219
Y,N,N,N,N,N,N,Y,N,N,Y,N,N,Y,N,N,N,N,N,Y,N,N,N,Y,Y,Y,N,Y,Y,N,N,Y,Y,N,Y,Y,N,N,N,14.295,[6N 22N 26Y 10N ],13.6667,0.0440
Y,N,Y,N,N,N,Y,Y,N,N,Y,N,N,Y,N,N,Y,N,N,Y,N,N,N,Y,Y,Y,N,Y,Y,N,N,Y,Y,N,Y,Y,N,N,N,16.005,[6N 22N 26Y 10N ],13.6667,0.1461
Y,Y,Y,N,Y,N,N,Y,Y,Y,Y,Y,Y,Y,Y,N,Y,Y,Y,Y,Y,Y,Y,Y,Y,Y,N,Y,Y,N,N,Y,N,Y,Y,N,N,N,Y,14.813,[6N 22Y 29Y ],13.8765,0.0632
Y,N,Y,Y,N,N,N,Y,N,N,Y,N,N,Y,Y,N,N,N,N,N,Y,N,N,Y,Y,N,Y,Y,Y,N,N,Y,Y,N,Y,Y,N,N,N,15.197,[6N 22N 26N 3Y ],14.3777,0.0539
Y,Y,N,N,N,N,N,Y,Y,Y,Y,Y,Y,Y,Y,Y,Y,Y,Y,Y,Y,Y,Y,Y,Y,Y,N,Y,N,N,Y,Y,Y,N,Y,N,N,Y,N,13.128,[6N 22Y 29N ],13.7242,0.0454
Y,N,Y,N,Y,N,N,Y,N,N,Y,N,N,Y,N,N,N,Y,N,N,N,N,N,Y,Y,Y,N,Y,N,Y,N,Y,Y,N,Y,Y,N,N,N,14.910,[6N 22N 26Y 10N ],13.6667,0.0834
Y,N,Y,N,N,Y,N,Y,Y,N,Y,N,N,Y,N,N,N,N,N,N,N,N,Y,Y,Y,N,Y,Y,Y,N,N,Y,Y,N,Y,Y,N,N,N,15.700,[6Y ],15.0588,0.0408
Y,Y,N,N,N,N,N,Y,Y,Y,Y,Y,Y,Y,Y,Y,Y,Y,Y,Y,Y,Y,Y,Y,Y,N,Y,Y,N,Y,N,Y,Y,N,Y,N,N,Y,N,14.018,[6N 22Y 29N ],13.7242,0.0210
Y,N,N,N,N,N,N,Y,N,N,Y,N,Y,Y,N,Y,N,N,N,N,N,N,Y,Y,Y,Y,N,Y,Y,N,N,Y,Y,N,Y,Y,N,N,N,13.733,[6N 22N 26Y 10N ],13.6667,0.0048
Y,N,Y,Y,N,N,N,Y,N,N,Y,N,N,Y,N,N,Y,N,N,N,N,N,N,Y,Y,Y,N,Y,Y,N,N,Y,Y,N,Y,N,N,N,Y,13.587,[6N 22N 26Y 10N ],13.6667,0.0059
Y,N,N,N,N,N,N,Y,N,N,Y,N,N,Y,N,Y,N,N,N,N,Y,N,N,Y,Y,Y,N,Y,N,N,Y,Y,Y,N,Y,Y,N,N,N,14.236,[6N 22N 26Y 10N ],13.6667,0.0400
Y,N,N,N,N,N,N,Y,N,N,Y,N,N,Y,N,N,N,N,N,N,Y,Y,N,Y,Y,Y,N,Y,Y,N,N,Y,Y,N,Y,N,N,Y,N,13.609,[6N 22Y 29Y ],13.8765,0.0197
Y,N,N,N,N,N,N,Y,N,N,Y,N,Y,Y,N,N,N,N,N,N,N,N,N,Y,Y,N,Y,Y,Y,N,N,Y,Y,N,Y,N,N,Y,N,13.951,[6N 22N 26N 3N ],14.9307,0.0702
Y,Y,Y,Y,N,N,N,Y,Y,Y,Y,Y,Y,Y,Y,Y,Y,Y,N,Y,Y,Y,Y,Y,Y,Y,N,Y,N,N,Y,Y,Y,N,Y,N,N,Y,N,13.099,[6N 22Y 29N ],13.7242,0.0477
Y,Y,N,N,N,N,N,Y,N,N,Y,N,N,Y,N,Y,N,N,N,Y,N,N,N,Y,Y,N,Y,Y,Y,N,N,Y,Y,N,Y,Y,N,N,N,15.530,[6N 22N 26N 3N ],14.9307,0.0386
Y,Y,Y,Y,N,N,N,Y,N,N,Y,N,N,Y,N,N,N,Y,N,N,N,N,N,Y,Y,Y,N,Y,Y,N,N,Y,Y,N,Y,Y,N,N,N,13.699,[6N 22N 26Y 10N ],13.6667,0.0024
Y,N,N,N,N,N,N,Y,N,N,Y,N,N,Y,N,Y,N,N,N,N,Y,N,N,Y,Y,Y,N,Y,Y,N,N,Y,N,Y,Y,Y,N,N,N,13.754,[6N 22N 26Y 10N ],13.6667,0.0063
Y,N,N,N,N,N,N,Y,Y,N,Y,N,N,Y,N,N,N,N,N,Y,N,N,N,Y,Y,N,Y,Y,N,Y,N,Y,Y,N,Y,Y,N,N,N,14.139,[6N 22N 26N 3N ],14.9307,0.0560
Y,N,N,N,N,N,N,Y,N,N,Y,N,N,Y,Y,N,N,N,Y,N,Y,N,N,Y,Y,N,Y,Y,Y,N,N,Y,Y,N,Y,Y,N,N,N,14.088,[6N 22N 26N 3N ],14.9307,0.0598
Y,N,N,N,N,N,N,Y,N,N,Y,N,Y,Y,N,N,Y,N,N,N,N,N,N,Y,Y,N,Y,Y,Y,N,N,Y,N,Y,Y,Y,N,N,N,15.186,[6N 22N 26N 3N ],14.9307,0.0168
Y,N,N,N,N,N,N,Y,N,N,Y,N,Y,Y,N,Y,N,N,N,N,N,Y,N,Y,Y,Y,N,Y,Y,N,N,Y,Y,N,Y,Y,N,N,N,13.839,[6N 22Y 29Y ],13.8765,0.0027
Y,N,Y,Y,N,N,N,Y,N,N,Y,N,N,Y,N,N,N,Y,N,N,N,N,N,Y,Y,Y,N,Y,Y,N,N,Y,Y,N,Y,N,N,Y,N,13.764,[6N 22N 26Y 10N ],13.6667,0.0071
Y,Y,Y,N,N,Y,N,Y,Y,Y,Y,Y,Y,Y,Y,Y,Y,Y,Y,Y,N,Y,Y,Y,Y,N,Y,Y,N,Y,N,Y,N,Y,Y,N,N,N,Y,14.476,[6Y ],15.0588,0.0403
Y,N,Y,N,Y,N,N,Y,N,N,Y,N,Y,Y,N,N,N,Y,N,N,N,N,N,Y,Y,Y,N,Y,Y,N,N,Y,Y,N,Y,Y,N,N,N,16.081,[6N 22N 26Y 10N ],13.6667,0.1501
Y,N,N,N,N,N,N,Y,N,N,Y,N,Y,Y,N,N,N,N,N,N,Y,N,N,Y,Y,N,Y,Y,N,Y,N,Y,Y,N,Y,Y,N,N,N,13.678,[6N 22N 26N 3N ],14.9307,0.0916
Y,N,Y,Y,N,N,N,Y,N,Y,Y,N,N,Y,N,Y,N,N,N,N,N,N,N,Y,Y,N,Y,Y,Y,N,N,Y,Y,N,Y,Y,N,N,N,13.408,[6N 22N 26N 3Y ],14.3777,0.0723
Y,Y,Y,N,Y,N,N,Y,Y,Y,Y,Y,Y,Y,Y,Y,Y,Y,Y,Y,Y,Y,N,Y,Y,Y,N,Y,Y,N,N,Y,Y,N,Y,N,N,Y,N,13.974,[6N 22Y 29Y ],13.8765,0.0070
Y,N,N,N,N,N,N,Y,N,N,Y,N,N,Y,N,N,N,N,N,N,Y,N,Y,Y,Y,N,Y,Y,Y,N,N,Y,Y,N,Y,N,N,Y,N,15.090,[6N 22N 26N 3N ],14.9307,0.0106
Y,N,N,N,N,N,N,Y,N,N,Y,N,Y,Y,N,N,N,Y,N,N,N,N,N,Y,Y,N,Y,Y,Y,N,N,Y,Y,N,Y,N,Y,N,N,14.607,[6N 22N 26N 3N ],14.9307,0.0222
Y,Y,Y,N,N,N,Y,Y,N,N,Y,N,N,Y,N,N,N,N,N,N,N,N,N,Y,Y,N,Y,Y,Y,N,N,Y,Y,N,Y,N,N,N,Y,13.889,[6N 22N 26N 3Y ],14.3777,0.0352
Y,N,Y,N,N,Y,N,Y,Y,N,Y,N,N,Y,N,N,N,N,N,N,N,N,N,Y,Y,N,Y,Y,Y,N,N,Y,Y,N,Y,N,N,N,Y,14.580,[6Y ],15.0588,0.0328
Y,N,N,N,N,N,N,Y,Y,N,Y,N,N,Y,N,Y,N,N,Y,N,N,N,N,Y,Y,N,Y,Y,Y,N,N,Y,Y,N,Y,Y,N,N,N,14.910,[6N 22N 26N 3N ],14.9307,0.0014
Y,N,Y,N,N,Y,N,Y,N,N,Y,N,N,Y,N,N,N,N,Y,N,N,N,N,Y,Y,Y,N,Y,Y,N,N,Y,Y,N,Y,N,N,N,Y,15.880,[6Y ],15.0588,0.0517
Y,Y,Y,Y,N,N,N,Y,Y,Y,Y,Y,Y,Y,Y,Y,Y,Y,N,Y,Y,Y,Y,Y,Y,Y,N,Y,N,N,Y,Y,Y,N,Y,N,Y,N,N,13.356,[6N 22Y 29N ],13.7242,0.0276
Y,N,Y,N,N,Y,N,Y,N,N,Y,N,N,Y,Y,N,N,N,N,N,N,N,N,Y,Y,Y,N,Y,Y,N,N,Y,Y,N,Y,N,N,N,Y,15.841,[6Y ],15.0588,0.0494
Y,N,Y,N,N,N,Y,Y,N,N,Y,N,N,Y,N,N,Y,N,N,N,N,N,N,Y,Y,N,Y,Y,N,N,Y,Y,Y,N,Y,Y,N,N,N,14.644,[6N 22N 26N 3Y ],14.3777,0.0182
Y,Y,Y,N,N,N,Y,Y,Y,Y,Y,Y,Y,Y,N,Y,Y,Y,Y,Y,Y,Y,Y,Y,Y,N,Y,Y,N,Y,N,Y,N,Y,Y,N,N,N,Y,14.336,[6N 22Y 29N ],13.7242,0.0427
Y,N,N,N,N,N,N,Y,N,N,Y,N,N,Y,N,N,N,N,N,N,N,Y,N,Y,Y,N,Y,Y,Y,N,N,Y,N,Y,Y,N,N,Y,N,15.873,[6N 22Y 29Y ],13.8765,0.1258
Y,Y,N,N,N,N,N,Y,N,N,Y,N,N,Y,N,N,N,N,N,Y,N,N,N,Y,Y,Y,N,Y,Y,N,N,Y,Y,N,Y,Y,N,N,N,14.455,[6N 22N 26Y 10N ],13.6667,0.0545
Y,N,Y,N,N,Y,N,Y,N,N,Y,N,N,Y,N,Y,N,N,N,N,Y,N,N,Y,Y,N,Y,Y,Y,N,N,Y,Y,N,Y,Y,N,N,N,13.926,[6Y ],15.0588,0.0813
Y,N,N,N,N,N,N,Y,N,N,Y,N,N,Y,N,N,Y,N,N,N,N,N,N,Y,Y,Y,N,Y,Y,N,N,Y,N,Y,Y,N,N,Y,N,13.777,[6N 22N 26Y 10N ],13.6667,0.0080
Y,Y,N,N,N,N,N,Y,N,N,Y,N,N,Y,N,N,N,N,Y,N,N,N,N,Y,Y,Y,N,Y,Y,N,N,Y,N,Y,Y,Y,N,N,N,14.069,[6N 22N 26Y 10N ],13.6667,0.0286
Y,Y,N,N,N,N,N,Y,Y,Y,Y,Y,Y,Y,Y,Y,Y,Y,Y,Y,Y,Y,Y,Y,Y,Y,N,Y,Y,N,N,Y,Y,N,Y,N,Y,N,N,14.029,[6N 22Y 29Y ],13.8765,0.0109
Y,N,N,N,N,N,N,Y,N,N,Y,Y,Y,Y,N,N,N,N,N,N,N,N,N,Y,Y,Y,N,Y,N,Y,N,Y,Y,N,Y,Y,N,N,N,14.596,[6N 22N 26Y 10N ],13.6667,0.0637
Y,N,Y,Y,N,N,N,Y,N,N,Y,N,N,Y,N,N,N,N,N,N,N,N,Y,Y,Y,N,Y,Y,Y,N,N,Y,Y,N,Y,N,N,N,Y,13.210,[6N 22N 26N 3Y ],14.3777,0.0884
Y,N,N,N,N,N,N,Y,N,Y,Y,N,N,Y,N,N,Y,N,Y,N,N,N,N,Y,Y,N,Y,Y,Y,N,N,Y,Y,N,Y,Y,N,N,N,14.420,[6N 22N 26N 3N ],14.9307,0.0354
Y,Y,N,N,N,N,N,Y,N,N,Y,N,N,Y,N,N,N,N,N,Y,N,N,N,Y,Y,N,Y,Y,Y,N,N,Y,N,Y,Y,Y,N,N,N,15.257,[6N 22N 26N 3N ],14.9307,0.0214
Y,N,Y,N,N,N,Y,Y,N,N,Y,N,N,Y,N,Y,N,Y,N,N,N,N,N,Y,Y,N,Y,Y,Y,N,N,Y,Y,N,Y,Y,N,N,N,13.591,[6N 22N 26N 3Y ],14.3777,0.0579
Y,N,Y,Y,N,N,N,Y,N,Y,Y,N,N,Y,N,N,N,N,N,N,N,N,N,Y,Y,N,Y,Y,N,Y,N,Y,Y,N,Y,Y,N,N,N,13.518,[6N 22N 26N 3Y ],14.3777,0.0636
Y,N,N,N,N,N,N,Y,N,N,Y,N,N,Y,N,N,N,N,N,Y,N,N,N,Y,Y,N,Y,Y,N,N,Y,Y,Y,N,Y,Y,N,N,N,14.998,[6N 22N 26N 3N ],14.9307,0.0045
Y,N,N,N,N,N,N,Y,Y,N,Y,N,N,Y,N,N,Y,N,N,N,Y,N,N,Y,Y,N,Y,Y,Y,N,N,Y,Y,N,Y,Y,N,N,N,13.595,[6N 22N 26N 3N ],14.9307,0.0982
Y,Y,N,N,N,N,N,Y,N,N,Y,N,Y,Y,N,Y,N,N,N,N,N,N,N,Y,Y,N,Y,Y,Y,N,N,Y,Y,N,Y,Y,N,N,N,15.623,[6N 22N 26N 3N ],14.9307,0.0443
Y,Y,N,N,N,N,N,Y,N,Y,Y,N,N,Y,N,N,N,N,Y,N,N,N,N,Y,Y,Y,N,Y,Y,N,N,Y,Y,N,Y,Y,N,N,N,13.987,[6N 22N 26Y 10Y ],14.5610,0.0410
Y,N,Y,N,N,N,Y,Y,N,N,Y,Y,N,Y,N,N,N,Y,N,N,N,N,N,Y,Y,N,Y,Y,Y,N,N,Y,Y,N,Y,Y,N,N,N,14.793,[6N 22N 26N 3Y ],14.3777,0.0281
Y,N,Y,N,N,N,Y,Y,N,N,Y,N,N,Y,N,N,N,N,N,N,N,N,N,Y,Y,N,Y,Y,N,N,Y,Y,N,Y,Y,Y,N,N,N,14.257,[6N 22N 26N 3Y ],14.3777,0.0085
Y,N,Y,N,N,Y,N,Y,N,Y,Y,N,N,Y,N,N,N,N,N,N,N,Y,N,Y,Y,Y,N,Y,Y,N,N,Y,Y,N,Y,Y,N,N,N,15.926,[6Y ],15.0588,0.0544
Y,N,Y,N,Y,N,N,Y,N,N,Y,N,N,Y,N,N,N,N,N,N,N,N,N,Y,Y,N,Y,Y,N,N,Y,Y,Y,N,Y,N,Y,N,N,14.272,[6N 22N 26N 3Y ],14.3777,0.0074
Y,N,N,N,N,N,N,Y,N,N,Y,N,Y,Y,N,N,N,N,N,N,N,Y,N,Y,Y,N,Y,Y,Y,N,N,Y,N,Y,Y,Y,N,N,N,15.223,[6N 22Y 29Y ],13.8765,0.0885
Y,N,N,N,N,N,N,Y,N,N,Y,N,Y,Y,Y,N,N,N,N,Y,N,N,N,Y,Y,Y,N,Y,Y,N,N,Y,Y,N,Y,Y,N,N,N,15.861,[6N 22N 26Y 10N ],13.6667,0.1383
Y,N,Y,N,N,N,Y,Y,N,N,Y,Y,N,Y,N,N,N,N,N,N,N,N,N,Y,Y,N,Y,Y,Y,N,N,Y,Y,N,Y,Y,N,N,N,14.610,[6N 22N 26N 3Y ],14.3777,0.0159
Y,N,N,N,N,N,N,Y,N,N,Y,N,N,Y,N,N,N,N,N,N,N,N,N,Y,Y,Y,N,Y,N,N,Y,Y,N,Y,Y,N,N,N,Y,14.744,[6N 22N 26Y 10N ],13.6667,0.0731
Y,N,Y,N,N,N,Y,Y,N,N,Y,Y,N,Y,N,Y,N,N,N,N,N,N,N,Y,Y,Y,N,Y,Y,N,N,Y,Y,N,Y,Y,N,N,N,16.248,[6N 22N 26Y 10N ],13.6667,0.1589
Y,Y,Y,N,N,Y,N,Y,N,N,Y,N,N,Y,N,N,N,Y,N,N,N,N,N,Y,Y,Y,N,Y,Y,N,N,Y,Y,N,Y,Y,N,N,N,16.176,[6Y ],15.0588,0.0691
Y,N,N,N,N,N,N,Y,N,N,Y,N,N,Y,Y,N,N,N,N,N,Y,N,N,Y,Y,Y,N,Y,Y,N,N,Y,N,Y,Y,Y,N,N,N,13.479,[6N 22N 26Y 10N ],13.6667,0.0139
Y,Y,N,N,N,N,N,Y,N,N,Y,N,N,Y,N,Y,N,N,N,N,N,N,N,Y,Y,Y,N,Y,Y,N,N,Y,Y,N,Y,N,N,N,Y,13.346,[6N 22N 26Y 10N ],13.6667,0.0240
Y,N,N,N,N,N,N,Y,N,N,Y,N,N,Y,Y,Y,N,N,N,N,N,N,N,Y,Y,N,Y,Y,Y,N,N,Y,Y,N,Y,N,N,N,Y,14.123,[6N 22N 26N 3N ],14.9307,0.0572
Y,N,N,N,N,N,N,Y,Y,N,Y,Y,N,Y,N,N,N,N,N,N,Y,N,N,Y,Y,Y,N,Y,Y,N,N,Y,Y,N,Y,Y,N,N,N,14.848,[6N 22N 26Y 10N ],13.6667,0.0796
Y,N,N,N,N,N,N,Y,N,N,Y,N,Y,Y,N,N,Y,N,N,N,N,N,N,Y,Y,N,Y,Y,Y,N,N,Y,Y,N,Y,N,Y,N,N,14.742,[6N 22N 26N 3N ],14.9307,0.0128
Y,Y,N,N,N,N,N,Y,N,N,Y,N,Y,Y,N,N,N,N,N,N,N,N,Y,Y,Y,Y,N,Y,Y,N,N,Y,Y,N,Y,Y,N,N,N,15.213,[6N 22N 26Y 10N ],13.6667,0.1016
Y,N,N,N,N,N,N,Y,N,N,Y,N,N,Y,N,N,N,N,Y,N,N,Y,N,Y,Y,Y,N,Y,N,N,Y,Y,Y,N,Y,Y,N,N,N,13.842,[6N 22Y 29N ],13.7242,0.0085
Y,N,N,N,N,N,N,Y,N,N,Y,N,N,Y,N,N,Y,N,N,N,N,N,N,Y,Y,N,Y,Y,N,Y,N,Y,Y,N,Y,N,N,N,Y,14.331,[6N 22N 26N 3N ],14.9307,0.0418
Y,N,N,N,N,N,N,Y,Y,N,Y,N,N,Y,N,N,N,N,Y,N,N,N,N,Y,Y,N,Y,Y,Y,N,N,Y,Y,N,Y,Y,N,N,N,13.663,[6N 22N 26N 3N ],14.9307,0.0928
Y,N,Y,N,N,Y,N,Y,Y,N,Y,N,N,Y,N,Y,N,N,N,N,N,N,N,Y,Y,Y,N,Y,Y,N,N,Y,Y,N,Y,Y,N,N,N,15.957,[6Y ],15.0588,0.0563
Y,Y,Y,N,Y,N,N,Y,N,N,Y,N,N,Y,N,N,N,N,N,N,N,N,Y,Y,Y,Y,N,Y,Y,N,N,Y,Y,N,Y,Y,N,N,N,15.967,[6N 22N 26Y 10N ],13.6667,0.1441
Y,Y,Y,Y,N,N,N,Y,Y,Y,Y,Y,Y,Y,Y,Y,Y,Y,Y,Y,Y,Y,Y,Y,Y,N,Y,Y,N,Y,N,Y,N,Y,Y,N,N,N,Y,14.280,[6N 22Y 29N ],13.7242,0.0389
Y,Y,Y,N,N,Y,N,Y,Y,Y,Y,N,Y,Y,Y,Y,Y,Y,Y,Y,Y,Y,Y,Y,Y,N,Y,Y,Y,N,N,Y,N,Y,Y,N,N,Y,N,14.427,[6Y ],15.0588,0.0438
Y,N,N,N,N,N,N,Y,N,Y,Y,Y,N,Y,N,N,N,N,N,N,N,N,N,Y,Y,N,Y,Y,N,Y,N,Y,Y,N,Y,Y,N,N,N,14.447,[6N 22N 26N 3N ],14.9307,0.0335
Y,Y,Y,N,Y,N,N,Y,N,N,Y,N,N,Y,N,N,Y,N,N,N,N,N,N,Y,Y,Y,N,Y,Y,N,N,Y,Y,N,Y,Y,N,N,N,16.010,[6N 22N 26Y 10N ],13.6667,0.1464
Y,N,Y,N,N,Y,N,Y,N,N,Y,N,N,Y,N,N,N,N,N,Y,N,N,N,Y,Y,N,Y,Y,Y,N,N,Y,Y,N,Y,N,N,N,Y,15.834,[6Y ],15.0588,0.0490
Y,N,Y,N,Y,N,N,Y,N,N,Y,N,N,Y,N,N,Y,N,N,Y,N,N,N,Y,Y,Y,N,Y,Y,N,N,Y,Y,N,Y,Y,N,N,N,15.900,[6N 22N 26Y 10N ],13.6667,0.1405
Y,N,Y,N,N,Y,N,Y,N,N,Y,N,N,Y,N,N,N,N,N,Y,N,N,N,Y,Y,N,Y,Y,N,N,Y,Y,Y,N,Y,Y,N,N,N,14.866,[6Y ],15.0588,0.0130
Y,N,N,N,N,N,N,Y,N,N,Y,Y,Y,Y,N,N,N,N,N,N,N,Y,N,Y,Y,Y,N,Y,Y,N,N,Y,Y,N,Y,Y,N,N,N,14.366,[6N 22Y 29Y ],13.8765,0.0341
Y,Y,Y,N,N,N,Y,Y,Y,Y,Y,N,Y,Y,Y,Y,Y,Y,Y,Y,Y,Y,Y,Y,Y,Y,N,Y,N,N,Y,Y,N,Y,Y,Y,N,N,N,14.431,[6N 22Y 29N ],13.7242,0.0490
Y,N,Y,N,Y,N,N,Y,N,N,Y,N,N,Y,N,N,N,Y,N,Y,N,N,N,Y,Y,Y,N,Y,Y,N,N,Y,Y,N,Y,Y,N,N,N,15.974,[6N 22N 26Y 10N ],13.6667,0.1444
Y,N,N,N,N,N,N,Y,N,N,Y,Y,N,Y,N,N,N,Y,N,N,N,Y,N,Y,Y,Y,N,Y,Y,N,N,Y,Y,N,Y,Y,N,N,N,14.525,[6N 22Y 29Y ],13.8765,0.0446
Y,Y,Y,N,Y,N,N,Y,N,N,Y,N,N,Y,Y,N,N,N,N,N,N,N,N,Y,Y,N,Y,Y,Y,N,N,Y,Y,N,Y,Y,N,N,N,13.915,[6N 22N 26N 3Y ],14.3777,0.0332
Y,N,N,N,N,N,N,Y,N,N,Y,N,N,Y,N,N,N,Y,N,N,N,N,N,Y,Y,N,Y,Y,Y,N,N,Y,Y,N,Y,N,N,N,Y,13.832,[6N 22N 26N 3N ],14.9307,0.0794
Y,N,N,N,N,N,N,Y,N,N,Y,N,N,Y,N,N,N,N,N,N,N,N,Y,Y,Y,Y,N,Y,N,N,Y,Y,Y,N,Y,Y,N,N,N,13.421,[6N 22N 26Y 10N ],13.6667,0.0183
Y,N,Y,N,Y,N,N,Y,Y,N,Y,N,N,Y,N,N,N,N,N,N,N,N,N,Y,Y,N,Y,Y,Y,N,N,Y,Y,N,Y,N,N,N,Y,13.898,[6N 22N 26N 3Y ],14.3777,0.0345
Y,Y,Y,N,N,N,Y,Y,Y,Y,Y,Y,Y,Y,N,Y,Y,Y,Y,Y,Y,Y,Y,Y,Y,Y,N,Y,N,N,Y,Y,N,Y,Y,Y,N,N,N,12.933,[6N 22Y 29N ],13.7242,0.0612
Y,N,N,N,N,N,N,Y,N,N,Y,N,N,Y,N,N,Y,N,N,N,Y,N,N,Y,Y,N,Y,Y,Y,N,N,Y,Y,N,Y,N,N,Y,N,15.114,[6N 22N 26N 3N ],14.9307,0.0121
Y,N,Y,N,Y,N,N,Y,N,N,Y,Y,N,Y,N,N,Y,N,N,N,N,N,N,Y,Y,Y,N,Y,Y,N,N,Y,Y,N,Y,Y,N,N,N,16.079,[6N 22N 26Y 10N ],13.6667,0.1500
Y,Y,Y,N,N,Y,N,Y,Y,Y,Y,Y,Y,Y,Y,Y,Y,Y,Y,Y,Y,Y,Y,Y,Y,Y,N,Y,N,N,Y,Y,Y,N,Y,Y,N,N,N,14.978,[6Y ],15.0588,0.0054
Y,N,Y,Y,N,N,N,Y,N,N,Y,N,N,Y,N,N,N,N,Y,N,N,N,N,Y,Y,N,Y,Y,Y,N,N,Y,Y,N,Y,N,Y,N,N,13.716,[6N 22N 26N 3Y ],14.3777,0.0482
Y,N,Y,N,Y,N,N,Y,Y,N,Y,N,N,Y,N,Y,N,N,N,N,N,N,N,Y,Y,Y,N,Y,Y,N,N,Y,Y,N,Y,Y,N,N,N,15.922,[6N 22N 26Y 10N ],13.6667,0.1416
Y,Y,N,N,N,N,N,Y,Y,N,Y,Y,N,Y,N,N,N,N,N,N,N,N,N,Y,Y,N,Y,Y,Y,N,N,Y,Y,N,Y,Y,N,N,N,13.162,[6N 22N 26N 3N ],14.9307,0.1344
Y,Y,Y,N,N,Y,N,Y,Y,Y,Y,Y,Y,Y,Y,Y,Y,Y,Y,Y,Y,N,Y,Y,Y,N,Y,Y,N,Y,N,Y,N,Y,Y,N,N,N,Y,14.459,[6Y ],15.0588,0.0415
Y,N,N,N,N,N,N,Y,Y,N,Y,Y,N,Y,N,N,N,N,N,N,N,Y,N,Y,Y,N,Y,Y,Y,N,N,Y,Y,N,Y,Y,N,N,N,14.057,[6N 22Y 29Y ],13.8765,0.0128
Y,N,Y,N,N,Y,N,Y,N,N,Y,Y,N,Y,N,N,N,N,N,N,N,N,N,Y,Y,Y,N,Y,N,Y,N,Y,Y,N,Y,Y,N,N,N,14.766,[6Y ],15.0588,0.0198
Y,N,Y,N,N,N,Y,Y,N,N,Y,N,N,Y,N,N,N,N,N,N,Y,Y,N,Y,Y,N,Y,Y,Y,N,N,Y,Y,N,Y,Y,N,N,N,13.576,[6N 22Y 29Y ],13.8765,0.0221
Y,N,Y,N,Y,N,N,Y,N,N,Y,N,N,Y,N,N,N,N,Y,N,N,Y,N,Y,Y,N,Y,Y,Y,N,N,Y,Y,N,Y,Y,N,N,N,14.945,[6N 22Y 29Y ],13.8765,0.0715
Y,N,Y,Y,N,N,N,Y,N,N,Y,N,N,Y,N,Y,N,N,N,N,N,N,N,Y,Y,Y,N,Y,N,N,Y,Y,Y,N,Y,Y,N,N,N,13.205,[6N 22N 26Y 10N ],13.6667,0.0350
Y,N,Y,N,N,Y,N,Y,N,N,Y,N,N,Y,N,N,N,N,N,N,Y,N,N,Y,Y,Y,N,Y,Y,N,N,Y,Y,N,Y,N,N,N,Y,15.868,[6Y ],15.0588,0.0510
Y,Y,N,N,N,N,N,Y,N,N,Y,N,N,Y,N,N,N,N,N,N,Y,N,N,Y,Y,Y,N,Y,N,N,Y,Y,Y,N,Y,Y,N,N,N,14.117,[6N 22N 26Y 10N ],13.6667,0.0319
Y,N,N,N,N,N,N,Y,N,N,Y,Y,N,Y,N,N,N,Y,Y,N,N,N,N,Y,Y,Y,N,Y,Y,N,N,Y,Y,N,Y,Y,N,N,N,14.230,[6N 22N 26Y 10N ],13.6667,0.0396
Y,Y,N,N,N,N,N,Y,Y,Y,Y,Y,Y,Y,Y,Y,Y,Y,Y,Y,Y,Y,Y,Y,Y,Y,N,Y,N,Y,N,Y,Y,N,Y,Y,N,N,N,13.071,[6N 22Y 29N ],13.7242,0.0500
Y,N,Y,N,N,N,Y,Y,N,Y,Y,N,N,Y,N,N,N,N,N,N,N,N,N,Y,Y,N,Y,Y,Y,N,N,Y,Y,N,Y,N,N,Y,N,14.604,[6N 22N 26N 3Y ],14.3777,0.0155
Y,Y,N,N,N,N,N,Y,N,N,Y,N,N,Y,Y,N,N,N,N,Y,N,N,N,Y,Y,Y,N,Y,Y,N,N,Y,Y,N,Y,Y,N,N,N,14.927,[6N 22N 26Y 10N ],13.6667,0.0844
Y,N,Y,Y,N,N,N,Y,N,N,Y,N,N,Y,N,Y,Y,N,N,N,N,N,N,Y,Y,Y,N,Y,Y,N,N,Y,Y,N,Y,Y,N,N,N,14.248,[6N 22N 26Y 10N ],13.6667,0.0408
Y,N,N,N,N,N,N,Y,N,N,Y,N,N,Y,Y,N,Y,N,N,N,N,N,N,Y,Y,N,Y,Y,Y,N,N,Y,Y,N,Y,N,Y,N,N,14.410,[6N 22N 26N 3N ],14.9307,0.0361
Y,N,N,N,N,N,N,Y,N,N,Y,N,N,Y,N,N,N,N,N,N,N,N,N,Y,Y,N,Y,Y,Y,N,N,Y,Y,N,Y,Y,N,N,N,14.325,[6N 22N 26N 3N ],14.9307,0.0423
Y,N,Y,N,N,N,Y,Y,N,N,Y,N,N,Y,N,N,N,N,N,N,N,Y,N,Y,Y,N,Y,Y,Y,N,N,Y,Y,N,Y,N,N,Y,N,14.450,[6N 22Y 29Y ],13.8765,0.0397
N,Y,N,N,N,N,N,N,N,N,N,N,N,N,N,N,N,N,N,N,N,N,N,N,N,Y,N,N,Y,N,N,N,Y,N,Y,Y,N,N,N,14.088,[6N 22N 26Y 10N ],13.6667,0.0299
Y,N,N,N,N,N,N,Y,N,N,Y,N,N,Y,N,N,Y,Y,N,N,N,N,N,Y,Y,N,Y,Y,Y,N,N,Y,Y,N,Y,N,N,Y,N,13.684,[6N 22N 26N 3N ],14.9307,0.0911
Y,N,Y,Y,N,N,N,Y,N,N,Y,N,N,Y,N,N,N,N,N,Y,N,N,N,Y,Y,N,Y,Y,N,Y,N,Y,Y,N,Y,Y,N,N,N,13.877,[6N 22N 26N 3Y ],14.3777,0.0361
Y,Y,N,N,N,N,N,Y,N,N,Y,N,N,Y,N,N,N,N,N,N,N,N,N,Y,Y,N,Y,Y,N,Y,N,Y,N,Y,Y,Y,N,N,N,14.804,[6N 22N 26N 3N ],14.9307,0.0086
Y,N,N,N,N,N,N,Y,N,N,Y,N,N,Y,N,N,Y,N,N,N,N,Y,N,Y,Y,Y,N,Y,Y,N,N,Y,Y,N,Y,N,Y,N,N,13.375,[6N 22Y 29Y ],13.8765,0.0375
Y,N,N,N,N,N,N,Y,N,N,Y,N,N,Y,Y,N,Y,N,N,N,N,N,N,Y,Y,Y,N,Y,Y,N,N,Y,Y,N,Y,N,N,Y,N,13.576,[6N 22N 26Y 10N ],13.6667,0.0067
Y,N,N,N,N,N,N,Y,Y,N,Y,N,N,Y,N,N,N,N,N,N,N,N,N,Y,Y,Y,N,Y,N,Y,N,Y,N,Y,Y,Y,N,N,N,14.097,[6N 22N 26Y 10N ],13.6667,0.0305
Y,N,Y,N,N,N,Y,Y,N,N,Y,N,N,Y,N,Y,N,N,N,N,N,Y,N,Y,Y,N,Y,Y,Y,N,N,Y,Y,N,Y,Y,N,N,N,14.181,[6N 22Y 29Y ],13.8765,0.0215
Y,N,N,N,N,N,N,Y,N,N,Y,N,N,Y,N,N,N,N,N,N,N,N,N,Y,Y,Y,N,Y,Y,N,N,Y,N,Y,Y,N,N,N,Y,14.986,[6N 22N 26Y 10N ],13.6667,0.0880
Y,N,N,N,N,N,N,Y,N,N,Y,Y,N,Y,N,N,N,N,N,Y,N,N,N,Y,Y,N,Y,Y,Y,N,N,Y,Y,N,Y,Y,N,N,N,13.375,[6N 22N 26N 3N ],14.9307,0.1163
Y,N,N,N,N,N,N,Y,N,N,Y,Y,N,Y,N,N,N,N,N,Y,N,N,N,Y,Y,N,Y,Y,Y,N,N,Y,Y,N,Y,N,Y,N,N,14.780,[6N 22N 26N 3N ],14.9307,0.0102
Y,N,Y,N,N,Y,N,Y,Y,Y,Y,Y,Y,Y,Y,Y,Y,Y,Y,Y,Y,Y,Y,Y,Y,Y,N,Y,N,N,Y,Y,Y,N,Y,N,Y,N,N,14.465,[6Y ],15.0588,0.0411
Y,Y,N,N,N,N,N,Y,N,N,Y,N,N,Y,N,N,Y,N,N,N,N,N,N,Y,Y,N,Y,Y,Y,N,N,Y,N,Y,Y,Y,N,N,N,15.309,[6N 22N 26N 3N ],14.9307,0.0247
Y,N,N,N,N,N,N,Y,N,Y,Y,N,N,Y,Y,N,N,N,N,Y,N,N,N,Y,Y,Y,N,Y,Y,N,N,Y,Y,N,Y,Y,N,N,N,15.102,[6N 22N 26Y 10Y ],14.5610,0.0358
Y,N,Y,Y,N,N,N,Y,N,N,Y,N,N,Y,N,N,N,Y,N,N,N,N,N,Y,Y,Y,N,Y,Y,N,N,Y,Y,N,Y,N,N,N,Y,13.856,[6N 22N 26Y 10N ],13.6667,0.0137
Y,N,N,N,N,N,N,Y,N,N,Y,N,N,Y,N,N,N,N,N,N,Y,Y,N,Y,Y,N,Y,Y,Y,N,N,Y,Y,N,Y,N,N,Y,N,14.522,[6N 22Y 29Y ],13.8765,0.0444
N,N,N,N,N,N,N,N,N,N,N,N,N,N,N,N,N,N,Y,N,N,N,N,N,N,Y,N,N,Y,N,N,N,Y,N,Y,Y,N,N,N,14.223,[6N 22N 26Y 10N ],13.6667,0.0391
Y,N,Y,N,N,Y,N,Y,N,N,Y,N,N,Y,Y,N,Y,N,N,N,N,N,N,Y,Y,Y,N,Y,Y,N,N,Y,Y,N,Y,Y,N,N,N,16.006,[6Y ],15.0588,0.0592
Y,N,Y,Y,N,N,N,Y,Y,N,Y,N,N,Y,N,Y,N,N,N,N,N,N,N,Y,Y,N,Y,Y,Y,N,N,Y,Y,N,Y,Y,N,N,N,13.844,[6N 22N 26N 3Y ],14.3777,0.0385
Y,N,N,N,N,N,N,Y,N,N,Y,N,N,Y,Y,Y,N,N,N,N,N,N,N,Y,Y,N,Y,Y,Y,N,N,Y,Y,N,Y,N,Y,N,N,15.044,[6N 22N 26N 3N ],14.9307,0.0075
Y,N,N,N,N,N,N,Y,N,N,Y,N,Y,Y,N,N,N,N,N,N,N,N,N,Y,Y,N,Y,Y,Y,N,N,Y,N,Y,Y,N,Y,N,N,15.197,[6N 22N 26N 3N ],14.9307,0.0175
Y,N,N,N,N,N,N,Y,Y,N,Y,N,N,Y,N,N,N,N,N,Y,N,N,N,Y,Y,Y,N,Y,N,Y,N,Y,Y,N,Y,Y,N,N,N,14.454,[6N 22N 26Y 10N ],13.6667,0.0545
Y,N,N,N,N,N,N,Y,N,N,Y,Y,N,Y,N,N,N,N,N,N,Y,N,N,Y,Y,N,Y,Y,Y,N,N,Y,Y,N,Y,Y,N,N,N,13.518,[6N 22N 26N 3N ],14.9307,0.1045
Y,N,N,N,N,N,N,Y,N,N,Y,Y,N,Y,N,Y,N,N,N,Y,N,N,N,Y,Y,N,Y,Y,Y,N,N,Y,Y,N,Y,Y,N,N,N,14.182,[6N 22N 26N 3N ],14.9307,0.0528
Y,N,N,N,N,N,N,Y,N,N,Y,Y,Y,Y,N,N,N,N,N,N,N,N,N,Y,Y,Y,N,Y,Y,N,N,Y,N,Y,Y,Y,N,N,N,13.888,[6N 22N 26Y 10N ],13.6667,0.0159
Y,N,N,N,N,N,N,Y,N,N,Y,N,N,Y,N,N,N,N,Y,N,N,N,N,Y,Y,N,Y,Y,N,Y,N,Y,Y,N,Y,N,N,N,Y,14.154,[6N 22N 26N 3N ],14.9307,0.0549
Y,N,Y,N,N,Y,N,Y,N,N,Y,N,N,Y,N,N,Y,N,Y,N,N,N,N,Y,Y,Y,N,Y,Y,N,N,Y,Y,N,Y,Y,N,N,N,15.411,[6Y ],15.0588,0.0229
Y,N,Y,Y,N,N,N,Y,N,N,Y,N,N,Y,Y,Y,N,N,N,N,N,N,N,Y,Y,N,Y,Y,Y,N,N,Y,Y,N,Y,Y,N,N,N,15.254,[6N 22N 26N 3Y ],14.3777,0.0574
Y,N,N,N,N,N,N,Y,N,N,Y,N,N,Y,N,N,N,N,N,N,N,Y,Y,Y,Y,N,Y,Y,Y,N,N,Y,Y,N,Y,N,Y,N,N,14.773,[6N 22Y 29Y ],13.8765,0.0607
Y,N,N,N,N,N,N,Y,N,Y,Y,N,N,Y,N,N,N,N,N,N,Y,N,N,Y,Y,N,Y,Y,N,N,Y,Y,Y,N,Y,Y,N,N,N,15.917,[6N 22N 26N 3N ],14.9307,0.0620
Y,N,N,N,N,N,N,Y,N,N,Y,N,N,Y,N,N,N,N,N,N,N,N,N,Y,Y,N,Y,Y,N,Y,N,Y,N,Y,Y,N,N,N,Y,14.642,[6N 22N 26N 3N ],14.9307,0.0197
Y,N,Y,Y,N,N,N,Y,N,N,Y,N,N,Y,N,Y,N,N,Y,N,N,N,N,Y,Y,N,Y,Y,Y,N,N,Y,Y,N,Y,Y,N,N,N,14.645,[6N 22N 26N 3Y ],14.3777,0.0183
Y,Y,N,N,N,N,N,Y,N,N,Y,N,Y,Y,N,Y,N,N,N,N,N,N,N,Y,Y,Y,N,Y,Y,N,N,Y,Y,N,Y,Y,N,N,N,15.295,[6N 22N 26Y 10N ],13.6667,0.1065
Y,Y,Y,N,N,N,Y,Y,Y,Y,Y,Y,Y,Y,Y,Y,Y,Y,Y,Y,N,Y,Y,Y,Y,Y,N,Y,Y,N,N,Y,N,Y,Y,N,N,N,Y,14.003,[6N 22Y 29Y ],13.8765,0.0090
Y,N,N,N,N,N,N,Y,N,N,Y,N,N,Y,N,N,N,N,N,N,N,N,N,Y,Y,N,Y,Y,Y,N,N,Y,N,Y,Y,N,Y,N,N,14.896,[6N 22N 26N 3N ],14.9307,0.0023
Y,N,Y,N,N,Y,N,Y,N,N,Y,N,N,Y,N,N,Y,Y,N,N,N,N,N,Y,Y,N,Y,Y,Y,N,N,Y,Y,N,Y,Y,N,N,N,14.421,[6Y ],15.0588,0.0442
Y,N,N,N,N,N,N,Y,N,Y,Y,N,N,Y,N,N,N,N,N,Y,N,N,N,Y,Y,Y,N,Y,N,N,Y,Y,Y,N,Y,Y,N,N,N,13.808,[6N 22N 26Y 10Y ],14.5610,0.0545
Y,N,N,N,N,N,N,Y,N,N,Y,N,Y,Y,N,N,N,N,N,N,N,N,N,Y,Y,Y,N,Y,Y,N,N,Y,Y,N,Y,Y,N,N,N,14.223,[6N 22N 26Y 10N ],13.6667,0.0391
Y,N,N,N,N,N,N,Y,N,Y,Y,N,N,Y,N,N,N,Y,N,N,N,N,N,Y,Y,Y,N,Y,N,N,Y,Y,Y,N,Y,Y,N,N,N,14.223,[6N 22N 26Y 10Y ],14.5610,0.0238
Y,N,N,N,N,N,N,Y,Y,N,Y,Y,N,Y,N,N,N,N,N,N,N,N,N,Y,Y,Y,N,Y,N,N,Y,Y,Y,N,Y,Y,N,N,N,13.676,[6N 22N 26Y 10N ],13.6667,0.0007
Y,Y,N,N,N,N,N,Y,N,N,Y,N,N,Y,N,N,N,N,N,N,N,N,N,Y,Y,N,Y,Y,N,N,Y,Y,Y,N,Y,Y,N,N,N,13.927,[6N 22N 26N 3N ],14.9307,0.0721
Y,Y,N,N,N,N,N,Y,N,N,Y,N,N,Y,N,N,N,N,N,N,N,Y,N,Y,Y,Y,N,Y,Y,N,N,Y,N,Y,Y,Y,N,N,N,13.952,[6N 22Y 29Y ],13.8765,0.0054
Y,N,N,N,N,N,N,Y,N,N,Y,N,N,Y,N,N,N,N,N,N,N,N,N,Y,Y,N,Y,Y,N,N,Y,Y,N,Y,Y,N,N,N,Y,16.043,[6N 22N 26N 3N ],14.9307,0.0693
Y,N,Y,N,N,N,Y,Y,N,N,Y,N,N,Y,N,N,N,N,Y,N,N,N,N,Y,Y,N,Y,Y,Y,N,N,Y,Y,N,Y,N,Y,N,N,14.529,[6N 22N 26N 3Y ],14.3777,0.0104
Y,N,N,N,N,N,N,Y,N,N,Y,N,N,Y,N,N,N,N,Y,Y,N,N,N,Y,Y,Y,N,Y,Y,N,N,Y,Y,N,Y,N,N,N,Y,13.979,[6N 22N 26Y 10N ],13.6667,0.0223
Y,N,N,N,N,N,N,Y,N,N,Y,N,Y,Y,N,N,Y,N,N,N,N,N,N,Y,Y,N,Y,Y,Y,N,N,Y,Y,N,Y,N,N,N,Y,14.633,[6N 22N 26N 3N ],14.9307,0.0203
Y,N,N,N,N,N,N,Y,N,N,Y,N,N,Y,N,Y,N,Y,N,N,N,N,N,Y,Y,Y,N,Y,Y,N,N,Y,Y,N,Y,N,N,N,Y,14.221,[6N 22N 26Y 10N ],13.6667,0.0390
Y,N,N,N,N,N,N,Y,N,Y,Y,N,N,Y,N,Y,N,N,N,N,N,N,N,Y,Y,Y,N,Y,N,N,Y,Y,Y,N,Y,Y,N,N,N,14.211,[6N 22N 26Y 10Y ],14.5610,0.0246
Y,N,N,N,N,N,N,Y,N,N,Y,N,N,Y,N,N,Y,N,N,N,N,Y,N,Y,Y,Y,N,Y,Y,N,N,Y,Y,N,Y,N,N,Y,N,13.583,[6N 22Y 29Y ],13.8765,0.0216
Y,N,Y,N,N,N,Y,Y,N,N,Y,Y,N,Y,N,N,N,N,N,N,N,Y,N,Y,Y,N,Y,Y,Y,N,N,Y,Y,N,Y,Y,N,N,N,14.652,[6N 22Y 29Y ],13.8765,0.0529
Y,N,Y,N,Y,N,N,Y,N,N,Y,Y,N,Y,N,N,N,N,Y,N,N,N,N,Y,Y,Y,N,Y,Y,N,N,Y,Y,N,Y,Y,N,N,N,15.397,[6N 22N 26Y 10N ],13.6667,0.1124
Y,N,N,N,N,N,N,Y,N,N,Y,N,N,Y,N,N,N,N,N,N,N,N,N,Y,Y,N,Y,Y,N,Y,N,Y,Y,N,Y,Y,N,N,N,14.854,[6N 22N 26N 3N ],14.9307,0.0052
Y,N,Y,N,N,N,Y,Y,Y,N,Y,N,N,Y,N,N,N,N,N,N,N,N,N,Y,Y,Y,N,Y,Y,N,N,Y,Y,N,Y,Y,N,N,N,14.478,[6N 22N 26Y 10N ],13.6667,0.0560
Y,N,Y,N,N,N,Y,Y,Y,N,Y,N,N,Y,N,N,N,N,N,N,N,N,N,Y,Y,Y,N,Y,N,Y,N,Y,Y,N,Y,Y,N,N,N,15.068,[6N 22N 26Y 10N ],13.6667,0.0930
Y,N,Y,N,N,Y,N,Y,N,Y,Y,N,N,Y,Y,N,N,N,N,N,N,N,N,Y,Y,N,Y,Y,Y,N,N,Y,Y,N,Y,Y,N,N,N,14.384,[6Y ],15.0588,0.0469
Y,Y,N,N,N,N,N,Y,N,N,Y,N,N,Y,Y,N,N,N,N,N,N,N,N,Y,Y,N,Y,Y,Y,N,N,Y,Y,N,Y,Y,N,N,N,13.462,[6N 22N 26N 3N ],14.9307,0.1091
N,N,N,N,N,N,N,N,N,N,N,N,N,N,N,N,N,N,N,Y,N,N,N,N,N,Y,N,N,Y,N,N,N,Y,N,Y,Y,N,N,N,14.229,[6N 22N 26Y 10N ],13.6667,0.0395
Y,N,N,N,N,N,N,Y,N,N,Y,N,N,Y,N,N,N,N,N,N,Y,Y,N,Y,Y,Y,N,Y,Y,N,N,Y,N,Y,Y,Y,N,N,N,13.701,[6N 22Y 29Y ],13.8765,0.0128
Y,N,N,N,N,N,N,Y,N,N,Y,Y,N,Y,N,N,N,N,N,N,N,N,N,Y,Y,N,Y,Y,N,Y,N,Y,Y,N,Y,N,Y,N,N,14.417,[6N 22N 26N 3N ],14.9307,0.0356
Y,Y,Y,N,N,Y,N,Y,N,Y,Y,Y,Y,Y,Y,Y,Y,Y,Y,Y,Y,Y,Y,Y,Y,Y,N,Y,N,N,Y,Y,Y,N,Y,Y,N,N,N,14.153,[6Y ],15.0588,0.0640
Y,N,Y,Y,N,N,N,Y,N,N,Y,N,N,Y,N,N,N,N,N,Y,Y,N,N,Y,Y,Y,N,Y,Y,N,N,Y,Y,N,Y,Y,N,N,N,14.370,[6N 22N 26Y 10N ],13.6667,0.0489
Y,N,N,N,N,N,N,Y,N,N,Y,N,Y,Y,Y,N,N,N,N,N,N,N,N,Y,Y,Y,N,Y,Y,N,N,Y,Y,N,Y,N,Y,N,N,13.378,[6N 22N 26Y 10N ],13.6667,0.0216
Y,Y,N,N,N,N,N,Y,N,N,Y,Y,N,Y,N,N,N,N,N,N,Y,N,N,Y,Y,Y,N,Y,Y,N,N,Y,Y,N,Y,Y,N,N,N,14.918,[6N 22N 26Y 10N ],13.6667,0.0839
Y,N,Y,N,Y,N,N,Y,N,Y,Y,N,N,Y,N,N,N,N,N,N,N,N,Y,Y,Y,N,Y,Y,Y,N,N,Y,Y,N,Y,Y,N,N,N,15.463,[6N 22N 26N 3Y ],14.3777,0.0702
Y,Y,N,N,N,N,N,Y,N,Y,Y,N,N,Y,N,N,N,N,Y,N,N,N,N,Y,Y,N,Y,Y,Y,N,N,Y,Y,N,Y,Y,N,N,N,14.099,[6N 22N 26N 3N ],14.9307,0.0590
Y,Y,Y,N,N,Y,N,Y,Y,Y,Y,Y,Y,Y,Y,Y,Y,Y,N,Y,Y,Y,Y,Y,Y,Y,N,Y,N,N,Y,Y,Y,N,Y,N,Y,N,N,14.649,[6Y ],15.0588,0.0280
Y,Y,Y,N,N,N,Y,Y,N,N,Y,N,N,Y,N,N,N,N,N,N,N,N,N,Y,Y,N,Y,Y,N,N,Y,Y,Y,N,Y,Y,N,N,N,14.195,[6N 22N 26N 3Y ],14.3777,0.0129
Y,N,N,N,N,N,N,Y,N,N,Y,N,N,Y,N,Y,N,N,Y,N,N,N,N,Y,Y,N,Y,Y,Y,N,N,Y,Y,N,Y,Y,N,N,N,13.419,[6N 22N 26N 3N ],14.9307,0.1127
Y,N,N,N,N,N,N,Y,N,Y,Y,N,N,Y,N,N,N,N,Y,N,Y,N,N,Y,Y,N,Y,Y,Y,N,N,Y,Y,N,Y,Y,N,N,N,15.252,[6N 22N 26N 3N ],14.9307,0.0211
Y,N,Y,N,N,Y,N,Y,Y,Y,Y,Y,Y,Y,Y,Y,Y,Y,Y,Y,Y,Y,Y,Y,Y,N,Y,Y,N,Y,N,Y,N,Y,Y,N,N,N,Y,14.752,[6Y ],15.0588,0.0208
Y,Y,N,N,N,N,N,Y,N,Y,Y,N,N,Y,N,N,N,N,N,N,N,N,N,Y,Y,Y,N,Y,N,Y,N,Y,Y,N,Y,Y,N,N,N,13.662,[6N 22N 26Y 10Y ],14.5610,0.0658
Y,N,Y,Y,N,N,N,Y,N,N,Y,N,Y,Y,N,N,N,N,N,N,N,N,N,Y,Y,N,Y,Y,Y,N,N,Y,Y,N,Y,N,N,Y,N,14.302,[6N 22N 26N 3Y ],14.3777,0.0053
Y,N,N,N,N,N,N,Y,N,N,Y,N,Y,Y,Y,N,N,N,N,N,N,N,N,Y,Y,Y,N,Y,Y,N,N,Y,Y,N,Y,N,N,Y,N,13.238,[6N 22N 26Y 10N ],13.6667,0.0324
Y,N,N,N,N,N,N,Y,N,Y,Y,N,N,Y,N,N,N,Y,N,N,N,N,Y,Y,Y,N,Y,Y,Y,N,N,Y,Y,N,Y,Y,N,N,N,15.525,[6N 22N 26N 3N ],14.9307,0.0383
Y,N,Y,Y,N,N,N,Y,N,N,Y,Y,N,Y,N,N,N,N,N,N,N,N,Y,Y,Y,Y,N,Y,Y,N,N,Y,Y,N,Y,Y,N,N,N,14.457,[6N 22N 26Y 10N ],13.6667,0.0547
Y,N,Y,N,N,Y,N,Y,N,N,Y,N,N,Y,N,N,N,N,N,N,N,N,N,Y,Y,N,Y,Y,Y,N,N,Y,N,Y,Y,Y,N,N,N,15.176,[6Y ],15.0588,0.0077
Y,N,Y,N,N,Y,N,Y,Y,Y,Y,Y,Y,Y,Y,Y,Y,Y,Y,Y,Y,Y,Y,Y,Y,N,Y,Y,Y,N,N,Y,N,Y,Y,N,Y,N,N,14.355,[6Y ],15.0588,0.0490
Y,Y,Y,Y,N,N,N,Y,Y,Y,Y,Y,Y,Y,N,Y,Y,Y,Y,Y,Y,Y,Y,Y,Y,N,Y,Y,N,N,Y,Y,Y,N,Y,N,N,N,Y,13.111,[6N 22Y 29N ],13.7242,0.0468
Y,N,N,N,N,N,N,Y,N,N,Y,N,N,Y,N,N,N,N,Y,N,Y,N,Y,Y,Y,Y,N,Y,Y,N,N,Y,Y,N,Y,Y,N,N,N,13.575,[6N 22N 26Y 10N ],13.6667,0.0068
Y,N,N,N,N,N,N,Y,N,N,Y,N,N,Y,N,N,Y,Y,N,N,N,N,N,Y,Y,Y,N,Y,Y,N,N,Y,Y,N,Y,N,N,Y,N,14.026,[6N 22N 26Y 10N ],13.6667,0.0256
Y,Y,Y,N,N,Y,N,Y,Y,Y,Y,Y,Y,Y,Y,Y,Y,Y,Y,Y,Y,N,Y,Y,Y,Y,N,Y,N,N,Y,Y,Y,N,Y,N,N,Y,N,14.665,[6Y ],15.0588,0.0269
Y,N,Y,N,Y,N,N,Y,N,N,Y,N,N,Y,N,N,N,N,N,Y,N,N,N,Y,Y,N,Y,Y,Y,N,N,Y,N,Y,Y,Y,N,N,N,15.310,[6N 22N 26N 3Y ],14.3777,0.0609
Y,Y,N,N,N,N,N,Y,N,N,Y,N,N,Y,N,N,N,N,N,N,N,Y,N,Y,Y,Y,N,Y,N,Y,N,Y,Y,N,Y,Y,N,N,N,13.955,[6N 22Y 29N ],13.7242,0.0165
Y,Y,Y,N,Y,N,N,Y,Y,Y,Y,N,Y,Y,Y,Y,Y,Y,Y,Y,Y,Y,Y,Y,Y,Y,N,Y,N,N,Y,Y,Y,N,Y,N,Y,N,N,14.771,[6N 22Y 29N ],13.7242,0.0709
Y,Y,N,N,N,N,N,Y,N,N,Y,N,N,Y,N,N,N,N,Y,N,N,N,Y,Y,Y,Y,N,Y,Y,N,N,Y,Y,N,Y,Y,N,N,N,14.864,[6N 22N 26Y 10N ],13.6667,0.0806
Y,N,N,N,N,N,N,Y,Y,N,Y,N,N,Y,N,N,N,N,N,Y,Y,N,N,Y,Y,Y,N,Y,Y,N,N,Y,Y,N,Y,Y,N,N,N,15.027,[6N 22N 26Y 10N ],13.6667,0.0905
Y,N,N,N,N,N,N,Y,N,N,Y,N,N,Y,N,N,N,N,N,Y,N,N,N,Y,Y,N,Y,Y,N,Y,N,Y,Y,N,Y,N,N,Y,N,14.659,[6N 22N 26N 3N ],14.9307,0.0185
Y,N,N,N,N,N,N,Y,N,N,Y,N,N,Y,Y,N,N,N,N,Y,N,N,N,Y,Y,Y,N,Y,Y,N,N,Y,N,Y,Y,Y,N,N,N,13.348,[6N 22N 26Y 10N ],13.6667,0.0239
Y,Y,N,N,N,N,N,Y,N,N,Y,N,N,Y,N,N,N,Y,N,N,N,Y,N,Y,Y,Y,N,Y,Y,N,N,Y,Y,N,Y,Y,N,N,N,14.764,[6N 22Y 29Y ],13.8765,0.0601
Y,N,Y,N,N,Y,N,Y,N,Y,Y,N,Y,Y,N,N,N,N,N,N,N,N,N,Y,Y,N,Y,Y,Y,N,N,Y,Y,N,Y,Y,N,N,N,15.640,[6Y ],15.0588,0.0372
Y,Y,N,N,N,N,N,Y,N,N,Y,N,N,Y,N,N,N,Y,N,N,N,N,N,Y,Y,N,Y,Y,N,N,Y,Y,Y,N,Y,Y,N,N,N,13.746,[6N 22N 26N 3N ],14.9307,0.0862
Y,N,N,N,N,N,N,Y,N,N,Y,N,Y,Y,N,N,N,N,N,N,N,N,N,Y,Y,N,Y,Y,N,N,Y,Y,Y,N,Y,Y,N,N,N,13.876,[6N 22N 26N 3N ],14.9307,0.0760
Y,Y,N,N,N,N,N,Y,N,N,Y,Y,Y,Y,N,N,N,N,N,N,N,N,N,Y,Y,Y,N,Y,Y,N,N,Y,Y,N,Y,Y,N,N,N,14.179,[6N 22N 26Y 10N ],13.6667,0.0361
Y,N,N,N,N,N,N,Y,N,N,Y,N,N,Y,N,N,N,N,N,N,N,N,N,Y,Y,N,Y,Y,N,Y,N,Y,Y,N,Y,N,N,Y,N,14.937,[6N 22N 26N 3N ],14.9307,0.0004
Y,N,N,N,N,N,N,Y,N,N,Y,N,N,Y,N,N,N,N,N,Y,Y,N,N,Y,Y,N,Y,Y,Y,N,N,Y,Y,N,Y,N,N,N,Y,14.818,[6N 22N 26N 3N ],14.9307,0.0076
Y,Y,Y,N,Y,N,N,Y,Y,Y,Y,Y,Y,Y,Y,Y,Y,Y,Y,Y,Y,N,Y,Y,Y,Y,N,Y,N,N,Y,Y,Y,N,Y,Y,N,N,N,14.483,[6N 22N 26Y 10Y ],14.5610,0.0054
Y,N,Y,N,N,Y,N,Y,N,N,Y,N,N,Y,N,Y,Y,N,N,N,N,N,N,Y,Y,N,Y,Y,Y,N,N,Y,Y,N,Y,Y,N,N,N,13.460,[6Y ],15.0588,0.1188
Y,Y,Y,Y,N,N,N,Y,Y,Y,Y,Y,Y,Y,Y,Y,Y,Y,Y,Y,Y,N,Y,Y,Y,N,Y,Y,N,N,Y,Y,Y,N,Y,N,N,N,Y,13.736,[6N 22N 26N 3Y ],14.3777,0.0467
Y,N,N,N,N,N,N,Y,N,N,Y,Y,N,Y,N,N,N,N,N,Y,N,N,N,Y,Y,Y,N,Y,Y,N,N,Y,Y,N,Y,N,N,Y,N,14.119,[6N 22N 26Y 10N ],13.6667,0.0320
Y,N,N,N,N,N,N,Y,N,N,Y,N,N,Y,N,N,N,Y,Y,N,N,N,N,Y,Y,Y,N,Y,Y,N,N,Y,Y,N,Y,N,N,N,Y,14.534,[6N 22N 26Y 10N ],13.6667,0.0597
Y,Y,Y,N,N,N,Y,Y,Y,Y,Y,Y,Y,Y,Y,Y,Y,Y,N,Y,Y,Y,Y,Y,Y,N,Y,Y,Y,N,N,Y,Y,N,Y,Y,N,N,N,13.936,[6N 22Y 29Y ],13.8765,0.0043
Y,Y,Y,N,N,Y,N,Y,Y,Y,Y,Y,Y,Y,Y,Y,Y,Y,N,Y,Y,Y,Y,Y,Y,Y,N,Y,N,N,Y,Y,Y,N,Y,Y,N,N,N,14.757,[6Y ],15.0588,0.0205
Y,N,N,N,N,N,N,Y,Y,N,Y,N,N,Y,Y,N,N,N,N,N,N,N,N,Y,Y,Y,N,Y,Y,N,N,Y,Y,N,Y,N,N,Y,N,13.962,[6N 22N 26Y 10N ],13.6667,0.0212
Y,N,N,N,N,N,N,Y,N,N,Y,N,N,Y,N,N,N,N,Y,Y,N,N,N,Y,Y,N,Y,Y,Y,N,N,Y,Y,N,Y,Y,N,N,N,13.690,[6N 22N 26N 3N ],14.9307,0.0906
Y,N,Y,N,N,Y,N,Y,N,Y,Y,N,N,Y,N,Y,N,N,N,N,N,N,N,Y,Y,N,Y,Y,Y,N,N,Y,Y,N,Y,Y,N,N,N,15.744,[6Y ],15.0588,0.0435
Y,N,Y,Y,N,N,N,Y,N,N,Y,Y,N,Y,N,N,N,N,N,N,N,N,N,Y,Y,Y,N,Y,Y,N,N,Y,Y,N,Y,N,N,N,Y,13.436,[6N 22N 26Y 10N ],13.6667,0.0172
Y,N,N,N,N,N,N,Y,N,N,Y,Y,N,Y,N,Y,N,N,N,N,N,Y,N,Y,Y,Y,N,Y,Y,N,N,Y,Y,N,Y,Y,N,N,N,14.179,[6N 22Y 29Y ],13.8765,0.0213
Y,N,N,N,N,N,N,Y,Y,N,Y,N,N,Y,Y,N,N,N,N,N,N,N,N,Y,Y,N,Y,Y,N,N,Y,Y,Y,N,Y,Y,N,N,N,15.448,[6N 22N 26N 3N ],14.9307,0.0335
Y,N,N,N,N,N,N,Y,N,N,Y,N,N,Y,N,N,N,Y,N,N,Y,N,N,Y,Y,N,Y,Y,Y,N,N,Y,Y,N,Y,N,Y,N,N,14.519,[6N 22N 26N 3N ],14.9307,0.0284
Y,N,N,N,N,N,N,Y,N,Y,Y,Y,N,Y,N,N,N,N,N,N,N,N,N,Y,Y,Y,N,Y,N,Y,N,Y,Y,N,Y,Y,N,N,N,14.359,[6N 22N 26Y 10Y ],14.5610,0.0141
Y,Y,N,N,N,N,N,Y,N,N,Y,N,N,Y,N,N,N,N,Y,N,N,Y,N,Y,Y,N,Y,Y,Y,N,N,Y,Y,N,Y,Y,N,N,N,14.005,[6N 22Y 29Y ],13.8765,0.0092
Y,N,Y,N,Y,N,N,Y,N,N,Y,N,N,Y,N,N,Y,Y,N,N,N,N,N,Y,Y,Y,N,Y,Y,N,N,Y,Y,N,Y,Y,N,N,N,16.184,[6N 22N 26Y 10N ],13.6667,0.1555
Y,N,N,N,N,N,N,Y,Y,N,Y,N,N,Y,N,N,N,N,N,Y,N,N,Y,Y,Y,Y,N,Y,Y,N,N,Y,Y,N,Y,Y,N,N,N,14.817,[6N 22N 26Y 10N ],13.6667,0.0776
Y,N,Y,Y,N,N,N,Y,N,N,Y,N,N,Y,N,N,N,N,N,N,Y,N,N,Y,Y,Y,N,Y,Y,N,N,Y,Y,N,Y,N,N,N,Y,13.828,[6N 22N 26Y 10N ],13.6667,0.0117
Y,N,Y,Y,N,N,N,Y,N,N,Y,N,Y,Y,Y,N,N,N,N,N,N,N,N,Y,Y,Y,N,Y,Y,N,N,Y,Y,N,Y,Y,N,N,N,14.138,[6N 22N 26Y 10N ],13.6667,0.0333
Y,N,Y,N,Y,N,N,Y,N,N,Y,N,N,Y,N,N,N,Y,N,N,N,N,N,Y,Y,Y,N,Y,Y,N,N,Y,Y,N,Y,N,Y,N,N,14.684,[6N 22N 26Y 10N ],13.6667,0.0693
Y,N,Y,N,N,N,Y,Y,N,N,Y,N,N,Y,N,N,Y,N,Y,N,N,N,N,Y,Y,N,Y,Y,Y,N,N,Y,Y,N,Y,Y,N,N,N,14.181,[6N 22N 26N 3Y ],14.3777,0.0139
Y,N,N,N,N,N,N,Y,N,Y,Y,N,N,Y,N,N,N,N,N,N,Y,N,N,Y,Y,N,Y,Y,N,Y,N,Y,Y,N,Y,Y,N,N,N,13.283,[6N 22N 26N 3N ],14.9307,0.1240
Y,N,Y,Y,N,N,N,Y,N,N,Y,N,N,Y,N,N,N,N,N,N,N,N,N,Y,Y,N,Y,Y,N,N,Y,Y,N,Y,Y,Y,N,N,N,13.387,[6N 22N 26N 3Y ],14.3777,0.0740
Y,Y,N,N,N,N,N,Y,N,N,Y,N,N,Y,N,N,N,N,Y,N,N,N,Y,Y,Y,N,Y,Y,Y,N,N,Y,Y,N,Y,Y,N,N,N,14.794,[6N 22N 26N 3N ],14.9307,0.0092
Y,N,N,N,N,N,N,Y,N,N,Y,N,N,Y,N,N,N,Y,Y,N,N,N,N,Y,Y,Y,N,Y,N,Y,N,Y,Y,N,Y,Y,N,N,N,14.174,[6N 22N 26Y 10N ],13.6667,0.0358
Y,N,N,N,N,N,N,Y,N,N,Y,N,N,Y,N,N,N,Y,N,N,N,N,N,Y,Y,Y,N,Y,Y,N,N,Y,Y,N,Y,Y,N,N,N,14.225,[6N 22N 26Y 10N ],13.6667,0.0393
Y,Y,Y,N,Y,N,N,Y,Y,Y,Y,Y,N,Y,Y,Y,Y,Y,Y,Y,Y,Y,Y,Y,Y,Y,N,Y,Y,N,N,Y,Y,N,Y,N,Y,N,N,14.340,[6N 22Y 29Y ],13.8765,0.0323
Y,N,N,N,N,N,N,Y,N,N,Y,N,N,Y,N,N,N,N,Y,N,N,Y,N,Y,Y,N,Y,Y,Y,N,N,Y,Y,N,Y,N,N,Y,N,14.651,[6N 22Y 29Y ],13.8765,0.0529
Y,N,Y,N,Y,N,N,Y,N,N,Y,N,N,Y,Y,N,N,N,N,N,N,N,N,Y,Y,Y,N,Y,Y,N,N,Y,Y,N,Y,N,N,N,Y,15.212,[6N 22N 26Y 10N ],13.6667,0.1016
Y,Y,N,N,N,N,N,Y,N,N,Y,N,N,Y,N,N,N,N,N,Y,N,N,N,Y,Y,N,Y,Y,N,Y,N,Y,Y,N,Y,Y,N,N,N,14.232,[6N 22N 26N 3N ],14.9307,0.0491
Y,N,N,N,N,N,N,Y,N,N,Y,N,N,Y,Y,Y,N,N,N,N,N,N,Y,Y,Y,Y,N,Y,Y,N,N,Y,Y,N,Y,Y,N,N,N,13.994,[6N 22N 26Y 10N ],13.6667,0.0234
Y,N,N,N,N,N,N,Y,N,N,Y,N,Y,Y,N,N,N,Y,N,N,N,N,N,Y,Y,Y,N,Y,Y,N,N,Y,Y,N,Y,N,N,Y,N,13.232,[6N 22N 26Y 10N ],13.6667,0.0328
Y,Y,Y,N,N,N,Y,Y,Y,Y,Y,Y,Y,Y,Y,Y,Y,Y,Y,Y,N,Y,Y,Y,Y,Y,N,Y,N,N,Y,Y,Y,N,Y,N,N,Y,N,13.064,[6N 22Y 29N ],13.7242,0.0505
Y,Y,Y,N,N,Y,N,Y,Y,Y,Y,Y,Y,Y,Y,N,Y,Y,Y,Y,Y,Y,Y,Y,Y,N,Y,Y,N,N,Y,Y,Y,N,Y,N,N,N,Y,14.523,[6Y ],15.0588,0.0369
Y,N,N,N,N,N,N,Y,Y,N,Y,N,N,Y,N,N,N,N,N,N,N,N,Y,Y,Y,N,Y,Y,N,N,Y,Y,Y,N,Y,Y,N,N,N,15.222,[6N 22N 26N 3N ],14.9307,0.0191
Y,N,N,N,N,N,N,Y,N,N,Y,N,N,Y,N,N,Y,N,N,Y,N,N,N,Y,Y,N,Y,Y,N,Y,N,Y,Y,N,Y,Y,N,N,N,15.167,[6N 22N 26N 3N ],14.9307,0.0156
Y,N,Y,N,N,Y,N,Y,N,N,Y,N,N,Y,N,N,Y,N,N,N,N,N,N,Y,Y,Y,N,Y,N,N,Y,Y,Y,N,Y,Y,N,N,N,15.440,[6Y ],15.0588,0.0247
Y,N,Y,N,N,N,Y,Y,N,N,Y,N,Y,Y,N,N,N,N,N,N,N,N,N,Y,Y,Y,N,Y,Y,N,N,Y,Y,N,Y,N,N,Y,N,16.223,[6N 22N 26Y 10N ],13.6667,0.1576
N,N,N,N,N,Y,N,N,N,N,N,N,N,N,N,N,N,N,N,N,N,N,N,N,N,Y,N,N,Y,N,N,N,Y,N,Y,Y,N,N,N,13.398,[6Y ],15.0588,0.1240
Y,N,Y,N,Y,N,N,Y,N,N,Y,N,N,Y,N,N,N,N,N,N,N,N,Y,Y,Y,N,Y,Y,Y,N,N,Y,Y,N,Y,N,Y,N,N,14.989,[6N 22N 26N 3Y ],14.3777,0.0408
Y,N,N,N,N,N,N,Y,Y,N,Y,N,N,Y,N,Y,N,Y,N,N,N,N,N,Y,Y,Y,N,Y,Y,N,N,Y,Y,N,Y,Y,N,N,N,14.400,[6N 22N 26Y 10N ],13.6667,0.0509
Y,N,N,N,N,N,N,Y,N,N,Y,Y,N,Y,N,N,N,N,N,N,N,N,N,Y,Y,Y,N,Y,N,Y,N,Y,Y,N,Y,Y,N,N,N,14.239,[6N 22N 26Y 10N ],13.6667,0.0402
Y,Y,N,N,N,N,N,Y,N,N,Y,N,N,Y,N,N,N,N,N,N,N,N,Y,Y,Y,Y,N,Y,Y,N,N,Y,N,Y,Y,Y,N,N,N,13.848,[6N 22N 26Y 10N ],13.6667,0.0131
Y,N,Y,N,N,N,Y,Y,N,N,Y,N,N,Y,Y,N,N,N,N,N,N,Y,N,Y,Y,N,Y,Y,Y,N,N,Y,Y,N,Y,Y,N,N,N,13.567,[6N 22Y 29Y ],13.8765,0.0228
Y,N,N,N,N,N,N,Y,N,N,Y,N,N,Y,N,N,N,N,N,N,Y,N,N,Y,Y,Y,N,Y,Y,N,N,Y,N,Y,Y,N,N,N,Y,13.741,[6N 22N 26Y 10N ],13.6667,0.0054
Y,N,N,N,N,N,N,Y,N,Y,Y,N,N,Y,N,N,Y,N,N,N,N,N,N,Y,Y,Y,N,Y,N,Y,N,Y,Y,N,Y,Y,N,N,N,14.408,[6N 22N 26Y 10Y ],14.5610,0.0106
Y,N,Y,N,N,Y,N,Y,N,N,Y,N,N,Y,N,N,N,N,N,Y,N,Y,N,Y,Y,N,Y,Y,Y,N,N,Y,Y,N,Y,Y,N,N,N,13.282,[6Y ],15.0588,0.1338
Y,N,N,N,N,N,N,Y,N,N,Y,N,N,Y,N,N,Y,N,N,Y,N,N,N,Y,Y,Y,N,Y,N,N,Y,Y,Y,N,Y,Y,N,N,N,14.362,[6N 22N 26Y 10N ],13.6667,0.0484
Y,N,N,N,N,N,N,Y,N,N,Y,N,N,Y,N,N,N,Y,N,N,Y,N,N,Y,Y,Y,N,Y,Y,N,N,Y,Y,N,Y,Y,N,N,N,13.506,[6N 22N 26Y 10N ],13.6667,0.0119
Y,N,Y,N,N,N,Y,Y,N,N,Y,N,N,Y,N,N,N,Y,N,N,Y,N,N,Y,Y,Y,N,Y,Y,N,N,Y,Y,N,Y,Y,N,N,N,16.234,[6N 22N 26Y 10N ],13.6667,0.1581
Y,N,N,N,N,N,N,Y,N,N,Y,N,N,Y,N,N,N,N,N,N,N,N,Y,Y,Y,Y,N,Y,N,N,Y,Y,N,Y,Y,Y,N,N,N,14.036,[6N 22N 26Y 10N ],13.6667,0.0263
Y,N,Y,N,N,Y,N,Y,N,N,Y,N,N,Y,N,N,N,Y,N,N,N,N,N,Y,Y,Y,N,Y,Y,N,N,Y,N,Y,Y,Y,N,N,N,15.456,[6Y ],15.0588,0.0257
Y,N,N,N,N,N,N,Y,Y,N,Y,Y,Y,Y,N,N,N,N,N,N,N,N,N,Y,Y,Y,N,Y,Y,N,N,Y,Y,N,Y,Y,N,N,N,14.769,[6N 22N 26Y 10N ],13.6667,0.0746
N,N,N,N,N,N,N,N,N,N,N,N,N,N,N,N,N,N,N,N,Y,N,N,N,N,Y,N,N,Y,N,N,N,Y,N,Y,Y,N,N,N,14.247,[6N 22N 26Y 10N ],13.6667,0.0407
Y,N,N,N,N,N,N,Y,N,Y,Y,Y,N,Y,N,N,N,N,N,N,N,N,N,Y,Y,Y,N,Y,Y,N,N,Y,Y,N,Y,N,N,Y,N,13.785,[6N 22N 26Y 10Y ],14.5610,0.0563
Y,N,N,N,N,N,N,Y,N,N,Y,N,Y,Y,N,N,N,N,N,Y,N,N,N,Y,Y,Y,N,Y,N,Y,N,Y,Y,N,Y,Y,N,N,N,14.439,[6N 22N 26Y 10N ],13.6667,0.0535
Y,N,Y,N,N,N,Y,Y,N,N,Y,N,N,Y,N,Y,N,N,N,N,N,N,N,Y,Y,Y,N,Y,Y,N,N,Y,Y,N,Y,N,N,N,Y,15.762,[6N 22N 26Y 10N ],13.6667,0.1329
Y,N,N,N,N,N,N,Y,N,N,Y,N,N,Y,N,N,N,N,N,Y,Y,N,Y,Y,Y,Y,N,Y,Y,N,N,Y,Y,N,Y,Y,N,N,N,13.395,[6N 22N 26Y 10N ],13.6667,0.0203
Y,Y,N,N,N,N,N,Y,N,Y,Y,N,N,Y,N,N,N,N,N,N,N,N,N,Y,Y,N,Y,Y,N,N,Y,Y,Y,N,Y,Y,N,N,N,14.996,[6N 22N 26N 3N ],14.9307,0.0044
Y,N,N,N,N,N,N,Y,N,N,Y,N,N,Y,N,N,N,Y,N,Y,N,N,N,Y,Y,N,Y,Y,Y,N,N,Y,Y,N,Y,N,Y,N,N,14.019,[6N 22N 26N 3N ],14.9307,0.0650
Y,N,N,N,N,N,N,Y,N,Y,Y,N,N,Y,N,N,N,Y,N,N,N,N,N,Y,Y,N,Y,Y,Y,N,N,Y,N,Y,Y,Y,N,N,N,15.789,[6N 22N 26N 3N ],14.9307,0.0544
Y,N,N,N,N,N,N,Y,N,N,Y,N,N,Y,N,N,Y,Y,N,N,N,N,Y,Y,Y,Y,N,Y,Y,N,N,Y,Y,N,Y,Y,N,N,N,13.670,[6N 22N 26Y 10N ],13.6667,0.0002
Y,Y,N,N,N,N,N,Y,N,N,Y,Y,N,Y,N,N,N,N,N,N,N,N,N,Y,Y,Y,N,Y,Y,N,N,Y,Y,N,Y,N,N,N,Y,13.976,[6N 22N 26Y 10N ],13.6667,0.0221
Y,Y,N,N,N,N,N,Y,Y,N,Y,N,Y,Y,N,N,N,N,N,N,N,N,N,Y,Y,N,Y,Y,Y,N,N,Y,Y,N,Y,Y,N,N,N,15.336,[6N 22N 26N 3N ],14.9307,0.0264
Y,N,N,N,N,N,N,Y,N,N,Y,N,N,Y,N,N,N,N,N,Y,Y,N,N,Y,Y,Y,N,Y,Y,N,N,Y,N,Y,Y,Y,N,N,N,13.828,[6N 22N 26Y 10N ],13.6667,0.0117
Y,N,N,N,N,N,N,Y,Y,N,Y,N,N,Y,N,Y,Y,N,N,N,N,N,N,Y,Y,Y,N,Y,Y,N,N,Y,Y,N,Y,Y,N,N,N,14.441,[6N 22N 26Y 10N ],13.6667,0.0536
Y,Y,Y,N,Y,N,N,Y,N,N,Y,N,N,Y,N,N,N,N,N,N,Y,N,N,Y,Y,Y,N,Y,Y,N,N,Y,Y,N,Y,Y,N,N,N,16.091,[6N 22N 26Y 10N ],13.6667,0.1507
Y,N,N,N,N,N,N,Y,N,N,Y,N,N,Y,N,Y,N,Y,N,N,N,N,N,Y,Y,N,Y,Y,Y,N,N,Y,Y,N,Y,N,N,N,Y,15.512,[6N 22N 26N 3N ],14.9307,0.0375
Y,Y,N,N,N,N,N,Y,Y,N,Y,Y,N,Y,N,N,N,N,N,N,N,N,N,Y,Y,Y,N,Y,Y,N,N,Y,Y,N,Y,Y,N,N,N,16.322,[6N 22N 26Y 10N ],13.6667,0.1627
Y,N,N,N,N,N,N,Y,N,N,Y,N,N,Y,Y,N,N,N,N,Y,N,N,N,Y,Y,N,Y,Y,Y,N,N,Y,Y,N,Y,N,N,Y,N,14.113,[6N 22N 26N 3N ],14.9307,0.0579
Y,N,N,N,N,N,N,Y,N,N,Y,N,N,Y,N,N,N,N,Y,N,N,N,Y,Y,Y,N,Y,Y,Y,N,N,Y,N,Y,Y,Y,N,N,N,14.332,[6N 22N 26N 3N ],14.9307,0.0418
Y,N,Y,N,N,N,Y,Y,Y,N,Y,N,N,Y,N,N,N,N,N,Y,N,N,N,Y,Y,Y,N,Y,Y,N,N,Y,Y,N,Y,Y,N,N,N,16.093,[6N 22N 26Y 10N ],13.6667,0.1508
Y,N,Y,N,N,N,Y,Y,N,N,Y,N,N,Y,N,N,N,N,N,N,Y,N,N,Y,Y,Y,N,Y,N,Y,N,Y,Y,N,Y,Y,N,N,N,15.876,[6N 22N 26Y 10N ],13.6667,0.1392
Y,Y,Y,N,N,Y,N,Y,Y,Y,Y,Y,Y,Y,Y,Y,Y,Y,Y,N,Y,Y,Y,Y,Y,Y,N,Y,N,N,Y,Y,Y,N,Y,N,Y,N,N,14.832,[6Y ],15.0588,0.0153
Y,N,N,N,N,N,N,Y,N,N,Y,N,N,Y,N,N,Y,N,Y,N,N,N,N,Y,Y,Y,N,Y,Y,N,N,Y,N,Y,Y,Y,N,N,N,13.782,[6N 22N 26Y 10N ],13.6667,0.0084
Y,Y,Y,N,Y,N,N,Y,Y,N,Y,Y,Y,Y,Y,Y,Y,Y,Y,Y,Y,Y,Y,Y,Y,N,Y,Y,N,N,Y,Y,Y,N,Y,N,N,N,Y,15.039,[6N 22Y 29N ],13.7242,0.0874
Y,N,N,N,N,N,N,Y,N,N,Y,N,N,Y,N,Y,N,N,N,N,N,N,N,Y,Y,N,Y,Y,Y,N,N,Y,N,Y,Y,N,Y,N,N,15.130,[6N 22N 26N 3N ],14.9307,0.0132
Y,Y,Y,N,Y,N,N,Y,Y,Y,Y,Y,Y,Y,Y,Y,Y,Y,Y,N,Y,Y,Y,Y,Y,N,Y,Y,N,Y,N,Y,Y,N,Y,N,N,Y,N,14.173,[6N 22Y 29N ],13.7242,0.0317
Y,N,N,N,N,N,N,Y,N,N,Y,N,N,Y,Y,Y,N,N,N,N,N,N,N,Y,Y,Y,N,Y,Y,N,N,Y,Y,N,Y,N,N,Y,N,13.380,[6N 22N 26Y 10N ],13.6667,0.0214
Y,Y,Y,N,N,N,Y,Y,N,N,Y,N,N,Y,N,N,N,N,N,N,N,N,Y,Y,Y,Y,N,Y,Y,N,N,Y,Y,N,Y,Y,N,N,N,16.233,[6N 22N 26Y 10N ],13.6667,0.1581
Y,N,N,N,N,N,N,Y,N,N,Y,N,Y,Y,N,N,N,N,N,N,N,Y,N,Y,Y,N,Y,Y,Y,N,N,Y,Y,N,Y,N,N,Y,N,15.043,[6N 22Y 29Y ],13.8765,0.0775
Y,Y,N,N,N,N,N,Y,N,N,Y,N,N,Y,N,N,N,Y,N,N,N,N,N,Y,Y,N,Y,Y,Y,N,N,Y,N,Y,Y,Y,N,N,N,14.922,[6N 22N 26N 3N ],14.9307,0.0006
Y,Y,Y,N,N,Y,N,Y,N,N,Y,N,N,Y,N,N,N,N,N,N,N,N,N,Y,Y,Y,N,Y,N,N,Y,Y,Y,N,Y,Y,N,N,N,15.354,[6Y ],15.0588,0.0192
Y,N,Y,Y,N,N,N,Y,N,N,Y,N,N,Y,N,N,N,N,Y,N,N,N,N,Y,Y,Y,N,Y,Y,N,N,Y,Y,N,Y,N,N,N,Y,13.837,[6N 22N 26Y 10N ],13.6667,0.0123
Y,N,N,N,N,N,N,Y,N,N,Y,N,N,Y,N,Y,N,Y,N,N,N,N,Y,Y,Y,N,Y,Y,Y,N,N,Y,Y,N,Y,Y,N,N,N,13.352,[6N 22N 26N 3N ],14.9307,0.1182
Y,Y,Y,N,N,N,Y,Y,Y,Y,Y,N,Y,Y,Y,Y,Y,Y,Y,Y,Y,Y,Y,Y,Y,Y,N,Y,Y,N,N,Y,N,Y,Y,N,N,N,Y,14.106,[6N 22Y 29Y ],13.8765,0.0163
Y,N,Y,N,Y,N,N,Y,N,N,Y,Y,N,Y,N,N,N,N,N,N,Y,N,N,Y,Y,Y,N,Y,Y,N,N,Y,Y,N,Y,Y,N,N,N,16.225,[6N 22N 26Y 10N ],13.6667,0.1577
Y,N,Y,N,N,Y,N,Y,N,N,Y,N,N,Y,N,N,Y,N,N,N,N,N,N,Y,Y,Y,N,Y,N,Y,N,Y,Y,N,Y,Y,N,N,N,15.476,[6Y ],15.0588,0.0270
Y,N,Y,N,Y,N,N,Y,N,N,Y,N,Y,Y,N,N,N,N,N,N,N,N,N,Y,Y,Y,N,Y,N,N,Y,Y,Y,N,Y,Y,N,N,N,14.715,[6N 22N 26Y 10N ],13.6667,0.0712
Y,N,N,N,N,N,N,Y,N,N,Y,N,N,Y,N,N,N,N,Y,N,N,N,N,Y,Y,N,Y,Y,N,Y,N,Y,Y,N,Y,N,Y,N,N,14.556,[6N 22N 26N 3N ],14.9307,0.0257
Y,N,Y,N,N,Y,N,Y,N,N,Y,Y,N,Y,N,N,N,N,N,N,N,N,Y,Y,Y,Y,N,Y,Y,N,N,Y,Y,N,Y,Y,N,N,N,15.816,[6Y ],15.0588,0.0479
Y,N,N,N,N,N,N,Y,N,N,Y,Y,N,Y,N,N,Y,N,N,N,N,N,N,Y,Y,N,Y,Y,Y,N,N,Y,N,Y,Y,Y,N,N,N,15.560,[6N 22N 26N 3N ],14.9307,0.0404
Y,N,N,N,N,N,N,Y,N,N,Y,N,N,Y,N,N,N,N,N,N,N,Y,Y,Y,Y,N,Y,Y,N,Y,N,Y,Y,N,Y,Y,N,N,N,15.708,[6N 22Y 29N ],13.7242,0.1263
Y,Y,N,N,N,N,N,Y,N,N,Y,N,N,Y,N,N,N,N,N,Y,N,N,N,Y,Y,Y,N,Y,Y,N,N,Y,Y,N,Y,N,Y,N,N,13.333,[6N 22N 26Y 10N ],13.6667,0.0250
Y,N,Y,N,N,Y,N,Y,N,Y,Y,N,N,Y,N,N,N,N,N,N,N,N,N,Y,Y,Y,N,Y,N,Y,N,Y,Y,N,Y,Y,N,N,N,15.878,[6Y ],15.0588,0.0516
Y,Y,N,N,N,N,N,Y,N,N,Y,N,N,Y,Y,N,N,N,N,N,N,N,N,Y,Y,Y,N,Y,Y,N,N,Y,Y,N,Y,N,N,N,Y,13.493,[6N 22N 26Y 10N ],13.6667,0.0129
Y,Y,N,N,N,N,N,Y,Y,Y,Y,Y,Y,Y,Y,Y,Y,Y,Y,Y,Y,Y,Y,Y,Y,Y,N,Y,Y,N,N,Y,N,Y,Y,N,N,N,Y,15.011,[6N 22Y 29Y ],13.8765,0.0756
Y,N,N,N,N,N,N,Y,N,N,Y,N,N,Y,Y,N,N,N,N,N,N,N,N,Y,Y,Y,N,Y,N,N,Y,Y,Y,N,Y,N,Y,N,N,13.881,[6N 22N 26Y 10N ],13.6667,0.0154
Y,Y,N,N,N,N,N,Y,N,N,Y,N,N,Y,N,Y,N,N,N,N,N,N,N,Y,Y,Y,N,Y,N,N,Y,Y,Y,N,Y,Y,N,N,N,14.235,[6N 22N 26Y 10N ],13.6667,0.0399
Y,N,N,N,N,N,N,Y,N,N,Y,Y,N,Y,N,N,Y,Y,N,N,N,N,N,Y,Y,N,Y,Y,Y,N,N,Y,Y,N,Y,Y,N,N,N,15.196,[6N 22N 26N 3N ],14.9307,0.0175
Y,Y,Y,N,Y,N,N,Y,Y,Y,Y,Y,Y,Y,Y,Y,Y,Y,N,Y,Y,Y,Y,Y,Y,Y,N,Y,N,N,Y,Y,Y,N,Y,N,N,Y,N,14.203,[6N 22Y 29N ],13.7242,0.0337
Y,Y,Y,N,Y,N,N,Y,Y,Y,Y,N,Y,Y,Y,Y,Y,Y,Y,Y,Y,Y,Y,Y,Y,Y,N,Y,Y,N,N,Y,Y,N,Y,N,N,Y,N,14.451,[6N 22Y 29Y ],13.8765,0.0398
Y,N,Y,Y,N,N,N,Y,N,N,Y,N,N,Y,Y,N,Y,N,N,N,N,N,N,Y,Y,Y,N,Y,Y,N,N,Y,Y,N,Y,Y,N,N,N,13.917,[6N 22N 26Y 10N ],13.6667,0.0180
Y,N,N,N,N,N,N,Y,N,Y,Y,N,N,Y,N,Y,N,N,N,N,N,N,N,Y,Y,Y,N,Y,N,Y,N,Y,Y,N,Y,Y,N,N,N,14.583,[6N 22N 26Y 10Y ],14.5610,0.0015
Y,Y,Y,N,Y,N,N,Y,N,N,Y,N,N,Y,N,Y,N,N,N,N,N,N,N,Y,Y,Y,N,Y,Y,N,N,Y,Y,N,Y,Y,N,N,N,15.806,[6N 22N 26Y 10N ],13.6667,0.1353
Y,N,N,N,N,N,N,Y,N,N,Y,N,N,Y,N,N,N,Y,Y,N,N,N,N,Y,Y,Y,N,Y,Y,N,N,Y,Y,N,Y,N,Y,N,N,13.925,[6N 22N 26Y 10N ],13.6667,0.0186
Y,Y,N,N,N,N,N,Y,N,N,Y,N,N,Y,N,N,Y,N,N,N,N,N,N,Y,Y,Y,N,Y,Y,N,N,Y,Y,N,Y,N,N,Y,N,14.441,[6N 22N 26Y 10N ],13.6667,0.0536
Y,N,N,N,N,N,N,Y,Y,N,Y,N,N,Y,N,Y,N,N,N,N,Y,N,N,Y,Y,N,Y,Y,Y,N,N,Y,Y,N,Y,Y,N,N,N,14.715,[6N 22N 26N 3N ],14.9307,0.0147
Y,N,Y,N,Y,N,N,Y,Y,N,Y,N,N,Y,N,N,N,N,N,N,N,N,N,Y,Y,N,Y,Y,Y,N,N,Y,Y,N,Y,N,N,Y,N,14.976,[6N 22N 26N 3Y ],14.3777,0.0400
Y,N,N,N,N,N,N,Y,N,N,Y,N,Y,Y,N,N,N,N,Y,N,N,N,N,Y,Y,N,Y,Y,N,Y,N,Y,Y,N,Y,Y,N,N,N,15.172,[6N 22N 26N 3N ],14.9307,0.0159
Y,N,N,N,N,N,N,Y,N,N,Y,Y,Y,Y,Y,N,N,N,N,N,N,N,N,Y,Y,N,Y,Y,Y,N,N,Y,Y,N,Y,Y,N,N,N,15.681,[6N 22N 26N 3N ],14.9307,0.0478
Y,Y,N,N,N,N,N,Y,Y,Y,Y,Y,Y,Y,Y,Y,Y,Y,Y,Y,Y,Y,Y,Y,Y,Y,N,Y,Y,N,N,Y,Y,N,Y,N,N,Y,N,14.212,[6N 22Y 29Y ],13.8765,0.0236
Y,N,N,N,N,N,N,Y,N,N,Y,N,N,Y,N,N,N,Y,N,N,N,N,N,Y,Y,N,Y,Y,N,N,Y,Y,N,Y,Y,Y,N,N,N,14.788,[6N 22N 26N 3N ],14.9307,0.0096
Y,N,N,N,N,N,N,Y,N,N,Y,N,N,Y,N,N,Y,N,N,N,N,N,Y,Y,Y,Y,N,Y,Y,N,N,Y,Y,N,Y,N,Y,N,N,13.630,[6N 22N 26Y 10N ],13.6667,0.0027
Y,N,N,N,N,N,N,Y,N,N,Y,N,N,Y,N,N,Y,N,Y,N,N,N,N,Y,Y,Y,N,Y,N,Y,N,Y,Y,N,Y,Y,N,N,N,14.217,[6N 22N 26Y 10N ],13.6667,0.0387
Y,Y,N,N,N,N,N,Y,N,N,Y,N,N,Y,Y,N,N,N,N,N,N,N,N,Y,Y,N,Y,Y,N,N,Y,Y,Y,N,Y,Y,N,N,N,15.011,[6N 22N 26N 3N ],14.9307,0.0054
Y,N,Y,Y,N,N,N,Y,Y,N,Y,N,N,Y,N,N,N,N,N,N,Y,N,N,Y,Y,Y,N,Y,Y,N,N,Y,Y,N,Y,Y,N,N,N,14.033,[6N 22N 26Y 10N ],13.6667,0.0261
Y,N,N,N,N,N,N,Y,N,N,Y,N,N,Y,Y,N,N,N,N,N,Y,N,N,Y,Y,N,Y,Y,Y,N,N,Y,Y,N,Y,N,Y,N,N,15.842,[6N 22N 26N 3N ],14.9307,0.0575
Y,Y,N,N,N,N,N,Y,N,N,Y,N,N,Y,N,N,N,N,N,N,Y,N,N,Y,Y,Y,N,Y,N,Y,N,Y,Y,N,Y,Y,N,N,N,13.817,[6N 22N 26Y 10N ],13.6667,0.0109
Y,Y,Y,N,N,Y,N,Y,Y,Y,Y,Y,Y,Y,Y,Y,N,Y,Y,Y,Y,Y,Y,Y,Y,N,Y,Y,N,N,Y,Y,Y,N,Y,N,N,N,Y,14.243,[6Y ],15.0588,0.0573
Y,N,N,N,N,N,N,Y,Y,N,Y,N,N,Y,N,N,N,N,N,Y,Y,N,N,Y,Y,N,Y,Y,Y,N,N,Y,Y,N,Y,Y,N,N,N,15.116,[6N 22N 26N 3N ],14.9307,0.0123
Y,N,N,N,N,N,N,Y,N,N,Y,Y,N,Y,N,N,N,N,N,N,N,N,N,Y,Y,N,Y,Y,N,Y,N,Y,Y,N,Y,N,N,Y,N,14.702,[6N 22N 26N 3N ],14.9307,0.0156
Y,N,Y,N,N,N,Y,Y,N,N,Y,N,N,Y,N,N,N,N,N,N,Y,N,N,Y,Y,Y,N,Y,Y,N,N,Y,Y,N,Y,N,Y,N,N,15.749,[6N 22N 26Y 10N ],13.6667,0.1322
Y,Y,Y,N,N,N,Y,Y,Y,Y,Y,Y,Y,Y,Y,Y,Y,N,Y,Y,Y,Y,Y,Y,Y,N,Y,Y,N,Y,N,Y,N,Y,Y,N,N,N,Y,14.855,[6N 22Y 29N ],13.7242,0.0761
Y,N,N,N,N,N,N,Y,Y,N,Y,N,N,Y,Y,N,N,N,N,N,N,N,N,Y,Y,N,Y,Y,Y,N,N,Y,Y,N,Y,N,N,Y,N,14.657,[6N 22N 26N 3N ],14.9307,0.0187
Y,Y,Y,Y,N,N,N,Y,N,N,Y,N,N,Y,N,N,N,N,N,N,Y,N,N,Y,Y,N,Y,Y,Y,N,N,Y,Y,N,Y,Y,N,N,N,13.761,[6N 22N 26N 3Y ],14.3777,0.0448
Y,N,N,N,N,N,N,Y,N,N,Y,N,N,Y,N,N,N,N,Y,Y,N,N,N,Y,Y,Y,N,Y,Y,N,N,Y,N,Y,Y,Y,N,N,N,13.230,[6N 22N 26Y 10N ],13.6667,0.0330
Y,N,N,N,N,N,N,Y,N,N,Y,N,N,Y,N,N,N,N,N,N,N,N,N,Y,Y,N,Y,Y,N,N,Y,Y,N,Y,Y,Y,N,N,N,14.851,[6N 22N 26N 3N ],14.9307,0.0054
Y,N,N,N,N,N,N,Y,N,N,Y,N,N,Y,N,N,N,N,N,N,N,Y,N,Y,Y,N,Y,Y,Y,N,N,Y,N,Y,Y,N,N,N,Y,15.427,[6N 22Y 29Y ],13.8765,0.1005
Y,Y,Y,N,N,Y,N,Y,Y,Y,Y,Y,Y,Y,N,Y,Y,Y,Y,Y,Y,Y,Y,Y,Y,N,Y,Y,Y,N,N,Y,N,Y,Y,N,Y,N,N,13.410,[6Y ],15.0588,0.1230
Y,N,Y,N,N,N,Y,Y,N,N,Y,N,N,Y,Y,N,N,N,N,N,N,N,N,Y,Y,N,Y,Y,N,Y,N,Y,Y,N,Y,Y,N,N,N,13.823,[6N 22N 26N 3Y ],14.3777,0.0401
Y,N,N,N,N,N,N,Y,N,N,Y,N,Y,Y,N,N,N,Y,N,N,N,N,N,Y,Y,N,Y,Y,Y,N,N,Y,Y,N,Y,N,N,N,Y,14.752,[6N 22N 26N 3N ],14.9307,0.0121
Y,N,N,N,N,N,N,Y,N,Y,Y,N,N,Y,Y,N,N,N,N,N,N,N,N,Y,Y,Y,N,Y,Y,N,N,Y,Y,N,Y,N,N,Y,N,13.840,[6N 22N 26Y 10Y ],14.5610,0.0521
Y,N,Y,N,Y,N,N,Y,N,N,Y,N,Y,Y,N,N,N,N,N,N,N,N,N,Y,Y,N,Y,Y,N,Y,N,Y,Y,N,Y,Y,N,N,N,14.402,[6N 22N 26N 3Y ],14.3777,0.0017
Y,N,N,N,N,N,N,Y,N,N,Y,N,N,Y,N,N,N,N,N,N,N,N,N,Y,Y,Y,N,Y,N,N,Y,Y,N,Y,Y,N,Y,N,N,15.426,[6N 22N 26Y 10N ],13.6667,0.1140
Y,Y,Y,N,N,Y,N,Y,Y,Y,Y,Y,Y,Y,Y,Y,Y,Y,Y,Y,Y,Y,Y,Y,Y,Y,N,Y,N,N,Y,Y,Y,N,Y,N,Y,N,N,14.671,[6Y ],15.0588,0.0264
Y,N,Y,N,Y,N,N,Y,N,N,Y,N,N,Y,N,N,N,N,N,Y,N,N,Y,Y,Y,Y,N,Y,Y,N,N,Y,Y,N,Y,Y,N,N,N,16.012,[6N 22N 26Y 10N ],13.6667,0.1465
Y,Y,N,N,N,N,N,Y,N,N,Y,N,N,Y,N,N,N,N,N,Y,N,N,Y,Y,Y,Y,N,Y,Y,N,N,Y,Y,N,Y,Y,N,N,N,14.671,[6N 22N 26Y 10N ],13.6667,0.0685
Y,Y,N,N,N,N,N,Y,N,N,Y,N,N,Y,N,N,N,N,Y,N,N,N,N,Y,Y,N,Y,Y,N,Y,N,Y,Y,N,Y,Y,N,N,N,13.341,[6N 22N 26N 3N ],14.9307,0.1192
Y,N,N,N,N,N,N,Y,Y,N,Y,Y,N,Y,N,N,N,N,N,N,N,N,N,Y,Y,Y,N,Y,Y,N,N,Y,Y,N,Y,Y,N,N,N,14.390,[6N 22N 26Y 10N ],13.6667,0.0503
Y,N,N,N,N,N,N,Y,N,N,Y,N,N,Y,N,N,N,N,N,N,N,N,Y,Y,Y,N,Y,Y,Y,N,N,Y,N,Y,Y,N,N,N,Y,15.132,[6N 22N 26N 3N ],14.9307,0.0133
Y,Y,Y,Y,N,N,N,Y,N,Y,Y,N,N,Y,N,N,N,N,N,N,N,N,N,Y,Y,N,Y,Y,Y,N,N,Y,Y,N,Y,Y,N,N,N,13.157,[6N 22N 26N 3Y ],14.3777,0.0928
Y,Y,Y,N,N,Y,N,Y,Y,N,Y,Y,Y,Y,Y,Y,Y,Y,Y,Y,Y,Y,Y,Y,Y,N,Y,Y,N,N,Y,Y,Y,N,Y,N,N,N,Y,14.602,[6Y ],15.0588,0.0313
Y,N,N,N,N,N,N,Y,N,N,Y,N,Y,Y,N,N,N,Y,N,N,N,N,N,Y,Y,Y,N,Y,Y,N,N,Y,Y,N,Y,N,Y,N,N,13.751,[6N 22N 26Y 10N ],13.6667,0.0061
Y,N,N,N,N,N,N,Y,N,Y,Y,N,N,Y,N,Y,N,N,N,Y,N,N,N,Y,Y,N,Y,Y,Y,N,N,Y,Y,N,Y,Y,N,N,N,15.026,[6N 22N 26N 3N ],14.9307,0.0063
Y,Y,N,N,N,N,N,Y,N,N,Y,N,N,Y,N,N,N,N,N,Y,N,N,N,Y,Y,N,Y,Y,Y,N,N,Y,Y,N,Y,Y,N,N,N,13.311,[6N 22N 26N 3N ],14.9307,0.1217
Y,Y,N,N,N,N,N,Y,N,Y,Y,N,N,Y,N,N,N,Y,N,N,N,N,N,Y,Y,N,Y,Y,Y,N,N,Y,Y,N,Y,Y,N,N,N,14.065,[6N 22N 26N 3N ],14.9307,0.0615
Y,N,N,N,N,N,N,Y,N,N,Y,N,N,Y,N,N,N,N,N,N,Y,N,Y,Y,Y,Y,N,Y,Y,N,N,Y,N,Y,Y,Y,N,N,N,13.394,[6N 22N 26Y 10N ],13.6667,0.0204
Y,N,Y,N,N,N,Y,Y,N,N,Y,Y,N,Y,Y,N,N,N,N,N,N,N,N,Y,Y,Y,N,Y,Y,N,N,Y,Y,N,Y,Y,N,N,N,15.798,[6N 22N 26Y 10N ],13.6667,0.1349
Y,N,Y,Y,N,N,N,Y,N,Y,Y,N,N,Y,N,N,N,N,N,N,N,N,N,Y,Y,N,Y,Y,Y,N,N,Y,Y,N,Y,N,N,N,Y,13.768,[6N 22N 26N 3Y ],14.3777,0.0443
Y,N,N,N,N,N,N,Y,N,N,Y,N,Y,Y,N,N,N,Y,N,N,N,Y,N,Y,Y,N,Y,Y,Y,N,N,Y,Y,N,Y,Y,N,N,N,13.086,[6N 22Y 29Y ],13.8765,0.0604
Y,N,N,N,N,N,N,Y,N,Y,Y,Y,N,Y,N,N,N,N,N,N,N,N,N,Y,Y,N,Y,Y,Y,N,N,Y,N,Y,Y,Y,N,N,N,15.661,[6N 22N 26N 3N ],14.9307,0.0466
Y,N,Y,Y,N,N,N,Y,N,N,Y,N,N,Y,N,N,N,N,N,N,N,N,Y,Y,Y,N,Y,Y,Y,N,N,Y,Y,N,Y,Y,N,N,N,14.110,[6N 22N 26N 3Y ],14.3777,0.0190
Y,N,N,N,N,N,N,Y,Y,N,Y,N,N,Y,N,N,N,N,N,N,N,N,N,Y,Y,N,Y,Y,N,Y,N,Y,Y,N,Y,N,N,N,Y,14.590,[6N 22N 26N 3N ],14.9307,0.0233
Y,Y,N,N,N,N,N,Y,N,N,Y,N,N,Y,N,N,N,N,N,N,N,Y,N,Y,Y,N,Y,Y,N,Y,N,Y,Y,N,Y,Y,N,N,N,13.677,[6N 22Y 29N ],13.7242,0.0035
Y,N,N,N,N,N,N,Y,N,N,Y,N,Y,Y,N,N,Y,N,N,N,N,N,N,Y,Y,Y,N,Y,Y,N,N,Y,Y,N,Y,N,N,Y,N,13.997,[6N 22N 26Y 10N ],13.6667,0.0236
Y,N,Y,Y,N,N,N,Y,N,N,Y,Y,N,Y,N,N,Y,N,N,N,N,N,N,Y,Y,N,Y,Y,Y,N,N,Y,Y,N,Y,Y,N,N,N,13.416,[6N 22N 26N 3Y ],14.3777,0.0717
Y,N,N,N,N,N,N,Y,N,N,Y,Y,N,Y,N,N,N,N,N,Y,N,Y,N,Y,Y,Y,N,Y,Y,N,N,Y,Y,N,Y,Y,N,N,N,14.242,[6N 22Y 29Y ],13.8765,0.0257
Y,N,N,N,N,N,N,Y,N,N,Y,N,N,Y,Y,N,N,N,N,N,N,N,N,Y,Y,N,Y,Y,Y,N,N,Y,Y,N,Y,Y,N,N,N,14.526,[6N 22N 26N 3N ],14.9307,0.0279
Y,Y,N,N,N,N,N,Y,N,N,Y,N,N,Y,N,N,Y,N,N,N,Y,N,N,Y,Y,Y,N,Y,Y,N,N,Y,Y,N,Y,Y,N,N,N,14.540,[6N 22N 26Y 10N ],13.6667,0.0601
Y,N,Y,Y,N,N,N,Y,N,N,Y,N,N,Y,N,Y,N,N,N,N,N,N,Y,Y,Y,N,Y,Y,Y,N,N,Y,Y,N,Y,Y,N,N,N,16.283,[6N 22N 26N 3Y ],14.3777,0.1170
Y,Y,Y,N,N,Y,N,Y,Y,Y,Y,Y,Y,Y,Y,Y,Y,Y,Y,Y,N,Y,Y,Y,Y,Y,N,Y,N,N,Y,Y,Y,N,Y,N,N,Y,N,14.927,[6Y ],15.0588,0.0088
Y,N,Y,Y,N,N,N,Y,N,N,Y,N,N,Y,Y,N,N,N,N,N,N,N,N,Y,Y,N,Y,Y,Y,N,N,Y,Y,N,Y,N,Y,N,N,13.432,[6N 22N 26N 3Y ],14.3777,0.0704
Y,N,Y,N,N,N,Y,Y,N,N,Y,N,N,Y,N,N,Y,N,N,N,N,N,N,Y,Y,Y,N,Y,Y,N,N,Y,Y,N,Y,N,N,Y,N,16.258,[6N 22N 26Y 10N ],13.6667,0.1594
Y,N,Y,N,N,Y,N,Y,N,N,Y,N,N,Y,N,N,N,N,N,N,Y,N,N,Y,Y,N,Y,Y,Y,N,N,Y,Y,N,Y,N,Y,N,N,15.139,[6Y ],15.0588,0.0053
Y,N,N,N,N,N,N,Y,N,N,Y,N,N,Y,N,Y,N,N,Y,N,N,N,N,Y,Y,Y,N,Y,Y,N,N,Y,Y,N,Y,Y,N,N,N,14.579,[6N 22N 26Y 10N ],13.6667,0.0626
Y,N,N,N,N,N,N,Y,N,Y,Y,N,N,Y,N,N,Y,N,N,N,N,N,N,Y,Y,N,Y,Y,Y,N,N,Y,N,Y,Y,Y,N,N,N,15.317,[6N 22N 26N 3N ],14.9307,0.0252
Y,Y,Y,N,N,Y,N,Y,Y,Y,Y,Y,Y,Y,Y,N,Y,Y,Y,Y,Y,Y,Y,Y,Y,Y,N,Y,Y,N,N,Y,N,Y,Y,N,N,N,Y,14.370,[6Y ],15.0588,0.0479
Y,N,N,N,N,N,N,Y,N,N,Y,N,N,Y,N,N,N,Y,N,Y,N,N,N,Y,Y,Y,N,Y,N,N,Y,Y,Y,N,Y,Y,N,N,N,14.246,[6N 22N 26Y 10N ],13.6667,0.0407
Y,N,Y,N,N,Y,N,Y,N,N,Y,N,N,Y,N,N,N,Y,N,N,N,N,N,Y,Y,Y,N,Y,N,Y,N,Y,Y,N,Y,Y,N,N,N,15.666,[6Y ],15.0588,0.0388
Y,N,N,N,N,N,N,Y,N,N,Y,N,N,Y,N,N,N,N,Y,N,Y,Y,N,Y,Y,Y,N,Y,Y,N,N,Y,Y,N,Y,Y,N,N,N,13.784,[6N 22Y 29Y ],13.8765,0.0067
Y,N,N,N,N,N,N,Y,N,Y,Y,N,N,Y,Y,N,N,N,Y,N,N,N,N,Y,Y,N,Y,Y,Y,N,N,Y,Y,N,Y,Y,N,N,N,15.042,[6N 22N 26N 3N ],14.9307,0.0074
Y,Y,Y,N,N,Y,N,Y,N,N,Y,N,N,Y,N,N,N,N,N,N,N,N,N,Y,Y,N,Y,Y,Y,N,N,Y,Y,N,Y,N,Y,N,N,14.090,[6Y ],15.0588,0.0688
Y,N,N,N,N,N,N,Y,N,N,Y,Y,N,Y,N,Y,Y,N,N,N,N,N,N,Y,Y,Y,N,Y,Y,N,N,Y,Y,N,Y,Y,N,N,N,14.493,[6N 22N 26Y 10N ],13.6667,0.0570
Y,N,N,N,N,N,N,Y,N,N,Y,N,N,Y,N,N,N,Y,N,N,N,N,N,Y,Y,Y,N,Y,Y,N,N,Y,N,Y,Y,N,N,Y,N,14.243,[6N 22N 26Y 10N ],13.6667,0.0405
Y,N,N,N,N,N,N,Y,N,Y,Y,Y,N,Y,N,N,Y,N,N,N,N,N,N,Y,Y,Y,N,Y,Y,N,N,Y,Y,N,Y,Y,N,N,N,15.338,[6N 22N 26Y 10Y ],14.5610,0.0507
Y,Y,N,N,N,N,N,Y,N,N,Y,N,N,Y,Y,N,N,N,N,N,N,N,N,Y,Y,Y,N,Y,N,N,Y,Y,Y,N,Y,Y,N,N,N,14.013,[6N 22N 26Y 10N ],13.6667,0.0247
Y,Y,Y,N,N,Y,N,Y,Y,Y,Y,Y,Y,Y,Y,Y,Y,Y,Y,N,Y,Y,Y,Y,Y,N,Y,Y,N,N,Y,Y,Y,N,Y,N,N,N,Y,14.886,[6Y ],15.0588,0.0116
Y,Y,N,N,N,N,N,Y,N,N,Y,Y,N,Y,N,N,N,N,N,N,N,N,N,Y,Y,N,Y,Y,N,Y,N,Y,Y,N,Y,Y,N,N,N,13.870,[6N 22N 26N 3N ],14.9307,0.0765
Y,Y,Y,Y,N,N,N,Y,Y,Y,Y,Y,Y,Y,Y,Y,Y,Y,Y,Y,Y,N,Y,Y,Y,N,Y,Y,N,Y,N,Y,N,Y,Y,N,N,N,Y,14.434,[6N 22N 26N 3Y ],14.3777,0.0039
Y,N,N,N,N,N,N,Y,N,N,Y,Y,Y,Y,N,Y,N,N,N,N,N,N,N,Y,Y,N,Y,Y,Y,N,N,Y,Y,N,Y,Y,N,N,N,16.273,[6N 22N 26N 3N ],14.9307,0.0825
Y,N,Y,N,N,Y,N,Y,N,N,Y,N,N,Y,N,N,N,N,Y,N,N,N,N,Y,Y,N,Y,Y,N,N,Y,Y,Y,N,Y,Y,N,N,N,13.090,[6Y ],15.0588,0.1504
Y,N,Y,N,Y,N,N,Y,N,N,Y,Y,N,Y,N,N,N,N,N,N,N,N,N,Y,Y,Y,N,Y,Y,N,N,Y,Y,N,Y,N,N,N,Y,15.094,[6N 22N 26Y 10N ],13.6667,0.0946
Y,Y,Y,N,N,N,Y,Y,N,N,Y,N,N,Y,N,Y,N,N,N,N,N,N,N,Y,Y,N,Y,Y,Y,N,N,Y,Y,N,Y,Y,N,N,N,13.161,[6N 22N 26N 3Y ],14.3777,0.0924
Y,N,Y,Y,N,N,N,Y,N,N,Y,N,N,Y,N,N,N,N,N,N,N,N,N,Y,Y,N,Y,Y,Y,N,N,Y,N,Y,Y,N,N,N,Y,13.878,[6N 22N 26N 3Y ],14.3777,0.0360
Y,N,Y,N,N,N,Y,Y,N,N,Y,N,N,Y,N,N,N,N,N,N,N,N,N,Y,Y,Y,N,Y,N,Y,N,Y,Y,N,Y,N,Y,N,N,15.092,[6N 22N 26Y 10N ],13.6667,0.0944
Y,N,N,N,N,N,N,Y,Y,N,Y,N,N,Y,N,N,N,N,N,Y,N,Y,N,Y,Y,N,Y,Y,Y,N,N,Y,Y,N,Y,Y,N,N,N,15.623,[6N 22Y 29Y ],13.8765,0.1118
Y,N,Y,N,N,Y,N,Y,Y,N,Y,N,N,Y,N,N,N,N,N,N,N,N,N,Y,Y,N,Y,Y,Y,N,N,Y,Y,N,Y,Y,N,N,N,13.760,[6Y ],15.0588,0.0944
Y,N,N,N,N,N,N,Y,N,N,Y,N,N,Y,N,N,N,N,Y,N,N,N,N,Y,Y,Y,N,Y,N,N,Y,Y,Y,N,Y,N,N,N,Y,13.097,[6N 22N 26Y 10N ],13.6667,0.0435
Y,N,Y,N,Y,N,N,Y,N,N,Y,N,Y,Y,N,N,N,N,N,N,N,N,N,Y,Y,Y,N,Y,Y,N,N,Y,Y,N,Y,Y,N,N,N,14.022,[6N 22N 26Y 10N ],13.6667,0.0253
Y,N,Y,N,Y,N,N,Y,N,N,Y,N,N,Y,N,Y,N,N,N,Y,N,N,N,Y,Y,N,Y,Y,Y,N,N,Y,Y,N,Y,Y,N,N,N,15.459,[6N 22N 26N 3Y ],14.3777,0.0699
Y,Y,N,N,N,N,N,Y,N,N,Y,N,N,Y,N,N,N,N,N,N,Y,N,Y,Y,Y,N,Y,Y,Y,N,N,Y,Y,N,Y,Y,N,N,N,14.028,[6N 22N 26N 3N ],14.9307,0.0643
Y,Y,Y,Y,N,N,N,Y,N,Y,Y,Y,Y,Y,Y,Y,Y,Y,Y,Y,Y,Y,Y,Y,Y,N,Y,Y,N,Y,N,Y,N,Y,Y,N,N,N,Y,15.348,[6N 22Y 29N ],13.7242,0.1058
Y,N,Y,N,Y,N,N,Y,N,N,Y,N,N,Y,N,N,N,N,N,N,N,N,N,Y,Y,Y,N,Y,N,Y,N,Y,Y,N,Y,N,N,Y,N,14.141,[6N 22N 26Y 10N ],13.6667,0.0335
Y,N,Y,Y,N,N,N,Y,N,N,Y,N,N,Y,N,N,N,Y,Y,N,N,N,N,Y,Y,N,Y,Y,Y,N,N,Y,Y,N,Y,Y,N,N,N,14.849,[6N 22N 26N 3Y ],14.3777,0.0317
Y,N,N,N,N,N,N,Y,N,N,Y,N,Y,Y,N,N,N,N,N,Y,N,N,N,Y,Y,N,Y,Y,N,Y,N,Y,Y,N,Y,Y,N,N,N,15.360,[6N 22N 26N 3N ],14.9307,0.0280
Y,N,Y,N,Y,N,N,Y,Y,Y,Y,Y,Y,Y,Y,Y,Y,Y,Y,Y,Y,Y,Y,Y,Y,N,Y,Y,N,Y,N,Y,Y,N,Y,N,Y,N,N,13.937,[6N 22Y 29N ],13.7242,0.0153
Y,N,Y,Y,N,N,N,Y,N,N,Y,Y,N,Y,N,N,N,N,N,N,N,N,N,Y,Y,N,Y,Y,Y,N,N,Y,Y,N,Y,Y,N,N,N,13.990,[6N 22N 26N 3Y ],14.3777,0.0277
Y,N,N,N,N,N,N,Y,N,N,Y,N,N,Y,N,N,N,N,Y,Y,N,N,Y,Y,Y,Y,N,Y,Y,N,N,Y,Y,N,Y,Y,N,N,N,14.266,[6N 22N 26Y 10N ],13.6667,0.0420
Y,Y,N,N,N,N,N,Y,N,N,Y,N,Y,Y,N,N,N,N,N,N,N,N,N,Y,Y,N,Y,Y,Y,N,N,Y,Y,N,Y,Y,N,N,N,13.204,[6N 22N 26N 3N ],14.9307,0.1308
Y,N,N,N,N,N,N,Y,N,N,Y,Y,N,Y,Y,N,N,N,N,N,N,N,N,Y,Y,Y,N,Y,Y,N,N,Y,N,Y,Y,Y,N,N,N,13.012,[6N 22N 26Y 10N ],13.6667,0.0503
Y,N,N,N,N,N,N,Y,N,N,Y,Y,N,Y,N,Y,N,N,N,N,N,N,N,Y,Y,Y,N,Y,N,Y,N,Y,Y,N,Y,Y,N,N,N,14.515,[6N 22N 26Y 10N ],13.6667,0.0584
Y,N,N,N,N,N,N,Y,N,N,Y,N,N,Y,N,N,N,Y,N,N,N,N,Y,Y,Y,N,Y,Y,Y,N,N,Y,Y,N,Y,N,N,Y,N,13.993,[6N 22N 26N 3N ],14.9307,0.0670
Y,N,N,N,N,N,N,Y,N,Y,Y,N,N,Y,N,Y,N,N,N,N,N,N,N,Y,Y,N,Y,Y,Y,N,N,Y,Y,N,Y,Y,N,N,N,13.849,[6N 22N 26N 3N ],14.9307,0.0781
Y,Y,Y,N,Y,N,N,Y,Y,Y,Y,Y,Y,Y,N,Y,Y,Y,Y,Y,Y,Y,Y,Y,Y,Y,N,Y,Y,N,N,Y,Y,N,Y,N,Y,N,N,12.914,[6N 22Y 29Y ],13.8765,0.0745
Y,N,Y,N,N,N,Y,Y,N,N,Y,Y,N,Y,N,N,N,N,N,N,N,N,Y,Y,Y,Y,N,Y,Y,N,N,Y,Y,N,Y,Y,N,N,N,16.381,[6N 22N 26Y 10N ],13.6667,0.1657
Y,N,N,N,N,N,N,Y,Y,N,Y,N,Y,Y,N,N,N,N,N,N,N,N,N,Y,Y,Y,N,Y,Y,N,N,Y,Y,N,Y,N,Y,N,N,13.228,[6N 22N 26Y 10N ],13.6667,0.0332
Y,N,Y,N,N,N,Y,Y,N,N,Y,N,Y,Y,N,N,N,N,N,Y,N,N,N,Y,Y,N,Y,Y,Y,N,N,Y,Y,N,Y,Y,N,N,N,13.760,[6N 22N 26N 3Y ],14.3777,0.0449
Y,Y,N,N,N,N,N,Y,N,N,Y,N,N,Y,N,N,N,N,N,N,Y,N,N,Y,Y,N,Y,Y,N,Y,N,Y,Y,N,Y,Y,N,N,N,14.300,[6N 22N 26N 3N ],14.9307,0.0441
Y,N,N,N,N,N,N,Y,N,N,Y,N,N,Y,Y,N,N,N,N,N,N,N,N,Y,Y,Y,N,Y,N,Y,N,Y,N,Y,Y,Y,N,N,N,13.509,[6N 22N 26Y 10N ],13.6667,0.0117
Y,Y,N,N,N,N,N,Y,N,N,Y,N,N,Y,N,N,Y,N,N,N,N,N,Y,Y,Y,N,Y,Y,Y,N,N,Y,Y,N,Y,Y,N,N,N,15.205,[6N 22N 26N 3N ],14.9307,0.0180
Y,N,N,N,N,N,N,Y,N,N,Y,Y,N,Y,N,N,N,N,N,Y,N,N,N,Y,Y,N,Y,Y,N,N,Y,Y,Y,N,Y,Y,N,N,N,14.738,[6N 22N 26N 3N ],14.9307,0.0131
Y,N,N,N,N,N,N,Y,N,N,Y,N,N,Y,N,N,Y,N,N,N,N,Y,N,Y,Y,Y,N,Y,Y,N,N,Y,Y,N,Y,Y,N,N,N,14.548,[6N 22Y 29Y ],13.8765,0.0462
Y,N,N,N,N,N,N,Y,N,N,Y,N,N,Y,N,N,Y,N,N,N,N,Y,N,Y,Y,N,Y,Y,Y,N,N,Y,Y,N,Y,Y,N,N,N,13.070,[6N 22Y 29Y ],13.8765,0.0617
Y,N,N,N,N,N,N,Y,N,N,Y,N,N,Y,Y,N,N,N,N,N,N,N,N,Y,Y,Y,N,Y,N,Y,N,Y,Y,N,Y,N,N,Y,N,13.341,[6N 22N 26Y 10N ],13.6667,0.0244
Y,N,Y,N,Y,N,N,Y,N,Y,Y,N,N,Y,N,N,N,N,N,N,N,N,N,Y,Y,Y,N,Y,Y,N,N,Y,N,Y,Y,Y,N,N,N,14.886,[6N 22N 26Y 10Y ],14.5610,0.0218
Y,N,Y,N,N,N,Y,Y,N,N,Y,N,N,Y,N,N,N,Y,N,N,N,N,N,Y,Y,N,Y,Y,Y,N,N,Y,Y,N,Y,N,N,N,Y,13.620,[6N 22N 26N 3Y ],14.3777,0.0556
Y,Y,Y,Y,N,N,N,Y,Y,Y,Y,Y,Y,Y,Y,Y,Y,Y,Y,Y,Y,Y,Y,Y,Y,Y,N,Y,N,N,Y,Y,Y,N,Y,Y,N,N,N,14.602,[6N 22Y 29N ],13.7242,0.0601
Y,N,Y,Y,N,N,N,Y,N,N,Y,N,N,Y,Y,N,N,N,N,N,N,N,N,Y,Y,N,Y,Y,Y,N,N,Y,Y,N,Y,Y,N,N,N,14.529,[6N 22N 26N 3Y ],14.3777,0.0104
Y,N,N,N,N,N,N,Y,N,N,Y,N,Y,Y,N,N,N,N,N,N,Y,N,N,Y,Y,Y,N,Y,Y,N,N,Y,Y,N,Y,Y,N,N,N,14.053,[6N 22N 26Y 10N ],13.6667,0.0275
Y,Y,N,N,N,N,N,Y,N,N,Y,N,N,Y,N,N,N,N,N,N,N,N,N,Y,Y,Y,N,Y,N,N,Y,Y,Y,N,Y,N,N,N,Y,13.357,[6N 22N 26Y 10N ],13.6667,0.0232
Y,N,N,N,N,N,N,Y,N,N,Y,N,Y,Y,N,Y,N,N,N,N,N,N,N,Y,Y,N,Y,Y,Y,N,N,Y,Y,N,Y,N,Y,N,N,15.088,[6N 22N 26N 3N ],14.9307,0.0104
Y,N,N,N,N,N,N,Y,N,N,Y,Y,N,Y,N,N,N,N,N,N,N,N,N,Y,Y,Y,N,Y,N,N,Y,Y,Y,N,Y,Y,N,N,N,14.471,[6N 22N 26Y 10N ],13.6667,0.0556
Y,Y,N,N,N,N,N,Y,N,N,Y,N,N,Y,N,N,N,N,N,N,Y,Y,N,Y,Y,Y,N,Y,Y,N,N,Y,Y,N,Y,Y,N,N,N,14.515,[6N 22Y 29Y ],13.8765,0.0440
Y,N,N,N,N,N,N,Y,N,N,Y,N,Y,Y,N,N,N,Y,N,N,N,N,N,Y,Y,Y,N,Y,N,Y,N,Y,Y,N,Y,Y,N,N,N,14.615,[6N 22N 26Y 10N ],13.6667,0.0649
Y,N,Y,Y,N,N,N,Y,N,N,Y,N,N,Y,N,N,N,N,N,N,Y,N,N,Y,Y,Y,N,Y,Y,N,N,Y,N,Y,Y,Y,N,N,N,13.945,[6N 22N 26Y 10N ],13.6667,0.0200
Y,N,N,N,N,N,N,Y,Y,N,Y,N,N,Y,Y,N,N,N,N,N,N,N,N,Y,Y,Y,N,Y,Y,N,N,Y,Y,N,Y,Y,N,N,N,14.198,[6N 22N 26Y 10N ],13.6667,0.0374
Y,N,Y,N,N,Y,N,Y,N,N,Y,N,N,Y,N,N,Y,N,N,N,Y,N,N,Y,Y,N,Y,Y,Y,N,N,Y,Y,N,Y,Y,N,N,N,14.928,[6Y ],15.0588,0.0088
Y,Y,Y,N,Y,N,N,Y,Y,Y,Y,Y,Y,Y,Y,Y,Y,Y,Y,Y,Y,Y,N,Y,Y,N,Y,Y,N,N,Y,Y,Y,N,Y,N,N,N,Y,14.100,[6N 22Y 29N ],13.7242,0.0266
Y,N,N,N,N,N,N,Y,N,N,Y,N,N,Y,N,N,Y,N,N,Y,N,N,Y,Y,Y,Y,N,Y,Y,N,N,Y,Y,N,Y,Y,N,N,N,13.762,[6N 22N 26Y 10N ],13.6667,0.0069
Y,Y,Y,N,N,N,Y,Y,Y,Y,Y,Y,Y,Y,Y,Y,Y,Y,Y,Y,Y,Y,N,Y,Y,Y,N,Y,N,N,Y,Y,N,Y,Y,Y,N,N,N,14.042,[6N 22Y 29N ],13.7242,0.0226
Y,Y,Y,Y,N,N,N,Y,N,N,Y,N,N,Y,N,N,N,N,N,N,N,N,N,Y,Y,N,Y,Y,N,N,Y,Y,Y,N,Y,Y,N,N,N,14.123,[6N 22N 26N 3Y ],14.3777,0.0180
Y,N,Y,Y,N,N,N,Y,Y,N,Y,N,N,Y,N,N,N,N,N,N,N,N,N,Y,Y,Y,N,Y,Y,N,N,Y,Y,N,Y,N,Y,N,N,14.074,[6N 22N 26Y 10N ],13.6667,0.0289
Y,N,Y,N,N,Y,N,Y,Y,N,Y,N,N,Y,N,N,N,N,N,N,N,N,N,Y,Y,Y,N,Y,N,Y,N,Y,Y,N,Y,Y,N,N,N,16.107,[6Y ],15.0588,0.0651
Y,N,N,N,N,N,N,Y,Y,N,Y,Y,N,Y,N,N,N,N,N,N,N,N,N,Y,Y,N,Y,Y,Y,N,N,Y,N,Y,Y,Y,N,N,N,15.343,[6N 22N 26N 3N ],14.9307,0.0269
Y,N,N,N,N,N,N,Y,N,N,Y,N,N,Y,N,N,N,N,N,N,Y,N,N,Y,Y,N,Y,Y,N,Y,N,Y,Y,N,Y,N,N,Y,N,14.547,[6N 22N 26N 3N ],14.9307,0.0264
Y,Y,N,N,N,N,N,Y,N,N,Y,N,N,Y,N,Y,N,N,N,N,N,Y,N,Y,Y,Y,N,Y,Y,N,N,Y,Y,N,Y,Y,N,N,N,15.220,[6N 22Y 29Y ],13.8765,0.0883
Y,Y,Y,N,N,Y,N,Y,Y,Y,Y,Y,Y,Y,Y,Y,Y,N,Y,Y,Y,Y,Y,Y,Y,Y,N,Y,Y,N,N,Y,N,Y,Y,N,N,N,Y,14.422,[6Y ],15.0588,0.0442
Y,N,Y,Y,N,N,N,Y,N,N,Y,N,N,Y,N,Y,N,Y,N,N,N,N,N,Y,Y,N,Y,Y,Y,N,N,Y,Y,N,Y,Y,N,N,N,14.845,[6N 22N 26N 3Y ],14.3777,0.0315
Y,N,Y,N,N,N,Y,Y,N,N,Y,N,N,Y,N,N,N,N,N,Y,N,N,N,Y,Y,Y,N,Y,Y,N,N,Y,N,Y,Y,Y,N,N,N,15.606,[6N 22N 26Y 10N ],13.6667,0.1243
Y,Y,N,N,N,N,N,Y,N,N,Y,Y,N,Y,N,N,N,N,N,N,N,N,Y,Y,Y,Y,N,Y,Y,N,N,Y,Y,N,Y,Y,N,N,N,15.371,[6N 22N 26Y 10N ],13.6667,0.1109
Y,N,Y,N,N,Y,N,Y,N,N,Y,N,N,Y,N,N,N,Y,Y,N,N,N,N,Y,Y,Y,N,Y,Y,N,N,Y,Y,N,Y,Y,N,N,N,15.041,[6Y ],15.0588,0.0012
Y,Y,N,N,N,N,N,Y,Y,N,Y,N,N,Y,N,Y,N,N,N,N,N,N,N,Y,Y,Y,N,Y,Y,N,N,Y,Y,N,Y,Y,N,N,N,15.976,[6N 22N 26Y 10N ],13.6667,0.1446
Y,Y,Y,Y,N,N,N,Y,Y,Y,Y,N,Y,Y,Y,Y,Y,Y,Y,Y,Y,Y,Y,Y,Y,Y,N,Y,N,N,Y,Y,Y,N,Y,N,N,Y,N,13.423,[6N 22Y 29N ],13.7242,0.0224
Y,N,N,N,N,N,N,Y,N,N,Y,Y,N,Y,N,N,N,N,N,N,N,Y,N,Y,Y,Y,N,Y,Y,N,N,Y,Y,N,Y,N,N,Y,N,14.227,[6N 22Y 29Y ],13.8765,0.0246
Y,N,N,N,N,N,N,Y,N,Y,Y,N,Y,Y,N,N,N,N,N,N,N,N,N,Y,Y,N,Y,Y,N,N,Y,Y,Y,N,Y,Y,N,N,N,15.418,[6N 22N 26N 3N ],14.9307,0.0316
Y,N,N,N,N,N,N,Y,N,N,Y,N,N,Y,Y,Y,N,N,N,N,N,N,N,Y,Y,Y,N,Y,N,Y,N,Y,Y,N,Y,Y,N,N,N,14.695,[6N 22N 26Y 10N ],13.6667,0.0700
Y,Y,N,N,N,N,N,Y,N,Y,Y,N,N,Y,N,N,N,N,N,N,N,N,N,Y,Y,Y,N,Y,N,N,Y,Y,Y,N,Y,Y,N,N,N,13.515,[6N 22N 26Y 10Y ],14.5610,0.0774
Y,N,Y,N,N,N,Y,Y,N,N,Y,N,N,Y,N,N,N,N,N,N,Y,N,Y,Y,Y,Y,N,Y,Y,N,N,Y,Y,N,Y,Y,N,N,N,16.057,[6N 22N 26Y 10N ],13.6667,0.1489
Y,N,Y,N,Y,N,N,Y,Y,N,Y,N,N,Y,N,N,N,N,N,N,N,N,Y,Y,Y,Y,N,Y,Y,N,N,Y,Y,N,Y,Y,N,N,N,16.262,[6N 22N 26Y 10N ],13.6667,0.1596
Y,N,N,N,N,N,N,Y,N,N,Y,N,Y,Y,N,N,N,N,N,N,N,N,N,Y,Y,Y,N,Y,N,N,Y,Y,N,Y,Y,Y,N,N,N,14.723,[6N 22N 26Y 10N ],13.6667,0.0717
Y,Y,Y,N,Y,N,N,Y,Y,Y,Y,Y,Y,Y,Y,Y,Y,Y,Y,Y,Y,Y,Y,Y,Y,Y,N,Y,Y,N,N,Y,Y,N,Y,N,N,Y,N,14.691,[6N 22Y 29Y ],13.8765,0.0554
Y,N,N,N,N,N,N,Y,N,N,Y,N,N,Y,Y,N,Y,N,N,N,Y,N,N,Y,Y,Y,N,Y,Y,N,N,Y,Y,N,Y,Y,N,N,N,13.631,[6N 22N 26Y 10N ],13.6667,0.0026
Y,N,Y,N,N,N,Y,Y,N,Y,Y,N,Y,Y,N,N,N,N,N,N,N,N,N,Y,Y,Y,N,Y,Y,N,N,Y,Y,N,Y,Y,N,N,N,16.159,[6N 22N 26Y 10Y ],14.5610,0.0989
Y,N,Y,Y,N,N,N,Y,N,N,Y,N,N,Y,Y,N,N,N,N,N,N,N,N,Y,Y,Y,N,Y,N,Y,N,Y,Y,N,Y,Y,N,N,N,13.925,[6N 22N 26Y 10N ],13.6667,0.0186
Y,N,Y,N,N,Y,N,Y,N,N,Y,N,N,Y,N,N,N,N,N,N,N,N,N,Y,Y,N,Y,Y,N,Y,N,Y,Y,N,Y,N,N,Y,N,14.735,[6Y ],15.0588,0.0220
Y,Y,Y,N,N,Y,N,Y,N,Y,Y,Y,Y,Y,Y,Y,Y,Y,Y,Y,Y,Y,Y,Y,Y,Y,N,Y,N,N,Y,Y,Y,N,Y,N,N,Y,N,14.686,[6Y ],15.0588,0.0254
Y,N,Y,N,Y,N,N,Y,N,N,Y,N,Y,Y,N,N,N,N,N,N,Y,N,N,Y,Y,N,Y,Y,Y,N,N,Y,Y,N,Y,Y,N,N,N,14.783,[6N 22N 26N 3Y ],14.3777,0.0274
Y,N,N,N,N,N,N,Y,N,N,Y,N,N,Y,N,N,N,N,N,N,Y,N,Y,Y,Y,Y,N,Y,Y,N,N,Y,Y,N,Y,Y,N,N,N,14.769,[6N 22N 26Y 10N ],13.6667,0.0746
Y,Y,N,N,N,N,N,Y,N,N,Y,N,N,Y,N,N,N,N,N,Y,N,Y,N,Y,Y,Y,N,Y,Y,N,N,Y,Y,N,Y,Y,N,N,N,14.978,[6N 22Y 29Y ],13.8765,0.0735
Y,Y,Y,N,Y,N,N,Y,Y,Y,Y,N,Y,Y,Y,Y,Y,Y,Y,Y,Y,Y,Y,Y,Y,N,Y,Y,N,Y,N,Y,N,Y,Y,N,N,N,Y,12.714,[6N 22Y 29N ],13.7242,0.0795
Y,N,N,N,N,N,N,Y,N,N,Y,N,N,Y,N,N,N,N,N,N,Y,N,N,Y,Y,N,Y,Y,N,Y,N,Y,N,Y,Y,Y,N,N,N,14.498,[6N 22N 26N 3N ],14.9307,0.0298
Y,Y,Y,N,N,N,Y,Y,Y,Y,Y,Y,Y,Y,Y,Y,Y,Y,Y,Y,Y,Y,Y,Y,Y,Y,N,Y,Y,N,N,Y,N,Y,Y,N,N,N,Y,14.617,[6N 22Y 29Y ],13.8765,0.0507
Y,Y,Y,Y,N,N,N,Y,Y,Y,Y,Y,Y,Y,N,Y,Y,Y,Y,Y,Y,Y,Y,Y,Y,Y,N,Y,N,N,Y,Y,Y,N,Y,N,N,Y,N,12.902,[6N 22Y 29N ],13.7242,0.0637
Y,N,N,N,N,N,N,Y,N,N,Y,Y,N,Y,N,N,N,N,Y,N,N,N,N,Y,Y,N,Y,Y,Y,N,N,Y,Y,N,Y,Y,N,N,N,13.592,[6N 22N 26N 3N ],14.9307,0.0985
Y,Y,Y,N,Y,N,N,Y,Y,Y,Y,Y,Y,Y,Y,Y,Y,Y,N,Y,Y,Y,Y,Y,Y,Y,N,Y,N,N,Y,Y,Y,N,Y,N,Y,N,N,14.555,[6N 22Y 29N ],13.7242,0.0571
Y,N,N,N,N,N,N,Y,Y,N,Y,N,N,Y,N,N,N,N,N,N,Y,N,N,Y,Y,N,Y,Y,Y,N,N,Y,N,Y,Y,Y,N,N,N,15.739,[6N 22N 26N 3N ],14.9307,0.0514
Y,Y,N,N,N,N,N,Y,N,Y,Y,N,N,Y,N,N,N,N,N,Y,N,N,N,Y,Y,Y,N,Y,Y,N,N,Y,Y,N,Y,Y,N,N,N,14.878,[6N 22N 26Y 10Y ],14.5610,0.0213
Y,N,N,N,N,N,N,Y,N,N,Y,N,N,Y,N,Y,N,Y,N,N,N,N,N,Y,Y,N,Y,Y,Y,N,N,Y,Y,N,Y,N,Y,N,N,15.309,[6N 22N 26N 3N ],14.9307,0.0247
Y,N,Y,N,N,Y,N,Y,N,N,Y,N,N,Y,N,N,N,N,N,N,N,N,Y,Y,Y,N,Y,Y,N,Y,N,Y,Y,N,Y,Y,N,N,N,13.804,[6Y ],15.0588,0.0909
Y,N,Y,Y,N,N,N,Y,N,N,Y,Y,N,Y,Y,N,N,N,N,N,N,N,N,Y,Y,Y,N,Y,Y,N,N,Y,Y,N,Y,Y,N,N,N,14.260,[6N 22N 26Y 10N ],13.6667,0.0416
Y,N,Y,N,N,Y,N,Y,N,N,Y,N,N,Y,N,N,N,N,N,N,N,N,N,Y,Y,N,Y,Y,N,N,Y,Y,Y,N,Y,N,Y,N,N,16.100,[6Y ],15.0588,0.0647
Y,N,Y,N,Y,N,N,Y,N,N,Y,Y,N,Y,N,N,N,N,N,N,N,N,Y,Y,Y,N,Y,Y,Y,N,N,Y,Y,N,Y,Y,N,N,N,15.320,[6N 22N 26N 3Y ],14.3777,0.0615
Y,N,Y,Y,N,N,N,Y,N,N,Y,N,N,Y,N,N,N,N,N,N,N,N,N,Y,Y,Y,N,Y,N,N,Y,Y,Y,N,Y,Y,N,N,N,14.833,[6N 22N 26Y 10N ],13.6667,0.0786
Y,N,N,N,N,N,N,Y,N,Y,Y,N,N,Y,N,N,N,N,N,N,N,Y,N,Y,Y,Y,N,Y,Y,N,N,Y,N,Y,Y,Y,N,N,N,13.429,[6N 22Y 29Y ],13.8765,0.0333
Y,N,N,N,N,N,N,Y,N,N,Y,N,N,Y,N,N,Y,N,N,N,N,N,Y,Y,Y,N,Y,Y,Y,N,N,Y,Y,N,Y,N,Y,N,N,14.500,[6N 22N 26N 3N ],14.9307,0.0297
Y,N,N,N,N,N,N,Y,N,N,Y,N,N,Y,N,Y,N,N,N,N,N,N,Y,Y,Y,N,Y,Y,Y,N,N,Y,Y,N,Y,N,N,Y,N,15.651,[6N 22N 26N 3N ],14.9307,0.0460
Y,N,N,N,N,N,N,Y,N,N,Y,N,N,Y,Y,N,Y,N,N,N,N,N,Y,Y,Y,Y,N,Y,Y,N,N,Y,Y,N,Y,Y,N,N,N,13.964,[6N 22N 26Y 10N ],13.6667,0.0213
Y,N,Y,Y,N,N,N,Y,N,N,Y,Y,Y,Y,N,N,N,N,N,N,N,N,N,Y,Y,N,Y,Y,Y,N,N,Y,Y,N,Y,Y,N,N,N,13.885,[6N 22N 26N 3Y ],14.3777,0.0355
Y,N,Y,N,N,Y,N,Y,N,Y,Y,N,N,Y,N,N,N,N,N,N,N,N,Y,Y,Y,Y,N,Y,Y,N,N,Y,Y,N,Y,Y,N,N,N,15.716,[6Y ],15.0588,0.0418
Y,N,Y,N,Y,N,N,Y,N,Y,Y,N,Y,Y,N,N,N,N,N,N,N,N,N,Y,Y,N,Y,Y,Y,N,N,Y,Y,N,Y,Y,N,N,N,13.779,[6N 22N 26N 3Y ],14.3777,0.0434
Y,N,Y,N,N,N,Y,Y,N,Y,Y,N,N,Y,N,N,N,N,Y,N,N,N,N,Y,Y,Y,N,Y,Y,N,N,Y,Y,N,Y,Y,N,N,N,16.101,[6N 22N 26Y 10Y ],14.5610,0.0956
Y,N,N,N,N,N,N,Y,N,N,Y,Y,N,Y,N,N,N,N,N,N,N,N,N,Y,Y,N,Y,Y,N,N,Y,Y,N,Y,Y,Y,N,N,N,14.623,[6N 22N 26N 3N ],14.9307,0.0210
Y,N,Y,N,Y,N,N,Y,N,N,Y,N,Y,Y,N,N,N,N,N,N,N,N,Y,Y,Y,N,Y,Y,Y,N,N,Y,Y,N,Y,Y,N,N,N,14.835,[6N 22N 26N 3Y ],14.3777,0.0308
Y,N,Y,Y,N,N,N,Y,N,N,Y,N,N,Y,N,N,Y,N,N,N,N,N,N,Y,Y,Y,N,Y,Y,N,N,Y,N,Y,Y,Y,N,N,N,13.940,[6N 22N 26Y 10N ],13.6667,0.0196
Y,N,Y,N,N,Y,N,Y,N,N,Y,N,N,Y,N,N,Y,N,N,N,N,N,Y,Y,Y,N,Y,Y,Y,N,N,Y,Y,N,Y,Y,N,N,N,14.638,[6Y ],15.0588,0.0287
Y,N,N,N,N,N,N,Y,N,N,Y,N,N,Y,Y,N,N,N,N,N,N,N,N,Y,Y,N,Y,Y,N,Y,N,Y,N,Y,Y,Y,N,N,N,14.679,[6N 22N 26N 3N ],14.9307,0.0171
Y,N,Y,N,N,Y,N,Y,N,N,Y,N,N,Y,N,N,N,N,Y,N,N,N,N,Y,Y,Y,N,Y,Y,N,N,Y,Y,N,Y,Y,N,N,N,14.306,[6Y ],15.0588,0.0526
Y,N,Y,N,N,N,Y,Y,N,N,Y,N,N,Y,N,N,N,N,N,Y,N,N,N,Y,Y,N,Y,Y,Y,N,N,Y,Y,N,Y,Y,N,N,N,14.124,[6N 22N 26N 3Y ],14.3777,0.0180
Y,N,N,N,N,N,N,Y,N,N,Y,N,N,Y,N,N,N,N,N,N,N,N,N,Y,Y,Y,N,Y,N,Y,N,Y,N,Y,Y,N,N,N,Y,15.561,[6N 22N 26Y 10N ],13.6667,0.1217
Y,Y,Y,N,N,N,Y,Y,Y,Y,Y,Y,Y,Y,Y,Y,N,Y,Y,Y,Y,Y,Y,Y,Y,Y,N,Y,N,N,Y,Y,Y,N,Y,N,Y,N,N,13.075,[6N 22Y 29N ],13.7242,0.0497
Y,N,N,N,N,N,N,Y,N,Y,Y,Y,N,Y,N,N,N,N,N,Y,N,N,N,Y,Y,Y,N,Y,Y,N,N,Y,Y,N,Y,Y,N,N,N,14.734,[6N 22N 26Y 10Y ],14.5610,0.0117
Y,Y,Y,N,Y,N,N,Y,Y,Y,Y,Y,Y,Y,Y,Y,Y,N,Y,Y,Y,Y,Y,Y,Y,Y,N,Y,Y,N,N,Y,N,Y,Y,N,N,N,Y,14.456,[6N 22Y 29Y ],13.8765,0.0401
Y,N,N,N,N,N,N,Y,N,N,Y,N,N,Y,N,N,N,N,N,N,N,N,N,Y,Y,N,Y,Y,N,N,Y,Y,N,Y,Y,N,Y,N,N,15.834,[6N 22N 26N 3N ],14.9307,0.0571
Y,N,Y,N,N,N,Y,Y,N,N,Y,N,N,Y,Y,N,N,N,N,N,N,N,N,Y,Y,Y,N,Y,Y,N,N,Y,N,Y,Y,Y,N,N,N,15.317,[6N 22N 26Y 10N ],13.6667,0.1077
Y,N,Y,N,N,Y,N,Y,N,N,Y,N,N,Y,N,Y,N,N,N,N,N,N,N,Y,Y,Y,N,Y,Y,N,N,Y,Y,N,Y,N,Y,N,N,15.703,[6Y ],15.0588,0.0410
Y,N,N,N,N,N,N,Y,N,Y,Y,N,N,Y,N,N,N,N,N,N,Y,N,Y,Y,Y,N,Y,Y,Y,N,N,Y,Y,N,Y,Y,N,N,N,14.139,[6N 22N 26N 3N ],14.9307,0.0560
Y,N,Y,N,N,Y,N,Y,Y,N,Y,N,N,Y,N,N,N,N,Y,N,N,N,N,Y,Y,N,Y,Y,Y,N,N,Y,Y,N,Y,Y,N,N,N,15.705,[6Y ],15.0588,0.0411
Y,N,Y,N,N,N,Y,Y,N,N,Y,N,N,Y,Y,Y,N,N,N,N,N,N,N,Y,Y,N,Y,Y,Y,N,N,Y,Y,N,Y,Y,N,N,N,13.686,[6N 22N 26N 3Y ],14.3777,0.0505
Y,N,Y,N,N,Y,N,Y,N,N,Y,N,N,Y,N,N,N,N,N,Y,N,N,N,Y,Y,N,Y,Y,Y,N,N,Y,N,Y,Y,Y,N,N,N,14.966,[6Y ],15.0588,0.0062
Y,Y,N,N,N,N,N,Y,N,N,Y,N,N,Y,N,N,N,N,N,N,N,N,Y,Y,Y,Y,N,Y,N,Y,N,Y,Y,N,Y,Y,N,N,N,14.470,[6N 22N 26Y 10N ],13.6667,0.0555
Y,N,N,N,N,N,N,Y,N,Y,Y,N,N,Y,N,Y,N,N,N,N,Y,N,N,Y,Y,Y,N,Y,Y,N,N,Y,Y,N,Y,Y,N,N,N,14.768,[6N 22N 26Y 10Y ],14.5610,0.0140
Y,N,N,N,N,N,N,Y,N,N,Y,N,N,Y,N,N,N,N,N,N,N,N,N,Y,Y,Y,N,Y,N,N,Y,Y,Y,N,Y,N,Y,N,N,14.595,[6N 22N 26Y 10N ],13.6667,0.0636
Y,N,N,N,N,N,N,Y,N,N,Y,N,N,Y,N,N,Y,Y,N,N,N,N,Y,Y,Y,N,Y,Y,Y,N,N,Y,Y,N,Y,Y,N,N,N,13.335,[6N 22N 26N 3N ],14.9307,0.1197
Y,N,N,N,N,N,N,Y,N,N,Y,N,N,Y,N,Y,N,Y,N,N,N,N,N,Y,Y,Y,N,Y,Y,N,N,Y,Y,N,Y,Y,N,N,N,14.926,[6N 22N 26Y 10N ],13.6667,0.0844
Y,N,N,N,N,N,N,Y,N,N,Y,N,N,Y,N,N,N,N,N,N,Y,Y,N,Y,Y,Y,N,Y,N,Y,N,Y,Y,N,Y,Y,N,N,N,13.772,[6N 22Y 29N ],13.7242,0.0035
Y,N,Y,N,Y,N,N,Y,N,N,Y,N,N,Y,N,N,Y,N,N,N,N,N,N,Y,Y,Y,N,Y,Y,N,N,Y,N,Y,Y,Y,N,N,N,14.464,[6N 22N 26Y 10N ],13.6667,0.0551
Y,N,Y,Y,N,N,N,Y,N,N,Y,N,N,Y,N,N,Y,N,N,N,N,N,N,Y,Y,Y,N,Y,N,Y,N,Y,Y,N,Y,Y,N,N,N,13.916,[6N 22N 26Y 10N ],13.6667,0.0179
Y,Y,Y,N,Y,N,N,Y,Y,Y,Y,Y,Y,Y,Y,Y,Y,Y,Y,Y,Y,Y,N,Y,Y,N,Y,Y,N,Y,N,Y,Y,N,Y,N,Y,N,N,14.455,[6N 22Y 29N ],13.7242,0.0506
Y,Y,Y,N,N,Y,N,Y,N,N,Y,N,N,Y,N,N,N,N,N,N,N,N,N,Y,Y,N,Y,Y,N,N,Y,Y,Y,N,Y,Y,N,N,N,14.602,[6Y ],15.0588,0.0313
Y,N,N,N,N,N,N,Y,Y,N,Y,N,N,Y,N,Y,N,N,N,N,N,Y,N,Y,Y,Y,N,Y,Y,N,N,Y,Y,N,Y,Y,N,N,N,14.641,[6N 22Y 29Y ],13.8765,0.0522
Y,Y,Y,N,Y,N,N,Y,Y,Y,Y,Y,Y,Y,Y,Y,Y,N,Y,Y,Y,Y,Y,Y,Y,Y,N,Y,Y,N,N,Y,Y,N,Y,N,N,Y,N,14.286,[6N 22Y 29Y ],13.8765,0.0287
Y,N,Y,N,Y,N,N,Y,Y,N,Y,N,N,Y,N,N,N,N,N,N,N,N,N,Y,Y,Y,N,Y,Y,N,N,Y,N,Y,Y,Y,N,N,N,14.886,[6N 22N 26Y 10N ],13.6667,0.0819
Y,N,Y,N,N,N,Y,Y,N,N,Y,N,N,Y,N,N,N,N,Y,Y,N,N,N,Y,Y,N,Y,Y,Y,N,N,Y,Y,N,Y,Y,N,N,N,14.115,[6N 22N 26N 3Y ],14.3777,0.0186
Y,N,N,N,N,N,N,Y,N,N,Y,N,N,Y,Y,N,N,N,N,N,Y,N,N,Y,Y,N,Y,Y,Y,N,N,Y,Y,N,Y,N,N,Y,N,15.148,[6N 22N 26N 3N ],14.9307,0.0143
Y,Y,N,N,N,N,N,Y,N,N,Y,N,N,Y,Y,N,N,N,N,N,N,N,N,Y,Y,Y,N,Y,Y,N,N,Y,Y,N,Y,N,N,Y,N,13.517,[6N 22N 26Y 10N ],13.6667,0.0111
Y,N,N,N,N,N,N,Y,N,N,Y,N,N,Y,N,N,Y,Y,N,N,N,N,N,Y,Y,Y,N,Y,N,Y,N,Y,Y,N,Y,Y,N,N,N,13.976,[6N 22N 26Y 10N ],13.6667,0.0221
Y,N,Y,Y,N,N,N,Y,N,N,Y,N,N,Y,N,N,Y,N,N,N,N,N,N,Y,Y,Y,N,Y,Y,N,N,Y,Y,N,Y,Y,N,N,N,14.735,[6N 22N 26Y 10N ],13.6667,0.0725
Y,N,N,N,N,N,N,Y,N,Y,Y,Y,N,Y,N,N,N,N,Y,N,N,N,N,Y,Y,Y,N,Y,Y,N,N,Y,Y,N,Y,Y,N,N,N,14.931,[6N 22N 26Y 10Y ],14.5610,0.0248
Y,N,Y,N,N,N,Y,Y,N,N,Y,N,N,Y,N,N,Y,N,N,N,N,N,N,Y,Y,N,Y,Y,Y,N,N,Y,Y,N,Y,N,N,N,Y,14.166,[6N 22N 26N 3Y ],14.3777,0.0149
Y,N,N,N,N,N,N,Y,N,N,Y,Y,N,Y,N,N,N,N,N,N,N,N,N,Y,Y,Y,N,Y,Y,N,N,Y,N,Y,Y,Y,N,N,N,14.460,[6N 22N 26Y 10N ],13.6667,0.0549
Y,N,N,N,N,N,N,Y,N,Y,Y,N,N,Y,N,N,N,N,N,N,N,N,N,Y,Y,N,Y,Y,Y,N,N,Y,N,Y,Y,N,N,N,Y,15.935,[6N 22N 26N 3N ],14.9307,0.0630
Y,N,N,N,N,N,N,Y,N,N,Y,N,Y,Y,N,N,Y,N,N,N,N,N,N,Y,Y,Y,N,Y,Y,N,N,Y,Y,N,Y,N,Y,N,N,14.191,[6N 22N 26Y 10N ],13.6667,0.0369
Y,N,N,N,N,N,N,Y,N,N,Y,N,N,Y,Y,N,N,N,N,N,Y,N,N,Y,Y,Y,N,Y,Y,N,N,Y,Y,N,Y,N,N,Y,N,14.160,[6N 22N 26Y 10N ],13.6667,0.0348
Y,N,N,N,N,N,N,Y,N,N,Y,N,N,Y,N,N,N,Y,N,Y,N,N,N,Y,Y,N,Y,Y,N,N,Y,Y,Y,N,Y,Y,N,N,N,15.044,[6N 22N 26N 3N ],14.9307,0.0075
Y,N,N,N,N,N,N,Y,Y,N,Y,Y,N,Y,N,N,N,N,N,N,N,N,N,Y,Y,N,Y,Y,Y,N,N,Y,Y,N,Y,N,N,Y,N,15.385,[6N 22N 26N 3N ],14.9307,0.0295
Y,Y,Y,N,N,N,Y,Y,Y,Y,Y,Y,Y,Y,Y,Y,N,Y,Y,Y,Y,Y,Y,Y,Y,Y,N,Y,N,N,Y,Y,Y,N,Y,Y,N,N,N,14.610,[6N 22Y 29N ],13.7242,0.0606
Y,N,Y,N,Y,N,N,Y,N,N,Y,N,N,Y,N,Y,N,N,N,N,N,N,N,Y,Y,Y,N,Y,N,N,Y,Y,Y,N,Y,Y,N,N,N,14.779,[6N 22N 26Y 10N ],13.6667,0.0753
Y,N,N,N,N,N,N,Y,N,N,Y,N,N,Y,N,N,Y,N,N,Y,N,N,N,Y,Y,N,Y,Y,Y,N,N,Y,N,Y,Y,Y,N,N,N,15.087,[6N 22N 26N 3N ],14.9307,0.0104
Y,N,N,N,N,N,N,Y,N,N,Y,N,N,Y,N,N,N,N,N,N,Y,Y,N,Y,Y,Y,N,Y,N,N,Y,Y,Y,N,Y,Y,N,N,N,13.869,[6N 22Y 29N ],13.7242,0.0104
Y,N,N,N,N,N,N,Y,N,N,Y,N,N,Y,N,N,Y,N,N,N,N,N,Y,Y,Y,Y,N,Y,Y,N,N,Y,Y,N,Y,N,N,Y,N,14.006,[6N 22N 26Y 10N ],13.6667,0.0242
Y,N,Y,N,N,N,Y,Y,N,N,Y,N,N,Y,N,N,N,N,N,N,N,N,Y,Y,Y,Y,N,Y,N,Y,N,Y,Y,N,Y,Y,N,N,N,15.508,[6N 22N 26Y 10N ],13.6667,0.1187
Y,N,N,N,N,N,N,Y,N,N,Y,N,N,Y,N,N,Y,N,N,Y,N,N,N,Y,Y,N,Y,Y,Y,N,N,Y,Y,N,Y,Y,N,N,N,13.787,[6N 22N 26N 3N ],14.9307,0.0830
Y,N,Y,N,N,Y,N,Y,N,N,Y,N,N,Y,N,N,N,N,N,N,Y,N,Y,Y,Y,Y,N,Y,Y,N,N,Y,Y,N,Y,Y,N,N,N,15.392,[6Y ],15.0588,0.0216
Y,N,N,N,N,N,N,Y,Y,N,Y,N,Y,Y,N,N,N,N,N,N,N,N,N,Y,Y,Y,N,Y,Y,N,N,Y,Y,N,Y,N,N,N,Y,13.838,[6N 22N 26Y 10N ],13.6667,0.0124
Y,N,Y,Y,N,N,N,Y,N,N,Y,N,N,Y,N,N,Y,N,N,N,N,N,N,Y,Y,N,Y,Y,N,Y,N,Y,Y,N,Y,Y,N,N,N,14.081,[6N 22N 26N 3Y ],14.3777,0.0211
Y,N,N,N,N,N,N,Y,N,N,Y,N,N,Y,N,N,N,Y,N,N,N,N,Y,Y,Y,N,Y,Y,Y,N,N,Y,Y,N,Y,Y,N,N,N,13.556,[6N 22N 26N 3N ],14.9307,0.1014
Y,N,N,N,N,N,N,Y,Y,N,Y,Y,N,Y,N,N,N,N,N,N,N,N,Y,Y,Y,Y,N,Y,Y,N,N,Y,Y,N,Y,Y,N,N,N,15.213,[6N 22N 26Y 10N ],13.6667,0.1016
Y,N,N,N,N,N,N,Y,N,N,Y,N,N,Y,N,N,N,N,N,N,N,N,N,Y,Y,N,Y,Y,N,N,Y,Y,Y,N,Y,Y,N,N,N,14.699,[6N 22N 26N 3N ],14.9307,0.0158
Y,N,Y,Y,N,N,N,Y,N,N,Y,N,N,Y,N,N,Y,N,N,N,N,N,N,Y,Y,Y,N,Y,N,N,Y,Y,Y,N,Y,Y,N,N,N,13.646,[6N 22N 26Y 10N ],13.6667,0.0015
Y,Y,Y,Y,N,N,N,Y,Y,Y,Y,Y,Y,Y,Y,Y,Y,Y,Y,Y,N,Y,Y,Y,Y,N,Y,Y,N,N,Y,Y,Y,N,Y,N,N,N,Y,13.352,[6N 22Y 29N ],13.7242,0.0279
Y,Y,Y,N,Y,N,N,Y,N,Y,Y,Y,Y,Y,Y,Y,Y,Y,Y,Y,Y,Y,Y,Y,Y,Y,N,Y,Y,N,N,Y,N,Y,Y,N,N,N,Y,12.902,[6N 22Y 29Y ],13.8765,0.0755
Y,Y,Y,N,N,Y,N,Y,N,N,Y,N,Y,Y,N,N,N,N,N,N,N,N,N,Y,Y,Y,N,Y,Y,N,N,Y,Y,N,Y,Y,N,N,N,16.183,[6Y ],15.0588,0.0695
Y,N,N,N,N,N,N,Y,N,N,Y,N,N,Y,N,N,N,N,N,N,Y,Y,Y,Y,Y,Y,N,Y,Y,N,N,Y,Y,N,Y,Y,N,N,N,13.832,[6N 22Y 29Y ],13.8765,0.0032
Y,N,Y,N,N,N,Y,Y,Y,N,Y,N,N,Y,N,N,Y,N,N,N,N,N,N,Y,Y,N,Y,Y,Y,N,N,Y,Y,N,Y,Y,N,N,N,14.194,[6N 22N 26N 3Y ],14.3777,0.0129
Y,N,N,N,N,N,N,Y,N,N,Y,N,N,Y,N,Y,N,N,N,N,Y,Y,N,Y,Y,Y,N,Y,Y,N,N,Y,Y,N,Y,Y,N,N,N,13.594,[6N 22Y 29Y ],13.8765,0.0208
Y,N,N,N,N,N,N,Y,N,N,Y,N,Y,Y,N,N,N,N,Y,N,N,N,N,Y,Y,N,Y,Y,Y,N,N,Y,Y,N,Y,Y,N,N,N,13.541,[6N 22N 26N 3N ],14.9307,0.1026
Y,N,Y,N,N,Y,N,Y,N,N,Y,N,N,Y,N,Y,N,N,N,Y,N,N,N,Y,Y,Y,N,Y,Y,N,N,Y,Y,N,Y,Y,N,N,N,15.336,[6Y ],15.0588,0.0181
Y,N,Y,N,Y,N,N,Y,Y,N,Y,N,N,Y,N,N,N,N,N,Y,N,N,N,Y,Y,N,Y,Y,Y,N,N,Y,Y,N,Y,Y,N,N,N,13.246,[6N 22N 26N 3Y ],14.3777,0.0854
Y,N,N,N,N,N,N,Y,N,N,Y,N,N,Y,Y,N,N,Y,N,N,N,Y,N,Y,Y,Y,N,Y,Y,N,N,Y,Y,N,Y,Y,N,N,N,14.011,[6N 22Y 29Y ],13.8765,0.0096
Y,N,Y,Y,N,N,N,Y,N,N,Y,Y,N,Y,N,N,N,N,N,N,N,N,N,Y,Y,N,Y,Y,Y,N,N,Y,Y,N,Y,N,N,N,Y,13.763,[6N 22N 26N 3Y ],14.3777,0.0447
Y,N,N,N,N,N,N,Y,N,N,Y,N,N,Y,N,N,N,N,N,N,Y,Y,N,Y,Y,Y,N,Y,Y,N,N,Y,Y,N,Y,N,Y,N,N,13.357,[6N 22Y 29Y ],13.8765,0.0389
Y,N,N,N,N,N,N,Y,N,Y,Y,N,N,Y,N,N,Y,N,N,N,N,N,N,Y,Y,Y,N,Y,Y,N,N,Y,Y,N,Y,N,N,Y,N,13.500,[6N 22N 26Y 10Y ],14.5610,0.0786
Y,Y,Y,N,Y,N,N,Y,Y,Y,Y,Y,Y,Y,N,Y,Y,Y,Y,Y,Y,Y,Y,Y,Y,Y,N,Y,Y,N,N,Y,N,Y,Y,N,N,N,Y,14.044,[6N 22Y 29Y ],13.8765,0.0119
Y,N,N,N,N,N,N,Y,N,N,Y,N,N,Y,N,N,Y,Y,Y,N,N,N,N,Y,Y,N,Y,Y,Y,N,N,Y,Y,N,Y,Y,N,N,N,14.045,[6N 22N 26N 3N ],14.9307,0.0631
Y,N,Y,N,N,Y,N,Y,N,Y,Y,Y,N,Y,N,N,N,N,N,N,N,N,N,Y,Y,Y,N,Y,Y,N,N,Y,Y,N,Y,Y,N,N,N,15.845,[6Y ],15.0588,0.0496
Y,N,N,N,N,N,N,Y,N,N,Y,N,N,Y,Y,N,N,N,N,N,Y,N,N,Y,Y,Y,N,Y,N,N,Y,Y,Y,N,Y,Y,N,N,N,14.523,[6N 22N 26Y 10N ],13.6667,0.0590
Y,N,N,N,N,N,N,Y,N,N,Y,N,N,Y,Y,Y,N,N,N,N,N,N,N,Y,Y,Y,N,Y,Y,N,N,Y,Y,N,Y,N,Y,N,N,13.794,[6N 22N 26Y 10N ],13.6667,0.0092
Y,N,N,N,N,N,N,Y,Y,N,Y,N,N,Y,N,N,N,N,N,N,N,N,N,Y,Y,N,Y,Y,Y,N,N,Y,Y,N,Y,N,Y,N,N,14.483,[6N 22N 26N 3N ],14.9307,0.0309
Y,N,N,N,N,N,N,Y,Y,N,Y,N,Y,Y,N,N,N,N,N,N,N,N,N,Y,Y,N,Y,Y,N,Y,N,Y,Y,N,Y,Y,N,N,N,13.730,[6N 22N 26N 3N ],14.9307,0.0874
Y,Y,N,N,N,N,N,Y,N,N,Y,N,N,Y,N,N,N,N,N,N,Y,N,N,Y,Y,Y,N,Y,Y,N,N,Y,Y,N,Y,Y,N,N,N,14.299,[6N 22N 26Y 10N ],13.6667,0.0442
Y,N,Y,N,N,N,Y,Y,N,N,Y,N,N,Y,N,N,N,N,N,N,Y,N,N,Y,Y,N,Y,Y,Y,N,N,Y,Y,N,Y,N,N,N,Y,14.120,[6N 22N 26N 3Y ],14.3777,0.0182
Y,N,Y,N,N,Y,N,Y,N,N,Y,N,Y,Y,N,N,N,N,N,N,N,N,N,Y,Y,N,Y,Y,Y,N,N,Y,Y,N,Y,Y,N,N,N,14.342,[6Y ],15.0588,0.0500
Y,N,Y,Y,N,N,N,Y,Y,N,Y,N,N,Y,N,N,N,N,N,N,N,N,N,Y,Y,N,Y,Y,Y,N,N,Y,Y,N,Y,N,N,Y,N,13.997,[6N 22N 26N 3Y ],14.3777,0.0272
Y,N,Y,Y,N,N,N,Y,N,N,Y,N,Y,Y,N,Y,N,N,N,N,N,N,N,Y,Y,Y,N,Y,Y,N,N,Y,Y,N,Y,Y,N,N,N,14.234,[6N 22N 26Y 10N ],13.6667,0.0399
Y,N,N,N,N,N,N,Y,N,N,Y,N,N,Y,Y,N,N,N,N,N,N,Y,N,Y,Y,N,Y,Y,Y,N,N,Y,Y,N,Y,N,Y,N,N,15.525,[6N 22Y 29Y ],13.8765,0.1062
Y,N,Y,N,Y,N,N,Y,N,N,Y,N,N,Y,N,N,N,N,N,N,N,N,N,Y,Y,Y,N,Y,N,N,Y,Y,Y,N,Y,N,Y,N,N,14.965,[6N 22N 26Y 10N ],13.6667,0.0868
Y,N,N,N,N,N,N,Y,N,Y,Y,N,N,Y,N,N,N,N,N,Y,N,Y,N,Y,Y,Y,N,Y,Y,N,N,Y,Y,N,Y,Y,N,N,N,14.711,[6N 22Y 29Y ],13.8765,0.0567
Y,N,Y,N,N,N,Y,Y,N,Y,Y,N,N,Y,N,N,N,N,N,Y,N,N,N,Y,Y,Y,N,Y,Y,N,N,Y,Y,N,Y,Y,N,N,N,15.681,[6N 22N 26Y 10Y ],14.5610,0.0714
Y,N,Y,Y,N,N,N,Y,N,N,Y,N,N,Y,N,Y,N,N,N,N,Y,N,N,Y,Y,N,Y,Y,Y,N,N,Y,Y,N,Y,Y,N,N,N,14.391,[6N 22N 26N 3Y ],14.3777,0.0009
Y,Y,Y,N,N,Y,N,Y,Y,Y,Y,Y,Y,Y,Y,N,Y,Y,Y,Y,Y,Y,Y,Y,Y,N,Y,Y,N,Y,N,Y,N,Y,Y,N,N,N,Y,14.511,[6Y ],15.0588,0.0378
Y,Y,Y,N,N,N,Y,Y,N,N,Y,N,N,Y,N,N,N,N,N,N,N,N,Y,Y,Y,N,Y,Y,Y,N,N,Y,Y,N,Y,Y,N,N,N,13.655,[6N 22N 26N 3Y ],14.3777,0.0529
Y,Y,Y,N,N,N,Y,Y,Y,Y,Y,Y,Y,Y,Y,Y,Y,Y,Y,Y,N,Y,Y,Y,Y,Y,N,Y,N,N,Y,Y,Y,N,Y,N,Y,N,N,12.743,[6N 22Y 29N ],13.7242,0.0770
Y,N,N,N,N,N,N,Y,Y,N,Y,N,N,Y,Y,N,N,N,Y,N,N,N,N,Y,Y,Y,N,Y,Y,N,N,Y,Y,N,Y,Y,N,N,N,15.304,[6N 22N 26Y 10N ],13.6667,0.1070
Y,N,Y,N,N,Y,N,Y,N,N,Y,N,N,Y,N,N,Y,N,N,N,N,N,N,Y,Y,N,Y,Y,Y,N,N,Y,Y,N,Y,N,N,N,Y,15.525,[6Y ],15.0588,0.0300
Y,Y,Y,N,N,Y,N,Y,Y,Y,Y,Y,Y,Y,Y,Y,Y,Y,Y,Y,Y,Y,N,Y,Y,N,Y,Y,N,N,Y,Y,Y,N,Y,N,N,N,Y,14.404,[6Y ],15.0588,0.0455
Y,Y,Y,N,Y,N,N,Y,Y,Y,Y,Y,Y,Y,Y,Y,Y,Y,Y,Y,Y,Y,Y,Y,Y,Y,N,Y,N,N,Y,Y,Y,N,Y,Y,N,N,N,14.868,[6N 22Y 29N ],13.7242,0.0769
Y,Y,N,N,N,N,N,Y,N,N,Y,N,N,Y,N,N,Y,N,N,N,N,N,N,Y,Y,Y,N,Y,Y,N,N,Y,Y,N,Y,N,N,N,Y,14.165,[6N 22N 26Y 10N ],13.6667,0.0352
Y,N,N,N,N,N,N,Y,N,N,Y,N,Y,Y,N,N,Y,N,N,N,N,N,N,Y,Y,Y,N,Y,N,Y,N,Y,Y,N,Y,Y,N,N,N,14.376,[6N 22N 26Y 10N ],13.6667,0.0493
Y,Y,N,N,N,N,N,Y,N,N,Y,N,Y,Y,N,N,N,N,N,N,N,N,N,Y,Y,N,Y,Y,N,N,Y,Y,Y,N,Y,Y,N,N,N,14.828,[6N 22N 26N 3N ],14.9307,0.0069
Y,Y,N,N,N,N,N,Y,N,N,Y,N,N,Y,N,Y,N,N,N,N,N,N,N,Y,Y,N,Y,Y,Y,N,N,Y,N,Y,Y,Y,N,N,N,15.280,[6N 22N 26N 3N ],14.9307,0.0229
Y,N,N,N,N,N,N,Y,N,Y,Y,N,N,Y,N,N,N,N,N,N,N,N,N,Y,Y,Y,N,Y,Y,N,N,Y,Y,N,Y,N,Y,N,N,14.464,[6N 22N 26Y 10Y ],14.5610,0.0067
Y,Y,N,N,N,N,N,Y,N,N,Y,N,N,Y,N,N,N,N,N,N,N,N,N,Y,Y,Y,N,Y,Y,N,N,Y,N,Y,Y,N,N,Y,N,14.117,[6N 22N 26Y 10N ],13.6667,0.0319
Y,N,N,N,N,N,N,Y,N,N,Y,N,Y,Y,N,N,N,N,N,N,Y,N,N,Y,Y,N,Y,Y,Y,N,N,Y,Y,N,Y,N,N,N,Y,15.030,[6N 22N 26N 3N ],14.9307,0.0066
Y,N,N,N,N,N,N,Y,N,Y,Y,N,N,Y,N,N,Y,N,N,Y,N,N,N,Y,Y,N,Y,Y,Y,N,N,Y,Y,N,Y,Y,N,N,N,14.970,[6N 22N 26N 3N ],14.9307,0.0026
Y,N,N,N,N,N,N,Y,N,N,Y,N,N,Y,N,N,N,N,N,N,Y,N,N,Y,Y,N,Y,Y,Y,N,N,Y,N,Y,Y,N,Y,N,N,15.073,[6N 22N 26N 3N ],14.9307,0.0094
Y,N,N,N,N,N,N,Y,N,N,Y,N,N,Y,N,N,N,N,N,Y,N,N,Y,Y,Y,N,Y,Y,N,N,Y,Y,Y,N,Y,Y,N,N,N,14.208,[6N 22N 26N 3N ],14.9307,0.0509
Y,N,N,N,N,N,N,Y,N,N,Y,N,N,Y,N,N,N,Y,Y,N,Y,N,N,Y,Y,N,Y,Y,Y,N,N,Y,Y,N,Y,Y,N,N,N,14.032,[6N 22N 26N 3N ],14.9307,0.0640
Y,N,N,N,N,N,N,Y,N,N,Y,N,N,Y,N,Y,N,N,N,N,N,N,N,Y,Y,N,Y,Y,Y,N,N,Y,Y,N,Y,N,N,N,Y,13.128,[6N 22N 26N 3N ],14.9307,0.1373
Y,Y,Y,Y,N,N,N,Y,Y,Y,Y,Y,Y,Y,Y,Y,Y,Y,Y,Y,N,Y,Y,Y,Y,Y,N,Y,N,N,Y,Y,Y,N,Y,N,Y,N,N,13.599,[6N 22Y 29N ],13.7242,0.0092
Y,N,Y,Y,N,N,N,Y,N,N,Y,N,Y,Y,N,N,N,N,Y,N,N,N,N,Y,Y,N,Y,Y,Y,N,N,Y,Y,N,Y,Y,N,N,N,14.842,[6N 22N 26N 3Y ],14.3777,0.0313
Y,N,Y,N,N,N,Y,Y,N,N,Y,N,Y,Y,N,Y,N,N,N,N,N,N,N,Y,Y,N,Y,Y,Y,N,N,Y,Y,N,Y,Y,N,N,N,14.200,[6N 22N 26N 3Y ],14.3777,0.0125
Y,N,Y,Y,N,N,N,Y,N,N,Y,N,N,Y,N,N,N,N,N,N,N,Y,N,Y,Y,Y,N,Y,Y,N,N,Y,Y,N,Y,N,N,N,Y,13.493,[6N 22Y 29Y ],13.8765,0.0284
Y,N,N,N,N,N,N,Y,Y,N,Y,N,N,Y,N,N,N,Y,N,Y,N,N,N,Y,Y,Y,N,Y,Y,N,N,Y,Y,N,Y,Y,N,N,N,14.633,[6N 22N 26Y 10N ],13.6667,0.0660
Y,N,N,N,N,N,N,Y,N,N,Y,N,N,Y,N,N,N,N,N,N,N,N,N,Y,Y,Y,N,Y,Y,N,N,Y,N,Y,Y,N,N,Y,N,14.408,[6N 22N 26Y 10N ],13.6667,0.0515
Y,N,Y,N,N,Y,N,Y,N,N,Y,Y,N,Y,N,N,N,N,N,N,N,N,N,Y,Y,Y,N,Y,N,N,Y,Y,Y,N,Y,Y,N,N,N,15.789,[6Y ],15.0588,0.0462
Y,N,N,N,N,N,N,Y,N,Y,Y,N,N,Y,N,Y,Y,N,N,N,N,N,N,Y,Y,Y,N,Y,Y,N,N,Y,Y,N,Y,Y,N,N,N,14.693,[6N 22N 26Y 10Y ],14.5610,0.0090
Y,N,N,N,N,N,N,Y,N,N,Y,N,N,Y,N,Y,N,N,N,N,N,N,N,Y,Y,Y,N,Y,N,N,Y,Y,Y,N,Y,Y,N,N,N,14.094,[6N 22N 26Y 10N ],13.6667,0.0303
Y,N,Y,N,N,Y,N,Y,N,N,Y,N,N,Y,N,N,N,N,N,Y,N,N,N,Y,Y,Y,N,Y,Y,N,N,Y,N,Y,Y,Y,N,N,N,15.754,[6Y ],15.0588,0.0441
Y,N,N,N,N,N,N,Y,N,N,Y,N,Y,Y,N,Y,N,N,N,N,N,N,N,Y,Y,N,Y,Y,N,N,Y,Y,Y,N,Y,Y,N,N,N,15.574,[6N 22N 26N 3N ],14.9307,0.0413
Y,Y,N,N,N,N,N,Y,N,N,Y,N,N,Y,N,N,N,N,N,N,N,N,N,Y,Y,N,Y,Y,Y,N,N,Y,N,Y,Y,N,N,Y,N,15.538,[6N 22N 26N 3N ],14.9307,0.0391
Y,N,Y,N,Y,N,N,Y,N,Y,Y,N,N,Y,N,N,N,N,N,N,N,N,N,Y,Y,Y,N,Y,Y,N,N,Y,Y,N,Y,N,Y,N,N,14.477,[6N 22N 26Y 10Y ],14.5610,0.0058
Y,N,Y,N,Y,N,N,Y,Y,N,Y,N,N,Y,N,N,N,N,N,N,N,N,N,Y,Y,Y,N,Y,Y,N,N,Y,Y,N,Y,N,N,N,Y,16.006,[6N 22N 26Y 10N ],13.6667,0.1462
Y,N,N,N,N,N,N,Y,N,N,Y,Y,Y,Y,N,N,N,N,N,N,N,N,N,Y,Y,N,Y,Y,Y,N,N,Y,Y,N,Y,N,N,N,Y,15.330,[6N 22N 26N 3N ],14.9307,0.0260
Y,N,N,N,N,N,N,Y,N,N,Y,N,N,Y,Y,N,N,N,N,N,N,Y,N,Y,Y,Y,N,Y,N,N,Y,Y,Y,N,Y,Y,N,N,N,14.532,[6N 22Y 29N ],13.7242,0.0556
Y,Y,Y,N,N,N,Y,Y,Y,Y,Y,Y,Y,Y,Y,Y,Y,N,Y,Y,Y,Y,Y,Y,Y,N,Y,Y,N,N,Y,Y,Y,N,Y,N,N,N,Y,13.894,[6N 22Y 29N ],13.7242,0.0122
Y,N,Y,N,N,N,Y,Y,N,N,Y,N,N,Y,N,N,N,N,N,N,N,N,N,Y,Y,N,Y,Y,N,Y,N,Y,Y,N,Y,Y,N,N,N,14.643,[6N 22N 26N 3Y ],14.3777,0.0181
Y,Y,Y,N,N,N,Y,Y,Y,Y,Y,Y,Y,Y,Y,Y,Y,Y,Y,Y,Y,N,Y,Y,Y,Y,N,Y,N,N,Y,Y,Y,N,Y,N,Y,N,N,13.114,[6N 22N 26Y 10Y ],14.5610,0.1103
Y,N,N,N,N,N,N,Y,N,N,Y,N,Y,Y,N,N,N,N,N,Y,N,N,N,Y,Y,Y,N,Y,N,N,Y,Y,Y,N,Y,Y,N,N,N,13.805,[6N 22N 26Y 10N ],13.6667,0.0100
Y,N,N,N,N,N,N,Y,N,N,Y,N,Y,Y,N,N,N,N,Y,N,N,N,N,Y,Y,Y,N,Y,N,N,Y,Y,Y,N,Y,Y,N,N,N,14.123,[6N 22N 26Y 10N ],13.6667,0.0323
Y,N,Y,N,N,Y,N,Y,N,N,Y,N,N,Y,N,Y,N,N,N,N,N,N,Y,Y,Y,N,Y,Y,Y,N,N,Y,Y,N,Y,Y,N,N,N,13.588,[6Y ],15.0588,0.1082
Y,N,Y,N,Y,N,N,Y,N,N,Y,N,N,Y,N,N,N,N,N,N,N,N,N,Y,Y,N,Y,Y,N,Y,N,Y,Y,N,Y,N,N,N,Y,14.483,[6N 22N 26N 3Y ],14.3777,0.0073
Y,N,N,N,N,N,N,Y,Y,N,Y,N,N,Y,N,N,N,N,N,N,Y,N,N,Y,Y,N,Y,Y,Y,N,N,Y,Y,N,Y,N,N,Y,N,14.021,[6N 22N 26N 3N ],14.9307,0.0649
Y,N,N,N,N,N,N,Y,Y,N,Y,N,N,Y,N,N,Y,N,Y,N,N,N,N,Y,Y,Y,N,Y,Y,N,N,Y,Y,N,Y,Y,N,N,N,14.868,[6N 22N 26Y 10N ],13.6667,0.0808
Y,N,N,N,N,N,N,Y,N,N,Y,N,N,Y,N,Y,N,N,N,N,N,N,Y,Y,Y,Y,N,Y,Y,N,N,Y,Y,N,Y,N,N,N,Y,13.802,[6N 22N 26Y 10N ],13.6667,0.0098
Y,N,N,N,N,N,N,Y,N,Y,Y,N,N,Y,N,N,Y,N,N,N,N,Y,N,Y,Y,Y,N,Y,Y,N,N,Y,Y,N,Y,Y,N,N,N,14.829,[6N 22Y 29Y ],13.8765,0.0642
N,N,N,N,N,N,N,N,N,N,N,N,N,N,N,N,N,N,N,N,N,N,N,N,N,Y,N,N,Y,N,N,N,Y,N,Y,N,Y,N,N,13.499,[6N 22N 26Y 10N ],13.6667,0.0124
Y,N,Y,N,N,Y,N,Y,N,N,Y,N,N,Y,N,N,N,N,N,N,N,N,N,Y,Y,N,Y,Y,Y,N,N,Y,Y,N,Y,N,N,N,Y,14.990,[6Y ],15.0588,0.0046
Y,N,Y,Y,N,N,N,Y,N,N,Y,N,N,Y,N,N,N,N,N,N,N,Y,N,Y,Y,N,Y,Y,N,N,Y,Y,Y,N,Y,Y,N,N,N,14.040,[6N 22Y 29N ],13.7242,0.0225
Y,Y,Y,N,Y,N,N,Y,Y,Y,Y,Y,Y,Y,Y,Y,Y,Y,N,Y,Y,Y,Y,Y,Y,Y,N,Y,Y,N,N,Y,N,Y,Y,N,N,N,Y,13.424,[6N 22Y 29Y ],13.8765,0.0337
Y,Y,Y,N,N,N,Y,Y,N,N,Y,N,N,Y,N,Y,N,N,N,N,N,N,N,Y,Y,Y,N,Y,Y,N,N,Y,Y,N,Y,Y,N,N,N,16.296,[6N 22N 26Y 10N ],13.6667,0.1613
Y,N,Y,Y,N,N,N,Y,N,N,Y,N,Y,Y,N,N,N,N,N,N,N,N,N,Y,Y,N,Y,Y,Y,N,N,Y,Y,N,Y,N,N,N,Y,13.507,[6N 22N 26N 3Y ],14.3777,0.0645
Y,Y,Y,Y,N,N,N,Y,Y,Y,Y,Y,Y,Y,Y,Y,Y,Y,Y,Y,N,Y,Y,Y,Y,N,Y,Y,N,Y,N,Y,N,Y,Y,N,N,N,Y,14.675,[6N 22Y 29N ],13.7242,0.0648
Y,Y,N,N,N,N,N,Y,N,N,Y,N,N,Y,Y,N,Y,N,N,N,N,N,N,Y,Y,N,Y,Y,Y,N,N,Y,Y,N,Y,Y,N,N,N,15.109,[6N 22N 26N 3N ],14.9307,0.0118
Y,Y,N,N,N,N,N,Y,N,N,Y,N,N,Y,N,N,N,N,N,N,Y,N,Y,Y,Y,Y,N,Y,Y,N,N,Y,Y,N,Y,Y,N,N,N,14.286,[6N 22N 26Y 10N ],13.6667,0.0434
Y,N,Y,N,N,N,Y,Y,N,N,Y,N,N,Y,N,N,N,N,N,N,Y,N,N,Y,Y,Y,N,Y,Y,N,N,Y,Y,N,Y,N,N,Y,N,16.262,[6N 22N 26Y 10N ],13.6667,0.1596
Y,N,Y,N,Y,N,N,Y,N,N,Y,N,N,Y,N,Y,N,N,N,N,N,N,N,Y,Y,N,Y,Y,Y,N,N,Y,Y,N,Y,N,N,N,Y,14.644,[6N 22N 26N 3Y ],14.3777,0.0182
Y,N,Y,N,Y,N,N,Y,N,Y,Y,N,N,Y,N,N,N,N,Y,N,N,N,N,Y,Y,Y,N,Y,Y,N,N,Y,Y,N,Y,Y,N,N,N,15.970,[6N 22N 26Y 10Y ],14.5610,0.0882
Y,N,N,N,N,N,N,Y,N,N,Y,N,N,Y,Y,N,N,N,N,N,N,N,N,Y,Y,Y,N,Y,Y,N,N,Y,N,Y,Y,N,N,Y,N,14.177,[6N 22N 26Y 10N ],13.6667,0.0360
Y,N,N,N,N,N,N,Y,N,N,Y,N,N,Y,N,N,N,N,N,Y,N,Y,N,Y,Y,N,Y,Y,Y,N,N,Y,Y,N,Y,N,Y,N,N,14.906,[6N 22Y 29Y ],13.8765,0.0691
Y,N,N,N,N,N,N,Y,N,N,Y,Y,Y,Y,N,N,N,N,N,N,N,N,N,Y,Y,N,Y,Y,N,N,Y,Y,Y,N,Y,Y,N,N,N,15.707,[6N 22N 26N 3N ],14.9307,0.0494
Y,N,Y,Y,N,N,N,Y,N,N,Y,Y,N,Y,N,N,N,N,N,Y,N,N,N,Y,Y,Y,N,Y,Y,N,N,Y,Y,N,Y,Y,N,N,N,14.323,[6N 22N 26Y 10N ],13.6667,0.0458
Y,Y,N,N,N,N,N,Y,N,N,Y,N,N,Y,Y,N,Y,N,N,N,N,N,N,Y,Y,Y,N,Y,Y,N,N,Y,Y,N,Y,Y,N,N,N,14.014,[6N 22N 26Y 10N ],13.6667,0.0248
Y,Y,N,N,N,N,N,Y,N,N,Y,N,N,Y,N,N,Y,Y,N,N,N,N,N,Y,Y,Y,N,Y,Y,N,N,Y,Y,N,Y,Y,N,N,N,14.833,[6N 22N 26Y 10N ],13.6667,0.0786
Y,Y,N,N,N,N,N,Y,N,N,Y,N,N,Y,N,N,Y,N,N,N,N,N,N,Y,Y,N,Y,Y,Y,N,N,Y,Y,N,Y,N,N,N,Y,14.860,[6N 22N 26N 3N ],14.9307,0.0048
Y,N,N,N,N,N,N,Y,N,N,Y,N,Y,Y,N,N,N,N,Y,N,N,Y,N,Y,Y,Y,N,Y,Y,N,N,Y,Y,N,Y,Y,N,N,N,13.680,[6N 22Y 29Y ],13.8765,0.0144
Y,N,N,N,N,N,N,Y,N,N,Y,N,Y,Y,N,Y,N,N,N,N,N,N,N,Y,Y,Y,N,Y,Y,N,N,Y,Y,N,Y,N,Y,N,N,13.874,[6N 22N 26Y 10N ],13.6667,0.0149
Y,N,Y,N,N,Y,N,Y,N,N,Y,N,N,Y,Y,N,N,N,N,N,N,N,N,Y,Y,Y,N,Y,Y,N,N,Y,Y,N,Y,N,N,Y,N,16.114,[6Y ],15.0588,0.0655
Y,N,N,N,N,N,N,Y,Y,N,Y,Y,N,Y,N,N,N,N,Y,N,N,N,N,Y,Y,Y,N,Y,Y,N,N,Y,Y,N,Y,Y,N,N,N,14.505,[6N 22N 26Y 10N ],13.6667,0.0578
Y,N,N,N,N,N,N,Y,Y,N,Y,N,N,Y,N,N,N,N,Y,N,N,N,N,Y,Y,N,Y,Y,N,N,Y,Y,Y,N,Y,Y,N,N,N,16.022,[6N 22N 26N 3N ],14.9307,0.0681
Y,Y,N,N,N,N,N,Y,N,N,Y,N,N,Y,N,Y,N,N,N,N,Y,N,N,Y,Y,Y,N,Y,Y,N,N,Y,Y,N,Y,Y,N,N,N,15.022,[6N 22N 26Y 10N ],13.6667,0.0902
Y,N,N,N,N,N,N,Y,Y,N,Y,N,N,Y,N,N,N,N,Y,Y,N,N,N,Y,Y,N,Y,Y,Y,N,N,Y,Y,N,Y,Y,N,N,N,15.594,[6N 22N 26N 3N ],14.9307,0.0425
Y,N,N,N,N,N,N,Y,N,Y,Y,N,N,Y,Y,N,N,N,N,N,N,N,N,Y,Y,N,Y,Y,Y,N,N,Y,Y,N,Y,N,Y,N,N,15.482,[6N 22N 26N 3N ],14.9307,0.0356
Y,N,N,N,N,N,N,Y,N,N,Y,N,Y,Y,N,N,Y,N,N,Y,N,N,N,Y,Y,Y,N,Y,Y,N,N,Y,Y,N,Y,Y,N,N,N,13.513,[6N 22N 26Y 10N ],13.6667,0.0114
Y,N,N,N,N,N,N,Y,Y,Y,Y,N,N,Y,N,Y,N,N,N,N,N,N,N,Y,Y,Y,N,Y,Y,N,N,Y,Y,N,Y,Y,N,N,N,14.593,[6N 22N 26Y 10Y ],14.5610,0.0022
Y,N,Y,N,N,N,Y,Y,N,Y,Y,N,N,Y,N,N,N,N,N,N,N,Y,N,Y,Y,Y,N,Y,Y,N,N,Y,Y,N,Y,Y,N,N,N,16.150,[6N 22Y 29Y ],13.8765,0.1408
Y,N,Y,Y,N,N,N,Y,N,N,Y,N,N,Y,N,N,N,N,N,N,N,Y,Y,Y,Y,N,Y,Y,Y,N,N,Y,Y,N,Y,Y,N,N,N,14.022,[6N 22Y 29Y ],13.8765,0.0104
Y,N,N,N,N,N,N,Y,N,N,Y,N,Y,Y,Y,N,N,N,Y,N,N,N,N,Y,Y,Y,N,Y,Y,N,N,Y,Y,N,Y,Y,N,N,N,15.181,[6N 22N 26Y 10N ],13.6667,0.0998
Y,N,N,N,N,N,N,Y,N,Y,Y,Y,N,Y,N,N,N,N,N,N,N,N,N,Y,Y,N,Y,Y,Y,N,N,Y,Y,N,Y,N,N,N,Y,14.691,[6N 22N 26N 3N ],14.9307,0.0163
Y,N,N,N,N,N,N,Y,N,N,Y,N,N,Y,N,N,N,Y,N,N,N,N,N,Y,Y,N,Y,Y,N,Y,N,Y,N,Y,Y,Y,N,N,N,14.419,[6N 22N 26N 3N ],14.9307,0.0355
Y,N,Y,N,N,Y,N,Y,N,N,Y,N,N,Y,Y,N,N,N,N,N,N,N,N,Y,Y,N,Y,Y,Y,N,N,Y,Y,N,Y,N,N,N,Y,14.744,[6Y ],15.0588,0.0214
Y,N,N,N,N,N,N,Y,N,N,Y,Y,N,Y,N,N,N,N,N,N,N,N,N,Y,Y,Y,N,Y,Y,N,N,Y,N,Y,Y,N,N,N,Y,14.351,[6N 22N 26Y 10N ],13.6667,0.0477
N,N,N,N,N,N,N,N,N,N,N,N,N,N,N,N,N,N,N,N,N,N,N,N,N,N,Y,N,Y,N,N,N,Y,N,Y,Y,N,N,N,13.702,[6N 22N 26N 3N ],14.9307,0.0897
Y,N,Y,Y,N,N,N,Y,N,N,Y,N,Y,Y,N,N,N,N,N,N,N,N,N,Y,Y,Y,N,Y,Y,N,N,Y,N,Y,Y,Y,N,N,N,13.975,[6N 22N 26Y 10N ],13.6667,0.0221
Y,N,N,N,N,N,N,Y,N,N,Y,N,N,Y,N,Y,N,Y,N,N,N,N,N,Y,Y,N,Y,Y,Y,N,N,Y,Y,N,Y,Y,N,N,N,13.180,[6N 22N 26N 3N ],14.9307,0.1328
Y,Y,Y,N,Y,N,N,Y,N,Y,Y,Y,Y,Y,Y,Y,Y,Y,Y,Y,Y,Y,Y,Y,Y,N,Y,Y,N,Y,N,Y,N,Y,Y,N,N,N,Y,13.592,[6N 22Y 29N ],13.7242,0.0097
Y,N,Y,Y,N,N,N,Y,N,N,Y,N,N,Y,N,N,N,N,N,N,Y,N,N,Y,Y,N,Y,Y,Y,N,N,Y,N,Y,Y,Y,N,N,N,13.787,[6N 22N 26N 3Y ],14.3777,0.0428
Y,N,N,N,N,N,N,Y,Y,Y,Y,N,N,Y,N,N,Y,N,N,N,N,N,N,Y,Y,Y,N,Y,Y,N,N,Y,Y,N,Y,Y,N,N,N,14.173,[6N 22N 26Y 10Y ],14.5610,0.0274
Y,N,Y,N,N,N,Y,Y,N,N,Y,N,N,Y,N,N,Y,N,N,N,N,N,N,Y,Y,Y,N,Y,Y,N,N,Y,Y,N,Y,N,Y,N,N,15.283,[6N 22N 26Y 10N ],13.6667,0.1058
Y,Y,N,N,N,N,N,Y,N,N,Y,N,N,Y,N,N,N,Y,N,N,N,N,N,Y,Y,N,Y,Y,Y,N,N,Y,Y,N,Y,N,N,Y,N,15.289,[6N 22N 26N 3N ],14.9307,0.0234
Y,N,Y,N,N,N,Y,Y,N,N,Y,N,N,Y,Y,N,N,N,N,N,N,N,N,Y,Y,N,Y,Y,N,N,Y,Y,Y,N,Y,Y,N,N,N,13.618,[6N 22N 26N 3Y ],14.3777,0.0558
Y,N,N,N,N,N,N,Y,Y,N,Y,N,N,Y,N,N,N,N,N,N,Y,N,Y,Y,Y,N,Y,Y,Y,N,N,Y,Y,N,Y,Y,N,N,N,14.533,[6N 22N 26N 3N ],14.9307,0.0274
Y,N,N,N,N,N,N,Y,N,N,Y,Y,N,Y,N,N,N,N,Y,N,N,Y,N,Y,Y,N,Y,Y,Y,N,N,Y,Y,N,Y,Y,N,N,N,14.142,[6N 22Y 29Y ],13.8765,0.0188
Y,N,N,N,N,N,N,Y,N,N,Y,N,N,Y,N,N,N,N,N,N,Y,N,Y,Y,Y,N,Y,Y,N,N,Y,Y,Y,N,Y,Y,N,N,N,14.469,[6N 22N 26N 3N ],14.9307,0.0319
Y,N,Y,Y,N,N,N,Y,N,N,Y,N,N,Y,N,N,N,N,N,N,Y,Y,N,Y,Y,N,Y,Y,Y,N,N,Y,Y,N,Y,Y,N,N,N,14.712,[6N 22Y 29Y ],13.8765,0.0568
Y,Y,Y,N,N,N,Y,Y,N,N,Y,N,N,Y,N,N,N,N,N,N,N,N,N,Y,Y,N,Y,Y,N,N,Y,Y,Y,N,Y,N,N,Y,N,14.667,[6N 22N 26N 3Y ],14.3777,0.0197
Y,N,Y,N,N,Y,N,Y,N,N,Y,N,N,Y,Y,N,N,N,N,N,N,Y,N,Y,Y,Y,N,Y,Y,N,N,Y,Y,N,Y,Y,N,N,N,16.193,[6Y ],15.0588,0.0700
Y,N,Y,Y,N,N,N,Y,N,Y,Y,N,N,Y,N,N,N,N,N,N,N,N,Y,Y,Y,N,Y,Y,Y,N,N,Y,Y,N,Y,Y,N,N,N,14.589,[6N 22N 26N 3Y ],14.3777,0.0145
Y,N,Y,Y,N,N,N,Y,N,N,Y,Y,N,Y,N,Y,N,N,N,N,N,N,N,Y,Y,Y,N,Y,Y,N,N,Y,Y,N,Y,Y,N,N,N,14.041,[6N 22N 26Y 10N ],13.6667,0.0267
Y,N,N,N,N,N,N,Y,N,Y,Y,N,N,Y,N,N,N,N,N,N,N,N,N,Y,Y,N,Y,Y,N,Y,N,Y,Y,N,Y,N,N,Y,N,14.038,[6N 22N 26N 3N ],14.9307,0.0636
Y,N,Y,Y,N,N,N,Y,N,N,Y,N,N,Y,N,N,N,N,N,Y,N,N,N,Y,Y,N,Y,Y,N,N,Y,Y,Y,N,Y,Y,N,N,N,13.814,[6N 22N 26N 3Y ],14.3777,0.0408
Y,N,N,N,N,N,N,Y,Y,Y,Y,N,N,Y,N,N,N,N,N,N,N,N,N,Y,Y,N,Y,Y,Y,N,N,Y,Y,N,Y,N,N,Y,N,15.177,[6N 22N 26N 3N ],14.9307,0.0162
Y,N,Y,N,N,N,Y,Y,Y,N,Y,N,N,Y,N,N,N,N,N,N,N,N,N,Y,Y,Y,N,Y,N,N,Y,Y,Y,N,Y,Y,N,N,N,15.421,[6N 22N 26Y 10N ],13.6667,0.1138
Y,Y,Y,N,N,N,Y,Y,Y,Y,Y,Y,Y,Y,Y,N,Y,Y,Y,Y,Y,Y,Y,Y,Y,Y,N,Y,N,N,Y,Y,Y,N,Y,N,Y,N,N,13.436,[6N 22Y 29N ],13.7242,0.0215
N,N,N,N,N,N,N,N,N,Y,N,N,N,N,N,N,N,N,N,N,N,N,N,N,N,Y,N,N,Y,N,N,N,Y,N,Y,Y,N,N,N,13.371,[6N 22N 26Y 10Y ],14.5610,0.0890
Y,N,N,N,N,N,N,Y,Y,N,Y,N,N,Y,N,N,N,N,N,Y,N,N,N,Y,Y,Y,N,Y,Y,N,N,Y,Y,N,Y,N,Y,N,N,13.193,[6N 22N 26Y 10N ],13.6667,0.0359
Y,N,N,N,N,N,N,Y,N,N,Y,N,N,Y,N,N,N,N,Y,N,N,N,Y,Y,Y,Y,N,Y,Y,N,N,Y,Y,N,Y,N,N,Y,N,13.599,[6N 22N 26Y 10N ],13.6667,0.0050
Y,N,Y,N,N,Y,N,Y,N,N,Y,N,N,Y,Y,N,N,N,N,N,N,N,N,Y,Y,N,Y,Y,Y,N,N,Y,Y,N,Y,N,N,Y,N,15.005,[6Y ],15.0588,0.0036
Y,N,N,N,N,N,N,Y,N,N,Y,N,N,Y,N,N,N,Y,N,N,Y,N,N,Y,Y,N,Y,Y,Y,N,N,Y,Y,N,Y,N,N,N,Y,14.703,[6N 22N 26N 3N ],14.9307,0.0155
Y,Y,Y,N,N,Y,N,Y,Y,Y,Y,Y,N,Y,Y,Y,Y,Y,Y,Y,Y,Y,Y,Y,Y,N,Y,Y,Y,N,N,Y,N,Y,Y,N,Y,N,N,14.395,[6Y ],15.0588,0.0461
Y,N,Y,N,N,Y,N,Y,N,N,Y,N,Y,Y,N,N,N,N,N,N,N,N,N,Y,Y,Y,N,Y,N,Y,N,Y,Y,N,Y,Y,N,N,N,15.799,[6Y ],15.0588,0.0468
Y,N,Y,N,N,N,Y,Y,N,N,Y,N,N,Y,N,N,N,N,N,N,N,N,N,Y,Y,Y,N,Y,N,N,Y,Y,Y,N,Y,N,N,Y,N,14.799,[6N 22N 26Y 10N ],13.6667,0.0765
Y,N,Y,N,N,N,Y,Y,N,N,Y,N,N,Y,N,Y,N,N,N,N,N,N,N,Y,Y,N,Y,Y,Y,N,N,Y,Y,N,Y,Y,N,N,N,14.108,[6N 22N 26N 3Y ],14.3777,0.0191
Y,Y,N,N,N,N,N,Y,N,N,Y,N,Y,Y,N,N,Y,N,N,N,N,N,N,Y,Y,N,Y,Y,Y,N,N,Y,Y,N,Y,Y,N,N,N,15.293,[6N 22N 26N 3N ],14.9307,0.0237
Y,N,Y,N,Y,N,N,Y,N,N,Y,N,N,Y,N,N,N,N,Y,N,N,N,N,Y,Y,N,Y,Y,Y,N,N,Y,Y,N,Y,N,N,N,Y,14.188,[6N 22N 26N 3Y ],14.3777,0.0134
Y,N,Y,Y,N,N,N,Y,N,N,Y,N,N,Y,N,N,N,Y,N,N,N,Y,N,Y,Y,Y,N,Y,Y,N,N,Y,Y,N,Y,Y,N,N,N,14.648,[6N 22Y 29Y ],13.8765,0.0527
Y,N,N,N,N,N,N,Y,N,Y,Y,N,N,Y,N,N,N,N,N,N,N,N,N,Y,Y,N,Y,Y,N,N,Y,Y,N,Y,Y,Y,N,N,N,15.119,[6N 22N 26N 3N ],14.9307,0.0125
Y,N,N,N,N,N,N,Y,N,N,Y,N,Y,Y,N,N,N,N,N,N,N,N,N,Y,Y,N,Y,Y,N,Y,N,Y,N,Y,Y,Y,N,N,N,14.439,[6N 22N 26N 3N ],14.9307,0.0341
Y,N,N,N,N,N,N,Y,N,N,Y,Y,N,Y,N,N,Y,N,Y,N,N,N,N,Y,Y,N,Y,Y,Y,N,N,Y,Y,N,Y,Y,N,N,N,14.620,[6N 22N 26N 3N ],14.9307,0.0212
Y,N,N,N,N,N,N,Y,N,N,Y,N,N,Y,N,N,N,N,Y,N,N,N,N,Y,Y,Y,N,Y,Y,N,N,Y,N,Y,Y,N,N,Y,N,13.635,[6N 22N 26Y 10N ],13.6667,0.0023
Y,N,Y,N,Y,N,N,Y,N,Y,Y,N,N,Y,N,N,N,N,N,N,N,N,N,Y,Y,N,Y,Y,Y,N,N,Y,N,Y,Y,Y,N,N,N,14.166,[6N 22N 26N 3Y ],14.3777,0.0149
Y,N,Y,Y,N,N,N,Y,Y,Y,Y,Y,Y,Y,Y,Y,Y,Y,Y,Y,Y,Y,Y,Y,Y,N,Y,Y,N,Y,N,Y,N,Y,Y,N,N,N,Y,15.020,[6N 22Y 29N ],13.7242,0.0863
Y,N,N,N,N,N,N,Y,N,N,Y,N,N,Y,N,N,N,N,N,N,Y,Y,N,Y,Y,N,Y,Y,Y,N,N,Y,N,Y,Y,Y,N,N,N,15.224,[6N 22Y 29Y ],13.8765,0.0885
Y,Y,Y,N,N,N,Y,Y,Y,Y,Y,Y,Y,Y,Y,Y,Y,Y,Y,Y,Y,Y,N,Y,Y,Y,N,Y,N,N,Y,Y,Y,N,Y,Y,N,N,N,14.513,[6N 22Y 29N ],13.7242,0.0543
Y,N,Y,Y,N,N,N,Y,N,N,Y,N,N,Y,Y,N,N,N,Y,N,N,N,N,Y,Y,N,Y,Y,Y,N,N,Y,Y,N,Y,Y,N,N,N,15.088,[6N 22N 26N 3Y ],14.3777,0.0471
Y,N,N,N,N,N,N,Y,N,N,Y,N,N,Y,N,N,N,Y,Y,Y,N,N,N,Y,Y,N,Y,Y,Y,N,N,Y,Y,N,Y,Y,N,N,N,14.041,[6N 22N 26N 3N ],14.9307,0.0634
Y,N,N,N,N,N,N,Y,N,Y,Y,N,Y,Y,N,N,N,N,N,N,Y,N,N,Y,Y,N,Y,Y,Y,N,N,Y,Y,N,Y,Y,N,N,N,15.949,[6N 22N 26N 3N ],14.9307,0.0638
Y,N,Y,N,Y,N,N,Y,N,N,Y,N,N,Y,N,N,N,N,Y,N,N,Y,N,Y,Y,Y,N,Y,Y,N,N,Y,Y,N,Y,Y,N,N,N,16.259,[6N 22Y 29Y ],13.8765,0.1465
Y,N,Y,Y,N,N,N,Y,N,N,Y,N,N,Y,N,Y,N,N,N,N,N,N,Y,Y,Y,Y,N,Y,Y,N,N,Y,Y,N,Y,Y,N,N,N,13.705,[6N 22N 26Y 10N ],13.6667,0.0028
Y,Y,Y,N,Y,N,N,Y,Y,Y,Y,Y,Y,Y,Y,N,Y,Y,Y,Y,Y,Y,Y,Y,Y,Y,N,Y,N,N,Y,Y,Y,N,Y,N,Y,N,N,14.509,[6N 22Y 29N ],13.7242,0.0541
Y,Y,Y,Y,N,N,N,Y,N,N,Y,N,N,Y,N,N,N,N,N,N,Y,N,N,Y,Y,Y,N,Y,Y,N,N,Y,Y,N,Y,Y,N,N,N,13.687,[6N 22N 26Y 10N ],13.6667,0.0015
Y,N,N,N,N,N,N,Y,N,N,Y,N,N,Y,N,Y,N,Y,N,N,N,N,N,Y,Y,N,Y,Y,N,Y,N,Y,Y,N,Y,Y,N,N,N,15.053,[6N 22N 26N 3N ],14.9307,0.0081
Y,N,Y,Y,N,N,N,Y,N,N,Y,Y,N,Y,N,N,N,N,N,N,N,N,N,Y,Y,Y,N,Y,N,Y,N,Y,Y,N,Y,Y,N,N,N,13.881,[6N 22N 26Y 10N ],13.6667,0.0154
Y,N,N,N,N,N,N,Y,N,N,Y,N,N,Y,N,N,N,N,Y,N,N,N,N,Y,Y,N,Y,Y,N,Y,N,Y,Y,N,Y,Y,N,N,N,13.343,[6N 22N 26N 3N ],14.9307,0.1190
Y,N,Y,N,N,N,Y,Y,N,N,Y,N,N,Y,N,N,N,Y,Y,N,N,N,N,Y,Y,N,Y,Y,Y,N,N,Y,Y,N,Y,Y,N,N,N,14.473,[6N 22N 26N 3Y ],14.3777,0.0066
Y,N,N,N,N,N,N,Y,N,Y,Y,N,N,Y,N,N,N,N,N,N,N,Y,N,Y,Y,N,Y,Y,Y,N,N,Y,Y,N,Y,N,N,Y,N,14.066,[6N 22Y 29Y ],13.8765,0.0135
Y,N,N,N,N,N,N,Y,N,Y,Y,N,N,Y,N,N,Y,N,N,N,N,N,N,Y,Y,Y,N,Y,N,N,Y,Y,Y,N,Y,Y,N,N,N,13.879,[6N 22N 26Y 10Y ],14.5610,0.0491
Y,N,N,N,N,N,N,Y,N,N,Y,N,Y,Y,N,N,N,N,N,N,N,N,N,Y,Y,N,Y,Y,N,Y,N,Y,Y,N,Y,Y,N,N,N,13.684,[6N 22N 26N 3N ],14.9307,0.0911
Y,N,N,N,N,N,N,Y,N,N,Y,N,Y,Y,N,N,N,N,N,N,Y,N,N,Y,Y,Y,N,Y,Y,N,N,Y,Y,N,Y,N,N,N,Y,13.482,[6N 22N 26Y 10N ],13.6667,0.0137
Y,Y,N,N,N,N,N,Y,N,N,Y,N,N,Y,N,N,N,N,N,N,N,N,N,Y,Y,Y,N,Y,Y,N,N,Y,Y,N,Y,N,Y,N,N,14.378,[6N 22N 26Y 10N ],13.6667,0.0495
Y,N,Y,Y,N,N,N,Y,N,N,Y,N,Y,Y,Y,N,N,N,N,N,N,N,N,Y,Y,N,Y,Y,Y,N,N,Y,Y,N,Y,Y,N,N,N,14.099,[6N 22N 26N 3Y ],14.3777,0.0198
Y,N,N,N,N,N,N,Y,N,Y,Y,N,N,Y,Y,N,N,N,N,N,N,N,Y,Y,Y,Y,N,Y,Y,N,N,Y,Y,N,Y,Y,N,N,N,15.365,[6N 22N 26Y 10Y ],14.5610,0.0523
Y,N,Y,N,N,Y,N,Y,Y,N,Y,N,N,Y,N,N,N,N,N,N,N,Y,N,Y,Y,Y,N,Y,Y,N,N,Y,Y,N,Y,Y,N,N,N,15.736,[6Y ],15.0588,0.0430
Y,Y,N,N,N,N,N,Y,N,N,Y,N,N,Y,N,N,N,N,N,N,N,N,N,Y,Y,N,Y,Y,N,N,Y,Y,Y,N,Y,N,Y,N,N,15.402,[6N 22N 26N 3N ],14.9307,0.0306
Y,Y,N,N,N,N,N,Y,N,N,Y,N,Y,Y,N,N,N,N,N,N,N,N,N,Y,Y,Y,N,Y,Y,N,N,Y,Y,N,Y,N,Y,N,N,13.525,[6N 22N 26Y 10N ],13.6667,0.0105
Y,N,Y,N,N,N,Y,Y,N,N,Y,N,N,Y,N,N,Y,N,N,N,N,N,N,Y,Y,N,Y,Y,Y,N,N,Y,Y,N,Y,Y,N,N,N,14.039,[6N 22N 26N 3Y ],14.3777,0.0241
Y,Y,N,N,N,N,N,Y,N,N,Y,N,N,Y,N,N,N,N,N,N,N,N,N,Y,Y,N,Y,Y,N,Y,N,Y,Y,N,Y,Y,N,N,N,13.710,[6N 22N 26N 3N ],14.9307,0.0890
Y,N,N,N,N,N,N,Y,Y,N,Y,N,N,Y,N,N,N,N,Y,N,N,N,N,Y,Y,N,Y,Y,Y,N,N,Y,Y,N,Y,N,N,Y,N,14.999,[6N 22N 26N 3N ],14.9307,0.0046
Y,Y,Y,N,Y,N,N,Y,N,N,Y,N,N,Y,N,N,N,N,N,N,N,Y,N,Y,Y,N,Y,Y,Y,N,N,Y,Y,N,Y,Y,N,N,N,13.627,[6N 22Y 29Y ],13.8765,0.0183
Y,N,Y,N,Y,N,N,Y,N,N,Y,N,N,Y,N,N,N,N,N,N,N,N,Y,Y,Y,N,Y,Y,N,Y,N,Y,Y,N,Y,Y,N,N,N,14.387,[6N 22N 26N 3Y ],14.3777,0.0006
Y,N,Y,N,Y,N,N,Y,N,N,Y,N,N,Y,N,N,N,N,N,N,N,N,Y,Y,Y,N,Y,Y,Y,N,N,Y,Y,N,Y,N,N,Y,N,14.026,[6N 22N 26N 3Y ],14.3777,0.0251
Y,N,N,N,N,N,N,Y,N,N,Y,N,N,Y,N,N,N,Y,N,N,N,N,N,Y,Y,N,Y,Y,N,N,Y,Y,Y,N,Y,N,N,Y,N,15.339,[6N 22N 26N 3N ],14.9307,0.0266
Y,N,N,N,N,N,N,Y,N,N,Y,N,N,Y,Y,Y,N,N,N,N,N,N,N,Y,Y,N,Y,Y,N,N,Y,Y,Y,N,Y,Y,N,N,N,15.543,[6N 22N 26N 3N ],14.9307,0.0394
Y,N,N,N,N,N,N,Y,N,N,Y,N,N,Y,N,N,N,Y,N,N,N,N,N,Y,Y,Y,N,Y,Y,N,N,Y,Y,N,Y,N,N,Y,N,14.185,[6N 22N 26Y 10N ],13.6667,0.0365
Y,Y,Y,N,N,Y,N,Y,N,N,Y,N,N,Y,N,Y,N,N,N,N,N,N,N,Y,Y,N,Y,Y,Y,N,N,Y,Y,N,Y,Y,N,N,N,14.657,[6Y ],15.0588,0.0274
Y,N,N,N,N,N,N,Y,N,N,Y,N,N,Y,Y,Y,N,Y,N,N,N,N,N,Y,Y,Y,N,Y,Y,N,N,Y,Y,N,Y,Y,N,N,N,13.511,[6N 22N 26Y 10N ],13.6667,0.0115
Y,N,Y,N,N,N,Y,Y,N,N,Y,Y,N,Y,N,N,Y,N,N,N,N,N,N,Y,Y,Y,N,Y,Y,N,N,Y,Y,N,Y,Y,N,N,N,16.016,[6N 22N 26Y 10N ],13.6667,0.1467
Y,N,N,N,N,N,N,Y,N,N,Y,N,N,Y,Y,N,N,N,Y,N,Y,N,N,Y,Y,Y,N,Y,Y,N,N,Y,Y,N,Y,Y,N,N,N,13.603,[6N 22N 26Y 10N ],13.6667,0.0047
Y,N,Y,N,Y,N,N,Y,N,Y,Y,N,N,Y,N,N,Y,N,N,N,N,N,N,Y,Y,N,Y,Y,Y,N,N,Y,Y,N,Y,Y,N,N,N,15.187,[6N 22N 26N 3Y ],14.3777,0.0533
Y,N,N,N,N,N,N,Y,N,N,Y,N,Y,Y,N,N,Y,N,N,N,N,N,Y,Y,Y,N,Y,Y,Y,N,N,Y,Y,N,Y,Y,N,N,N,13.702,[6N 22N 26N 3N ],14.9307,0.0897
Y,Y,Y,N,Y,N,N,Y,N,N,Y,N,N,Y,N,N,N,N,N,N,N,N,N,Y,Y,Y,N,Y,Y,N,N,Y,Y,N,Y,N,N,Y,N,14.798,[6N 22N 26Y 10N ],13.6667,0.0765
Y,N,N,N,N,N,N,Y,N,Y,Y,N,N,Y,N,N,N,N,N,Y,N,N,N,Y,Y,Y,N,Y,Y,N,N,Y,Y,N,Y,N,Y,N,N,13.445,[6N 22N 26Y 10Y ],14.5610,0.0830
Y,N,Y,Y,N,N,N,Y,N,Y,Y,N,Y,Y,N,N,N,N,N,N,N,N,N,Y,Y,Y,N,Y,Y,N,N,Y,Y,N,Y,Y,N,N,N,14.300,[6N 22N 26Y 10Y ],14.5610,0.0183
Y,N,Y,N,Y,N,N,Y,N,N,Y,N,N,Y,N,N,N,Y,Y,N,N,N,N,Y,Y,N,Y,Y,Y,N,N,Y,Y,N,Y,Y,N,N,N,14.460,[6N 22N 26N 3Y ],14.3777,0.0057
Y,N,N,N,N,N,N,Y,N,N,Y,N,N,Y,N,N,N,N,N,N,N,N,Y,Y,Y,N,Y,Y,Y,N,N,Y,Y,N,Y,N,Y,N,N,14.132,[6N 22N 26N 3N ],14.9307,0.0565
Y,Y,Y,N,Y,N,N,Y,N,N,Y,N,N,Y,N,N,N,N,N,N,N,N,Y,Y,Y,N,Y,Y,Y,N,N,Y,Y,N,Y,Y,N,N,N,13.561,[6N 22N 26N 3Y ],14.3777,0.0602
Y,N,Y,N,N,Y,N,Y,N,N,Y,N,N,Y,N,N,Y,N,N,Y,N,N,N,Y,Y,Y,N,Y,Y,N,N,Y,Y,N,Y,Y,N,N,N,15.137,[6Y ],15.0588,0.0052
Y,N,N,N,N,N,N,Y,N,N,Y,N,N,Y,N,Y,N,N,N,N,N,N,Y,Y,Y,N,Y,Y,Y,N,N,Y,Y,N,Y,Y,N,N,N,13.278,[6N 22N 26N 3N ],14.9307,0.1245
Y,N,N,N,N,N,N,Y,N,N,Y,N,N,Y,N,N,N,N,Y,Y,N,Y,N,Y,Y,Y,N,Y,Y,N,N,Y,Y,N,Y,Y,N,N,N,14.354,[6N 22Y 29Y ],13.8765,0.0333
Y,Y,N,N,N,N,N,Y,N,N,Y,N,N,Y,N,N,Y,N,N,N,N,N,N,Y,Y,Y,N,Y,Y,N,N,Y,N,Y,Y,Y,N,N,N,14.155,[6N 22N 26Y 10N ],13.6667,0.0345
Y,N,Y,Y,N,N,N,Y,N,N,Y,N,N,Y,N,N,N,N,N,N,N,Y,N,Y,Y,N,Y,Y,Y,N,N,Y,N,Y,Y,Y,N,N,N,13.526,[6N 22Y 29Y ],13.8765,0.0259
Y,N,N,N,N,N,N,Y,N,N,Y,N,N,Y,Y,N,Y,N,N,Y,N,N,N,Y,Y,Y,N,Y,Y,N,N,Y,Y,N,Y,Y,N,N,N,13.494,[6N 22N 26Y 10N ],13.6667,0.0128
Y,N,Y,N,Y,N,N,Y,N,N,Y,N,N,Y,N,Y,N,N,N,N,N,N,N,Y,Y,Y,N,Y,Y,N,N,Y,N,Y,Y,Y,N,N,N,14.468,[6N 22N 26Y 10N ],13.6667,0.0554
Y,N,N,N,N,N,N,Y,N,N,Y,N,N,Y,N,N,N,Y,N,N,N,Y,N,Y,Y,N,Y,Y,Y,N,N,Y,N,Y,Y,Y,N,N,N,15.122,[6N 22Y 29Y ],13.8765,0.0824
Y,N,N,N,N,N,N,Y,N,Y,Y,N,N,Y,N,N,Y,N,N,N,N,N,N,Y,Y,N,Y,Y,N,N,Y,Y,Y,N,Y,Y,N,N,N,15.574,[6N 22N 26N 3N ],14.9307,0.0413
Y,N,Y,Y,N,N,N,Y,N,N,Y,N,N,Y,N,N,N,N,N,Y,N,N,Y,Y,Y,Y,N,Y,Y,N,N,Y,Y,N,Y,Y,N,N,N,14.787,[6N 22N 26Y 10N ],13.6667,0.0758
Y,N,N,N,N,N,N,Y,N,N,Y,N,N,Y,N,N,N,Y,N,Y,N,N,N,Y,Y,N,Y,Y,N,Y,N,Y,Y,N,Y,Y,N,N,N,15.018,[6N 22N 26N 3N ],14.9307,0.0058
Y,N,Y,Y,N,N,N,Y,N,N,Y,N,N,Y,N,N,N,N,N,N,N,N,N,Y,Y,Y,N,Y,Y,N,N,Y,Y,N,Y,N,Y,N,N,15.112,[6N 22N 26Y 10N ],13.6667,0.0956
Y,N,N,N,N,N,N,Y,N,N,Y,N,N,Y,N,N,N,N,Y,N,Y,N,N,Y,Y,N,Y,Y,Y,N,N,Y,Y,N,Y,N,Y,N,N,14.497,[6N 22N 26N 3N ],14.9307,0.0299
Y,N,Y,N,Y,N,N,Y,N,N,Y,N,N,Y,N,N,N,N,N,Y,N,N,N,Y,Y,N,Y,Y,N,N,Y,Y,Y,N,Y,Y,N,N,N,14.306,[6N 22N 26N 3Y ],14.3777,0.0050
Y,N,Y,N,Y,N,N,Y,N,N,Y,N,N,Y,N,N,N,Y,N,N,N,N,Y,Y,Y,Y,N,Y,Y,N,N,Y,Y,N,Y,Y,N,N,N,15.900,[6N 22N 26Y 10N ],13.6667,0.1405
Y,N,N,N,N,N,N,Y,N,N,Y,Y,N,Y,Y,N,N,Y,N,N,N,N,N,Y,Y,Y,N,Y,Y,N,N,Y,Y,N,Y,Y,N,N,N,14.585,[6N 22N 26Y 10N ],13.6667,0.0630
Y,Y,Y,N,N,Y,N,Y,Y,Y,Y,Y,Y,Y,Y,Y,N,Y,Y,Y,Y,Y,Y,Y,Y,N,Y,Y,N,Y,N,Y,N,Y,Y,N,N,N,Y,15.112,[6Y ],15.0588,0.0035
Y,N,N,N,N,N,N,Y,Y,N,Y,Y,N,Y,N,N,N,N,N,N,N,N,N,Y,Y,N,Y,Y,Y,N,N,Y,Y,N,Y,N,Y,N,N,13.840,[6N 22N 26N 3N ],14.9307,0.0788
Y,N,Y,N,Y,N,N,Y,Y,Y,Y,Y,Y,Y,Y,Y,Y,Y,Y,Y,Y,Y,Y,Y,Y,N,Y,Y,N,N,Y,Y,Y,N,Y,N,N,N,Y,14.669,[6N 22Y 29N ],13.7242,0.0644
Y,Y,N,N,N,N,N,Y,N,Y,Y,N,N,Y,N,N,N,N,N,N,N,N,N,Y,Y,N,Y,Y,Y,N,N,Y,N,Y,Y,Y,N,N,N,15.211,[6N 22N 26N 3N ],14.9307,0.0184
Y,N,N,N,N,N,N,Y,N,N,Y,N,Y,Y,N,N,N,N,N,N,N,Y,N,Y,Y,Y,N,Y,Y,N,N,Y,N,Y,Y,Y,N,N,N,13.004,[6N 22Y 29Y ],13.8765,0.0671
Y,N,Y,N,Y,N,N,Y,N,N,Y,N,Y,Y,N,N,N,N,N,Y,N,N,N,Y,Y,Y,N,Y,Y,N,N,Y,Y,N,Y,Y,N,N,N,16.071,[6N 22N 26Y 10N ],13.6667,0.1496
Y,N,N,N,N,N,N,Y,N,Y,Y,N,N,Y,N,N,Y,N,N,N,N,N,Y,Y,Y,Y,N,Y,Y,N,N,Y,Y,N,Y,Y,N,N,N,14.904,[6N 22N 26Y 10Y ],14.5610,0.0230
Y,N,N,N,N,N,N,Y,N,N,Y,N,N,Y,N,N,N,Y,N,N,Y,N,N,Y,Y,Y,N,Y,Y,N,N,Y,N,Y,Y,Y,N,N,N,13.426,[6N 22N 26Y 10N ],13.6667,0.0179
Y,N,N,N,N,N,N,Y,Y,Y,Y,N,N,Y,N,N,N,N,N,N,N,Y,N,Y,Y,Y,N,Y,Y,N,N,Y,Y,N,Y,Y,N,N,N,14.427,[6N 22Y 29Y ],13.8765,0.0382
Y,N,Y,N,Y,N,N,Y,N,N,Y,N,N,Y,N,N,N,N,N,N,N,Y,N,Y,Y,Y,N,Y,Y,N,N,Y,Y,N,Y,N,N,N,Y,15.787,[6N 22Y 29Y ],13.8765,0.1210
Y,Y,Y,N,N,N,Y,Y,Y,Y,Y,Y,Y,Y,Y,N,Y,Y,Y,Y,Y,Y,Y,Y,Y,N,Y,Y,Y,N,N,Y,Y,N,Y,Y,N,N,N,14.087,[6N 22Y 29Y ],13.8765,0.0149
Y,Y,Y,N,Y,N,N,Y,N,N,Y,N,N,Y,N,N,N,N,N,N,N,N,N,Y,Y,Y,N,Y,Y,N,N,Y,Y,N,Y,Y,N,N,N,14.465,[6N 22N 26Y 10N ],13.6667,0.0552
Y,Y,Y,Y,N,N,N,Y,N,N,Y,N,N,Y,N,N,N,N,N,Y,N,N,N,Y,Y,N,Y,Y,Y,N,N,Y,Y,N,Y,Y,N,N,N,13.841,[6N 22N 26N 3Y ],14.3777,0.0388
Y,N,N,N,N,N,N,Y,N,N,Y,N,N,Y,N,N,N,N,N,Y,N,N,N,Y,Y,Y,N,Y,Y,N,N,Y,N,Y,Y,Y,N,N,N,14.341,[6N 22N 26Y 10N ],13.6667,0.0470
Y,N,N,N,N,N,N,Y,N,N,Y,N,Y,Y,Y,N,N,N,N,N,N,N,N,Y,Y,Y,N,Y,Y,N,N,Y,Y,N,Y,Y,N,N,N,14.620,[6N 22N 26Y 10N ],13.6667,0.0652
Y,N,Y,N,Y,N,N,Y,N,N,Y,N,N,Y,N,N,N,N,N,N,N,N,N,Y,Y,Y,N,Y,N,Y,N,Y,N,Y,Y,Y,N,N,N,15.256,[6N 22N 26Y 10N ],13.6667,0.1042
Y,N,Y,N,N,Y,N,Y,N,N,Y,N,N,Y,N,N,N,Y,N,Y,N,N,N,Y,Y,N,Y,Y,Y,N,N,Y,Y,N,Y,Y,N,N,N,14.200,[6Y ],15.0588,0.0605
Y,N,Y,N,N,Y,N,Y,N,N,Y,N,N,Y,Y,N,N,N,N,N,N,N,N,Y,Y,Y,N,Y,Y,N,N,Y,Y,N,Y,Y,N,N,N,13.984,[6Y ],15.0588,0.0769
Y,N,N,N,N,N,N,Y,N,N,Y,N,Y,Y,N,N,N,N,Y,N,N,N,N,Y,Y,Y,N,Y,Y,N,N,Y,Y,N,Y,N,N,Y,N,14.182,[6N 22N 26Y 10N ],13.6667,0.0363
Y,N,N,N,N,N,N,Y,N,N,Y,Y,N,Y,Y,N,Y,N,N,N,N,N,N,Y,Y,N,Y,Y,Y,N,N,Y,Y,N,Y,Y,N,N,N,15.334,[6N 22N 26N 3N ],14.9307,0.0263
Y,N,N,N,N,N,N,Y,N,N,Y,N,N,Y,N,N,N,Y,N,N,N,N,N,Y,Y,N,Y,Y,N,N,Y,Y,Y,N,Y,Y,N,N,N,13.983,[6N 22N 26N 3N ],14.9307,0.0678
Y,N,N,N,N,N,N,Y,N,N,Y,N,N,Y,N,N,N,N,N,N,N,Y,N,Y,Y,Y,N,Y,Y,N,N,Y,Y,N,Y,Y,N,N,N,14.418,[6N 22Y 29Y ],13.8765,0.0376
Y,N,Y,Y,N,N,N,Y,N,N,Y,N,N,Y,N,N,N,Y,N,N,N,N,N,Y,Y,Y,N,Y,N,Y,N,Y,Y,N,Y,Y,N,N,N,13.708,[6N 22N 26Y 10N ],13.6667,0.0030
Y,N,Y,N,Y,N,N,Y,N,N,Y,N,Y,Y,N,N,N,N,N,N,N,N,Y,Y,Y,Y,N,Y,Y,N,N,Y,Y,N,Y,Y,N,N,N,15.740,[6N 22N 26Y 10N ],13.6667,0.1317
Y,Y,Y,Y,N,N,N,Y,Y,Y,Y,Y,Y,Y,Y,Y,Y,Y,Y,Y,Y,Y,N,Y,Y,Y,N,Y,N,N,Y,Y,Y,N,Y,N,Y,N,N,13.046,[6N 22Y 29N ],13.7242,0.0520
Y,N,Y,N,N,Y,N,Y,N,N,Y,N,N,Y,N,N,N,N,N,N,N,Y,N,Y,Y,Y,N,Y,N,N,Y,Y,Y,N,Y,Y,N,N,N,15.470,[6Y ],15.0588,0.0266
Y,N,Y,N,Y,N,N,Y,N,N,Y,N,N,Y,N,N,N,Y,N,N,N,Y,N,Y,Y,Y,N,Y,Y,N,N,Y,Y,N,Y,Y,N,N,N,16.036,[6N 22Y 29Y ],13.8765,0.1347
Y,N,N,N,N,N,N,Y,N,N,Y,N,N,Y,N,N,N,N,Y,Y,N,N,Y,Y,Y,N,Y,Y,Y,N,N,Y,Y,N,Y,Y,N,N,N,14.108,[6N 22N 26N 3N ],14.9307,0.0583
Y,N,N,N,N,N,N,Y,N,Y,Y,Y,N,Y,Y,N,N,N,N,N,N,N,N,Y,Y,Y,N,Y,Y,N,N,Y,Y,N,Y,Y,N,N,N,14.496,[6N 22N 26Y 10Y ],14.5610,0.0045
Y,N,N,N,N,N,N,Y,N,N,Y,N,N,Y,N,Y,N,N,N,N,N,N,Y,Y,Y,Y,N,Y,Y,N,N,Y,Y,N,Y,N,Y,N,N,13.331,[6N 22N 26Y 10N ],13.6667,0.0252
Y,N,N,N,N,N,N,Y,N,N,Y,N,N,Y,N,N,Y,N,N,N,N,Y,N,Y,Y,N,Y,Y,Y,N,N,Y,Y,N,Y,N,N,Y,N,14.918,[6N 22Y 29Y ],13.8765,0.0698
Y,N,Y,Y,N,N,N,Y,N,N,Y,N,N,Y,N,N,Y,N,N,N,Y,N,N,Y,Y,N,Y,Y,Y,N,N,Y,Y,N,Y,Y,N,N,N,15.739,[6N 22N 26N 3Y ],14.3777,0.0865
Y,Y,Y,N,Y,N,N,Y,N,N,Y,N,N,Y,N,N,N,N,N,N,Y,N,N,Y,Y,N,Y,Y,Y,N,N,Y,Y,N,Y,Y,N,N,N,14.615,[6N 22N 26N 3Y ],14.3777,0.0162
Y,N,Y,N,Y,N,N,Y,N,N,Y,N,N,Y,N,N,N,N,N,Y,N,N,N,Y,Y,N,Y,Y,Y,N,N,Y,Y,N,Y,N,Y,N,N,13.960,[6N 22N 26N 3Y ],14.3777,0.0299
Y,Y,N,N,N,N,N,Y,Y,N,Y,N,N,Y,Y,N,N,N,N,N,N,N,N,Y,Y,Y,N,Y,Y,N,N,Y,Y,N,Y,Y,N,N,N,15.861,[6N 22N 26Y 10N ],13.6667,0.1383
Y,N,N,N,N,N,N,Y,N,N,Y,N,N,Y,N,N,Y,N,N,N,N,N,N,Y,Y,N,Y,Y,N,Y,N,Y,N,Y,Y,Y,N,N,N,14.644,[6N 22N 26N 3N ],14.9307,0.0196
Y,N,Y,N,N,Y,N,Y,N,N,Y,Y,Y,Y,N,N,N,N,N,N,N,N,N,Y,Y,Y,N,Y,Y,N,N,Y,Y,N,Y,Y,N,N,N,16.191,[6Y ],15.0588,0.0699
Y,N,Y,N,N,N,Y,Y,N,N,Y,N,N,Y,N,N,N,N,N,N,N,Y,N,Y,Y,Y,N,Y,Y,N,N,Y,Y,N,Y,N,N,N,Y,15.855,[6N 22Y 29Y ],13.8765,0.1248
Y,N,N,N,N,N,N,Y,N,N,Y,N,N,Y,N,Y,N,N,Y,N,N,N,N,Y,Y,N,Y,Y,N,Y,N,Y,Y,N,Y,Y,N,N,N,14.458,[6N 22N 26N 3N ],14.9307,0.0327
Y,N,Y,N,Y,N,N,Y,N,N,Y,Y,Y,Y,N,N,N,N,N,N,N,N,N,Y,Y,N,Y,Y,Y,N,N,Y,Y,N,Y,Y,N,N,N,14.987,[6N 22N 26N 3Y ],14.3777,0.0407
Y,N,N,N,N,N,N,Y,N,N,Y,Y,N,Y,N,N,N,N,N,N,N,N,Y,Y,Y,Y,N,Y,Y,N,N,Y,Y,N,Y,N,N,Y,N,13.832,[6N 22N 26Y 10N ],13.6667,0.0120
Y,Y,Y,N,N,N,Y,Y,Y,N,Y,Y,Y,Y,Y,Y,Y,Y,Y,Y,Y,Y,Y,Y,Y,Y,N,Y,N,N,Y,Y,N,Y,Y,Y,N,N,N,14.577,[6N 22Y 29N ],13.7242,0.0585
Y,N,Y,N,N,N,Y,Y,N,N,Y,N,N,Y,N,N,N,N,N,N,N,Y,N,Y,Y,Y,N,Y,N,N,Y,Y,Y,N,Y,Y,N,N,N,15.307,[6N 22Y 29N ],13.7242,0.1034
Y,N,Y,N,N,N,Y,Y,N,N,Y,N,N,Y,N,N,N,N,N,N,N,Y,N,Y,Y,Y,N,Y,Y,N,N,Y,Y,N,Y,N,Y,N,N,15.810,[6N 22Y 29Y ],13.8765,0.1223
Y,Y,Y,N,N,N,Y,Y,N,N,Y,N,N,Y,N,N,N,N,N,Y,N,N,N,Y,Y,Y,N,Y,Y,N,N,Y,Y,N,Y,Y,N,N,N,15.991,[6N 22N 26Y 10N ],13.6667,0.1454
Y,N,N,N,N,N,N,Y,Y,N,Y,N,Y,Y,N,N,N,Y,N,N,N,N,N,Y,Y,Y,N,Y,Y,N,N,Y,Y,N,Y,Y,N,N,N,15.113,[6N 22N 26Y 10N ],13.6667,0.0957
Y,N,N,N,N,N,N,Y,N,N,Y,N,N,Y,Y,N,N,N,Y,N,N,N,Y,Y,Y,N,Y,Y,Y,N,N,Y,Y,N,Y,Y,N,N,N,14.012,[6N 22N 26N 3N ],14.9307,0.0656
Y,Y,Y,N,Y,N,N,Y,Y,Y,Y,Y,Y,Y,Y,Y,Y,Y,Y,Y,N,Y,Y,Y,Y,N,Y,Y,N,Y,N,Y,Y,N,Y,N,Y,N,N,14.335,[6N 22Y 29N ],13.7242,0.0426
Y,N,N,N,N,N,N,Y,Y,N,Y,N,N,Y,N,Y,N,N,N,N,N,N,N,Y,Y,Y,N,Y,Y,N,N,Y,Y,N,Y,Y,N,N,N,14.398,[6N 22N 26Y 10N ],13.6667,0.0508
Y,N,Y,N,N,N,Y,Y,N,N,Y,Y,N,Y,N,N,N,N,N,N,N,N,N,Y,Y,N,Y,Y,Y,N,N,Y,Y,N,Y,N,N,Y,N,14.651,[6N 22N 26N 3Y ],14.3777,0.0187
Y,Y,N,N,N,N,N,Y,N,N,Y,N,N,Y,N,Y,N,N,N,N,N,N,N,Y,Y,Y,N,Y,Y,N,N,Y,Y,N,Y,N,Y,N,N,13.151,[6N 22N 26Y 10N ],13.6667,0.0392
Y,N,N,N,N,N,N,Y,N,N,Y,N,N,Y,N,N,Y,N,N,Y,N,N,N,Y,Y,Y,N,Y,Y,N,N,Y,N,Y,Y,Y,N,N,N,14.119,[6N 22N 26Y 10N ],13.6667,0.0320
Y,N,Y,N,N,N,Y,Y,N,N,Y,N,N,Y,Y,N,N,Y,N,N,N,N,N,Y,Y,Y,N,Y,Y,N,N,Y,Y,N,Y,Y,N,N,N,15.828,[6N 22N 26Y 10N ],13.6667,0.1366
Y,Y,N,N,N,N,N,Y,N,Y,Y,N,N,Y,N,N,N,Y,N,N,N,N,N,Y,Y,Y,N,Y,Y,N,N,Y,Y,N,Y,Y,N,N,N,14.782,[6N 22N 26Y 10Y ],14.5610,0.0150
Y,N,N,N,N,N,N,Y,N,N,Y,N,N,Y,N,N,N,N,N,N,N,Y,N,Y,Y,Y,N,Y,Y,N,N,Y,Y,N,Y,N,N,N,Y,14.508,[6N 22Y 29Y ],13.8765,0.0435
Y,N,Y,N,Y,N,N,Y,N,N,Y,N,N,Y,N,N,Y,N,Y,N,N,N,N,Y,Y,N,Y,Y,Y,N,N,Y,Y,N,Y,Y,N,N,N,15.441,[6N 22N 26N 3Y ],14.3777,0.0689
Y,N,Y,N,N,Y,N,Y,N,N,Y,Y,N,Y,N,N,N,N,N,N,N,N,N,Y,Y,N,Y,Y,N,N,Y,Y,Y,N,Y,Y,N,N,N,14.803,[6Y ],15.0588,0.0173
Y,N,Y,N,N,N,Y,Y,N,N,Y,N,N,Y,N,N,N,Y,N,N,N,N,N,Y,Y,Y,N,Y,Y,N,N,Y,N,Y,Y,Y,N,N,N,15.390,[6N 22N 26Y 10N ],13.6667,0.1120
Y,N,N,N,N,N,N,Y,Y,N,Y,N,N,Y,N,N,N,N,Y,N,N,Y,N,Y,Y,Y,N,Y,Y,N,N,Y,Y,N,Y,Y,N,N,N,14.793,[6N 22Y 29Y ],13.8765,0.0620
Y,Y,N,N,N,N,N,Y,N,N,Y,N,N,Y,N,N,N,N,N,Y,N,N,N,Y,Y,Y,N,Y,Y,N,N,Y,N,Y,Y,Y,N,N,N,13.942,[6N 22N 26Y 10N ],13.6667,0.0197
Y,N,Y,N,Y,N,N,Y,Y,N,Y,N,Y,Y,N,N,N,N,N,N,N,N,N,Y,Y,N,Y,Y,Y,N,N,Y,Y,N,Y,Y,N,N,N,13.926,[6N 22N 26N 3Y ],14.3777,0.0324
Y,N,Y,N,Y,N,N,Y,N,N,Y,N,N,Y,N,N,Y,N,N,N,N,N,N,Y,Y,Y,N,Y,N,Y,N,Y,Y,N,Y,Y,N,N,N,14.623,[6N 22N 26Y 10N ],13.6667,0.0654
Y,N,Y,N,N,Y,N,Y,Y,Y,Y,N,N,Y,N,N,N,N,N,N,N,N,N,Y,Y,N,Y,Y,Y,N,N,Y,Y,N,Y,Y,N,N,N,13.923,[6Y ],15.0588,0.0816
Y,Y,N,N,N,N,N,Y,N,Y,Y,N,N,Y,N,N,N,N,N,N,N,N,N,Y,Y,Y,N,Y,Y,N,N,Y,Y,N,Y,N,N,Y,N,13.950,[6N 22N 26Y 10Y ],14.5610,0.0438
Y,Y,Y,Y,N,N,N,Y,N,Y,Y,Y,Y,Y,Y,Y,Y,Y,Y,Y,Y,Y,Y,Y,Y,Y,N,Y,N,N,Y,Y,Y,N,Y,Y,N,N,N,14.571,[6N 22Y 29N ],13.7242,0.0581
Y,N,N,N,N,N,N,Y,Y,N,Y,N,N,Y,N,N,N,N,N,N,N,N,N,Y,Y,Y,N,Y,Y,N,N,Y,N,Y,Y,Y,N,N,N,14.749,[6N 22N 26Y 10N ],13.6667,0.0734
Y,N,N,N,N,N,N,Y,Y,Y,Y,N,N,Y,N,N,N,N,N,N,N,N,Y,Y,Y,N,Y,Y,Y,N,N,Y,Y,N,Y,Y,N,N,N,14.796,[6N 22N 26N 3N ],14.9307,0.0091
Y,N,N,N,N,N,N,Y,N,Y,Y,N,Y,Y,N,N,N,N,N,N,N,N,N,Y,Y,Y,N,Y,Y,N,N,Y,Y,N,Y,Y,N,N,N,14.142,[6N 22N 26Y 10Y ],14.5610,0.0296
Y,N,Y,Y,N,N,N,Y,N,Y,Y,N,N,Y,N,N,N,N,N,N,Y,N,N,Y,Y,N,Y,Y,Y,N,N,Y,Y,N,Y,Y,N,N,N,13.338,[6N 22N 26N 3Y ],14.3777,0.0779
Y,N,Y,Y,N,N,N,Y,N,N,Y,N,Y,Y,N,Y,N,N,N,N,N,N,N,Y,Y,N,Y,Y,Y,N,N,Y,Y,N,Y,Y,N,N,N,14.889,[6N 22N 26N 3Y ],14.3777,0.0343
Y,N,N,N,N,N,N,Y,N,N,Y,Y,Y,Y,N,N,N,N,N,N,Y,N,N,Y,Y,Y,N,Y,Y,N,N,Y,Y,N,Y,Y,N,N,N,14.647,[6N 22N 26Y 10N ],13.6667,0.0669
Y,N,N,N,N,N,N,Y,N,Y,Y,N,N,Y,N,Y,N,N,N,N,N,N,N,Y,Y,N,Y,Y,Y,N,N,Y,Y,N,Y,N,N,N,Y,14.554,[6N 22N 26N 3N ],14.9307,0.0259
Y,N,N,N,N,N,N,Y,N,N,Y,Y,N,Y,N,Y,N,N,N,N,N,N,N,Y,Y,Y,N,Y,N,N,Y,Y,Y,N,Y,Y,N,N,N,13.612,[6N 22N 26Y 10N ],13.6667,0.0040
Y,N,N,N,N,N,N,Y,N,Y,Y,N,N,Y,N,N,N,N,Y,N,N,Y,N,Y,Y,Y,N,Y,Y,N,N,Y,Y,N,Y,Y,N,N,N,14.335,[6N 22Y 29Y ],13.8765,0.0320
Y,Y,Y,N,N,N,Y,Y,Y,Y,Y,Y,Y,Y,Y,Y,Y,Y,N,Y,Y,Y,Y,Y,Y,N,Y,Y,N,N,Y,Y,Y,N,Y,N,N,N,Y,14.345,[6N 22Y 29N ],13.7242,0.0433
Y,N,N,N,N,N,N,Y,N,N,Y,N,N,Y,Y,N,N,N,Y,N,N,N,N,Y,Y,N,Y,Y,Y,N,N,Y,Y,N,Y,N,Y,N,N,16.156,[6N 22N 26N 3N ],14.9307,0.0758
Y,N,N,N,N,N,N,Y,Y,N,Y,N,N,Y,N,N,N,N,N,N,N,N,N,Y,Y,Y,N,Y,Y,N,N,Y,N,Y,Y,N,N,N,Y,13.827,[6N 22N 26Y 10N ],13.6667,0.0116
Y,N,N,N,N,N,N,Y,N,Y,Y,N,N,Y,N,N,N,N,N,N,N,Y,N,Y,Y,Y,N,Y,Y,N,N,Y,Y,N,Y,N,N,N,Y,13.420,[6N 22Y 29Y ],13.8765,0.0340
Y,N,N,N,N,N,N,Y,N,Y,Y,N,N,Y,N,N,N,N,N,N,N,N,Y,Y,Y,Y,N,Y,Y,N,N,Y,Y,N,Y,N,N,N,Y,14.330,[6N 22N 26Y 10Y ],14.5610,0.0161
Y,Y,Y,N,Y,N,N,Y,Y,Y,Y,Y,Y,Y,Y,Y,Y,Y,Y,N,Y,Y,Y,Y,Y,N,Y,Y,N,N,Y,Y,Y,N,Y,N,N,N,Y,14.390,[6N 22Y 29N ],13.7242,0.0463
Y,N,Y,Y,N,N,N,Y,N,Y,Y,N,N,Y,N,N,N,N,N,N,N,N,N,Y,Y,Y,N,Y,N,Y,N,Y,Y,N,Y,Y,N,N,N,13.926,[6N 22N 26Y 10Y ],14.5610,0.0456
Y,N,Y,N,Y,N,N,Y,N,N,Y,N,N,Y,N,N,N,N,Y,N,N,N,N,Y,Y,Y,N,Y,Y,N,N,Y,N,Y,Y,Y,N,N,N,14.504,[6N 22N 26Y 10N ],13.6667,0.0577
Y,N,Y,N,Y,N,N,Y,Y,N,Y,N,N,Y,N,N,N,N,N,N,N,N,N,Y,Y,Y,N,Y,N,N,Y,Y,Y,N,Y,Y,N,N,N,13.647,[6N 22N 26Y 10N ],13.6667,0.0014
Y,Y,Y,N,N,N,Y,Y,N,Y,Y,Y,Y,Y,Y,Y,Y,Y,Y,Y,Y,Y,Y,Y,Y,N,Y,Y,Y,N,N,Y,Y,N,Y,Y,N,N,N,13.784,[6N 22Y 29Y ],13.8765,0.0067
Y,N,N,N,N,N,N,Y,N,N,Y,N,N,Y,N,N,N,N,Y,N,N,N,N,Y,Y,N,Y,Y,Y,N,N,Y,Y,N,Y,N,N,Y,N,13.261,[6N 22N 26N 3N ],14.9307,0.1259
Y,N,N,N,N,N,N,Y,N,N,Y,Y,N,Y,N,N,N,N,N,N,Y,N,N,Y,Y,N,Y,Y,Y,N,N,Y,N,Y,Y,Y,N,N,N,14.893,[6N 22N 26N 3N ],14.9307,0.0025
Y,N,Y,N,N,Y,N,Y,N,N,Y,N,N,Y,N,N,N,N,Y,N,N,N,N,Y,Y,N,Y,Y,Y,N,N,Y,Y,N,Y,N,Y,N,N,13.647,[6Y ],15.0588,0.1035
Y,N,Y,Y,N,N,N,Y,N,N,Y,N,N,Y,N,N,N,N,N,N,N,N,N,Y,Y,N,Y,Y,Y,N,N,Y,Y,N,Y,N,Y,N,N,14.929,[6N 22N 26N 3Y ],14.3777,0.0369
Y,N,Y,N,N,N,Y,Y,N,N,Y,N,Y,Y,Y,N,N,N,N,N,N,N,N,Y,Y,Y,N,Y,Y,N,N,Y,Y,N,Y,Y,N,N,N,15.400,[6N 22N 26Y 10N ],13.6667,0.1126
Y,Y,N,N,N,N,N,Y,N,N,Y,N,Y,Y,N,N,N,N,N,N,N,N,N,Y,Y,Y,N,Y,Y,N,N,Y,Y,N,Y,N,N,Y,N,14.477,[6N 22N 26Y 10N ],13.6667,0.0560
Y,N,N,N,N,N,N,Y,Y,N,Y,Y,N,Y,Y,N,N,N,N,N,N,N,N,Y,Y,N,Y,Y,Y,N,N,Y,Y,N,Y,Y,N,N,N,14.975,[6N 22N 26N 3N ],14.9307,0.0030
Y,N,Y,N,N,Y,N,Y,N,N,Y,N,N,Y,Y,N,N,N,N,N,N,N,N,Y,Y,Y,N,Y,N,Y,N,Y,Y,N,Y,Y,N,N,N,15.515,[6Y ],15.0588,0.0294
Y,N,N,N,N,N,N,Y,N,N,Y,Y,N,Y,N,N,N,Y,N,N,N,N,N,Y,Y,Y,N,Y,Y,N,N,Y,N,Y,Y,Y,N,N,N,13.292,[6N 22N 26Y 10N ],13.6667,0.0282
Y,N,N,N,N,N,N,Y,N,Y,Y,N,N,Y,N,N,N,N,N,N,Y,N,N,Y,Y,Y,N,Y,Y,N,N,Y,Y,N,Y,N,N,Y,N,13.452,[6N 22N 26Y 10Y ],14.5610,0.0824
Y,N,N,N,N,N,N,Y,N,N,Y,N,N,Y,N,N,N,Y,N,N,N,N,N,Y,Y,N,Y,Y,Y,N,N,Y,N,Y,Y,N,Y,N,N,15.296,[6N 22N 26N 3N ],14.9307,0.0239
Y,N,Y,Y,N,N,N,Y,Y,Y,Y,Y,Y,Y,Y,Y,Y,Y,Y,Y,Y,Y,Y,Y,Y,Y,N,Y,N,N,Y,Y,Y,N,Y,N,N,Y,N,14.151,[6N 22Y 29N ],13.7242,0.0302
Y,N,N,N,N,N,N,Y,N,N,Y,N,N,Y,N,N,N,Y,Y,N,N,N,N,Y,Y,Y,N,Y,N,N,Y,Y,Y,N,Y,Y,N,N,N,14.447,[6N 22N 26Y 10N ],13.6667,0.0540
Y,N,Y,N,N,N,Y,Y,N,N,Y,Y,N,Y,N,N,N,N,N,N,N,N,N,Y,Y,Y,N,Y,Y,N,N,Y,N,Y,Y,Y,N,N,N,15.135,[6N 22N 26Y 10N ],13.6667,0.0970
Y,Y,Y,N,Y,N,N,Y,Y,Y,Y,Y,Y,Y,Y,Y,Y,Y,Y,Y,Y,N,Y,Y,Y,Y,N,Y,N,N,Y,Y,Y,N,Y,N,N,Y,N,14.367,[6N 22N 26Y 10Y ],14.5610,0.0135
Y,Y,Y,N,N,N,Y,Y,Y,Y,Y,Y,Y,Y,Y,Y,Y,N,Y,Y,Y,Y,Y,Y,Y,Y,N,Y,N,N,Y,Y,N,Y,Y,Y,N,N,N,14.402,[6N 22Y 29N ],13.7242,0.0471
Y,N,Y,N,N,Y,N,Y,N,N,Y,N,Y,Y,N,N,N,N,N,N,N,N,N,Y,Y,Y,N,Y,Y,N,N,Y,Y,N,Y,N,N,Y,N,15.642,[6Y ],15.0588,0.0373
Y,N,Y,N,N,Y,N,Y,N,N,Y,N,Y,Y,N,N,N,N,N,N,N,N,N,Y,Y,N,Y,Y,Y,N,N,Y,Y,N,Y,N,N,Y,N,14.914,[6Y ],15.0588,0.0097
Y,N,N,N,N,N,N,Y,N,N,Y,N,Y,Y,N,N,N,N,N,N,N,N,N,Y,Y,N,Y,Y,N,Y,N,Y,Y,N,Y,N,Y,N,N,14.454,[6N 22N 26N 3N ],14.9307,0.0330
Y,Y,Y,N,Y,N,N,Y,N,N,Y,N,N,Y,Y,N,N,N,N,N,N,N,N,Y,Y,Y,N,Y,Y,N,N,Y,Y,N,Y,Y,N,N,N,16.298,[6N 22N 26Y 10N ],13.6667,0.1615
Y,N,N,N,N,N,N,Y,N,N,Y,Y,N,Y,N,Y,N,N,N,N,N,N,Y,Y,Y,N,Y,Y,Y,N,N,Y,Y,N,Y,Y,N,N,N,14.375,[6N 22N 26N 3N ],14.9307,0.0387
Y,N,N,N,N,N,N,Y,N,N,Y,N,N,Y,N,N,Y,N,N,N,N,N,N,Y,Y,Y,N,Y,N,Y,N,Y,Y,N,Y,Y,N,N,N,14.150,[6N 22N 26Y 10N ],13.6667,0.0342
Y,N,N,N,N,N,N,Y,N,N,Y,N,N,Y,N,N,N,Y,N,N,N,Y,Y,Y,Y,N,Y,Y,Y,N,N,Y,Y,N,Y,Y,N,N,N,13.335,[6N 22Y 29Y ],13.8765,0.0406
Y,Y,Y,Y,N,N,N,Y,Y,Y,Y,Y,Y,Y,Y,Y,Y,N,Y,Y,Y,Y,Y,Y,Y,Y,N,Y,Y,N,N,Y,N,Y,Y,N,N,N,Y,13.980,[6N 22Y 29Y ],13.8765,0.0074
Y,Y,N,N,N,N,N,Y,Y,Y,Y,Y,Y,Y,Y,Y,Y,Y,Y,Y,Y,Y,Y,Y,Y,N,Y,Y,N,Y,N,Y,Y,N,Y,N,Y,N,N,14.169,[6N 22Y 29N ],13.7242,0.0314
Y,N,N,N,N,N,N,Y,Y,Y,Y,N,N,Y,N,N,N,N,N,Y,N,N,N,Y,Y,Y,N,Y,Y,N,N,Y,Y,N,Y,Y,N,N,N,14.971,[6N 22N 26Y 10Y ],14.5610,0.0274
Y,N,Y,Y,N,N,N,Y,N,N,Y,N,N,Y,N,N,N,N,Y,N,N,Y,N,Y,Y,Y,N,Y,Y,N,N,Y,Y,N,Y,Y,N,N,N,14.553,[6N 22Y 29Y ],13.8765,0.0465
Y,N,N,N,N,N,N,Y,N,N,Y,N,Y,Y,N,N,N,N,N,Y,N,N,Y,Y,Y,N,Y,Y,Y,N,N,Y,Y,N,Y,Y,N,N,N,13.972,[6N 22N 26N 3N ],14.9307,0.0686
Y,N,N,N,N,N,N,Y,N,N,Y,N,Y,Y,N,N,N,Y,N,N,N,N,N,Y,Y,N,Y,Y,N,N,Y,Y,Y,N,Y,Y,N,N,N,15.508,[6N 22N 26N 3N ],14.9307,0.0372
Y,N,Y,Y,N,N,N,Y,N,N,Y,N,N,Y,N,N,N,N,N,N,Y,N,N,Y,Y,N,Y,Y,Y,N,N,Y,Y,N,Y,Y,N,N,N,14.324,[6N 22N 26N 3Y ],14.3777,0.0037
Y,N,N,N,N,N,N,Y,Y,N,Y,N,N,Y,N,N,N,Y,N,N,N,N,N,Y,Y,Y,N,Y,N,N,Y,Y,Y,N,Y,Y,N,N,N,14.078,[6N 22N 26Y 10N ],13.6667,0.0292
Y,N,N,N,N,N,N,Y,N,N,Y,N,N,Y,N,N,N,Y,N,N,N,Y,N,Y,Y,Y,N,Y,N,N,Y,Y,Y,N,Y,Y,N,N,N,13.884,[6N 22Y 29N ],13.7242,0.0115
Y,N,Y,N,Y,N,N,Y,N,N,Y,Y,N,Y,N,N,N,N,N,N,N,N,N,Y,Y,Y,N,Y,Y,N,N,Y,Y,N,Y,Y,N,N,N,13.970,[6N 22N 26Y 10N ],13.6667,0.0217
Y,N,N,N,N,N,N,Y,Y,N,Y,N,N,Y,N,N,Y,N,N,N,N,Y,N,Y,Y,N,Y,Y,Y,N,N,Y,Y,N,Y,Y,N,N,N,14.715,[6N 22Y 29Y ],13.8765,0.0570
Y,N,Y,N,N,N,Y,Y,N,N,Y,N,N,Y,N,N,Y,Y,N,N,N,N,N,Y,Y,N,Y,Y,Y,N,N,Y,Y,N,Y,Y,N,N,N,13.241,[6N 22N 26N 3Y ],14.3777,0.0858
Y,N,N,N,N,N,N,Y,N,N,Y,N,Y,Y,N,N,N,Y,N,N,N,N,N,Y,Y,N,Y,Y,Y,N,N,Y,N,Y,Y,Y,N,N,N,15.104,[6N 22N 26N 3N ],14.9307,0.0115
Y,N,Y,N,Y,N,N,Y,N,N,Y,N,N,Y,N,Y,N,N,N,N,N,N,N,Y,Y,N,Y,Y,N,N,Y,Y,Y,N,Y,Y,N,N,N,13.997,[6N 22N 26N 3Y ],14.3777,0.0272
Y,N,Y,N,Y,N,N,Y,N,N,Y,N,N,Y,N,N,N,N,N,Y,N,N,N,Y,Y,Y,N,Y,N,N,Y,Y,Y,N,Y,Y,N,N,N,14.746,[6N 22N 26Y 10N ],13.6667,0.0732
Y,Y,N,N,N,N,N,Y,N,N,Y,N,N,Y,N,N,N,N,N,N,N,Y,N,Y,Y,Y,N,Y,Y,N,N,Y,Y,N,Y,N,N,Y,N,14.358,[6N 22Y 29Y ],13.8765,0.0335
Y,Y,Y,N,Y,N,N,Y,Y,Y,Y,Y,Y,Y,Y,Y,Y,Y,Y,Y,Y,N,Y,Y,Y,N,Y,Y,N,Y,N,Y,N,Y,Y,N,N,N,Y,13.289,[6N 22N 26N 3Y ],14.3777,0.0819
Y,N,N,N,N,N,N,Y,N,N,Y,Y,N,Y,N,N,N,N,N,N,N,Y,N,Y,Y,N,Y,Y,Y,N,N,Y,Y,N,Y,Y,N,N,N,13.803,[6N 22Y 29Y ],13.8765,0.0053
Y,N,N,N,N,N,N,Y,N,N,Y,N,N,Y,N,Y,N,N,N,N,N,N,N,Y,Y,Y,N,Y,Y,N,N,Y,Y,N,Y,N,N,N,Y,14.745,[6N 22N 26Y 10N ],13.6667,0.0731
Y,N,N,N,N,N,N,Y,Y,N,Y,N,N,Y,N,Y,N,N,N,N,N,N,N,Y,Y,Y,N,Y,Y,N,N,Y,Y,N,Y,N,N,Y,N,13.607,[6N 22N 26Y 10N ],13.6667,0.0044
Y,Y,N,N,N,N,N,Y,N,N,Y,N,N,Y,N,N,N,N,N,Y,Y,N,N,Y,Y,Y,N,Y,Y,N,N,Y,Y,N,Y,Y,N,N,N,14.730,[6N 22N 26Y 10N ],13.6667,0.0722
Y,Y,N,N,N,N,N,Y,N,Y,Y,N,N,Y,Y,N,N,N,N,N,N,N,N,Y,Y,Y,N,Y,Y,N,N,Y,Y,N,Y,Y,N,N,N,14.640,[6N 22N 26Y 10Y ],14.5610,0.0054
Y,N,Y,N,N,N,Y,Y,N,N,Y,N,N,Y,N,N,N,N,Y,N,N,N,N,Y,Y,N,Y,Y,N,N,Y,Y,Y,N,Y,N,N,Y,N,13.923,[6N 22N 26N 3Y ],14.3777,0.0327
Y,N,Y,Y,N,N,N,Y,N,Y,Y,N,N,Y,N,N,N,N,N,N,N,N,N,Y,Y,Y,N,Y,Y,N,N,Y,N,Y,Y,Y,N,N,N,13.830,[6N 22N 26Y 10Y ],14.5610,0.0529
Y,N,N,N,N,N,N,Y,N,N,Y,N,N,Y,N,N,N,N,Y,Y,N,N,N,Y,Y,Y,N,Y,N,Y,N,Y,Y,N,Y,Y,N,N,N,14.316,[6N 22N 26Y 10N ],13.6667,0.0454
Y,N,N,N,N,N,N,Y,N,N,Y,N,N,Y,N,N,N,N,Y,Y,N,N,N,Y,Y,Y,N,Y,Y,N,N,Y,Y,N,Y,N,N,Y,N,13.545,[6N 22N 26Y 10N ],13.6667,0.0090
Y,N,N,N,N,N,N,Y,N,N,Y,N,Y,Y,N,N,N,N,N,N,N,N,Y,Y,Y,Y,N,Y,Y,N,N,Y,Y,N,Y,N,Y,N,N,13.200,[6N 22N 26Y 10N ],13.6667,0.0354
Y,N,Y,Y,N,N,N,Y,N,N,Y,N,Y,Y,N,N,N,N,N,N,N,N,N,Y,Y,N,Y,Y,Y,N,N,Y,N,Y,Y,Y,N,N,N,13.392,[6N 22N 26N 3Y ],14.3777,0.0736
Y,N,N,N,N,N,N,Y,N,Y,Y,N,N,Y,N,N,N,N,N,N,N,N,N,Y,Y,N,Y,Y,N,Y,N,Y,Y,N,Y,N,Y,N,N,14.622,[6N 22N 26N 3N ],14.9307,0.0211
Y,Y,Y,N,Y,N,N,Y,N,Y,Y,Y,Y,Y,Y,Y,Y,Y,Y,Y,Y,Y,Y,Y,Y,Y,N,Y,Y,N,N,Y,Y,N,Y,N,Y,N,N,14.081,[6N 22Y 29Y ],13.8765,0.0145
Y,Y,N,N,N,N,N,Y,N,N,Y,N,N,Y,N,N,N,N,Y,N,N,N,N,Y,Y,N,Y,Y,N,N,Y,Y,Y,N,Y,Y,N,N,N,15.872,[6N 22N 26N 3N ],14.9307,0.0593
Y,N,Y,N,Y,N,N,Y,N,N,Y,N,Y,Y,N,N,Y,N,N,N,N,N,N,Y,Y,Y,N,Y,Y,N,N,Y,Y,N,Y,Y,N,N,N,16.414,[6N 22N 26Y 10N ],13.6667,0.1674
Y,N,Y,N,N,Y,N,Y,N,N,Y,N,N,Y,N,N,N,N,N,Y,N,N,N,Y,Y,N,Y,Y,N,Y,N,Y,Y,N,Y,Y,N,N,N,16.022,[6Y ],15.0588,0.0601
Y,Y,Y,N,N,N,Y,Y,Y,Y,Y,Y,Y,Y,N,Y,Y,Y,Y,Y,Y,Y,Y,Y,Y,N,Y,Y,Y,N,N,Y,Y,N,Y,Y,N,N,N,12.908,[6N 22Y 29Y ],13.8765,0.0750
Y,N,N,N,N,N,N,Y,N,Y,Y,N,N,Y,N,N,N,N,Y,N,N,N,N,Y,Y,Y,N,Y,N,Y,N,Y,Y,N,Y,Y,N,N,N,14.470,[6N 22N 26Y 10Y ],14.5610,0.0063
Y,N,Y,N,N,N,Y,Y,N,N,Y,N,N,Y,Y,N,N,N,N,N,N,N,N,Y,Y,Y,N,Y,Y,N,N,Y,Y,N,Y,Y,N,N,N,13.166,[6N 22N 26Y 10N ],13.6667,0.0380
Y,N,Y,N,N,N,Y,Y,N,N,Y,N,N,Y,N,N,N,N,N,N,N,N,N,Y,Y,N,Y,Y,Y,N,N,Y,Y,N,Y,N,N,Y,N,15.207,[6N 22N 26N 3Y ],14.3777,0.0545
Y,Y,Y,Y,N,N,N,Y,N,N,Y,N,N,Y,N,N,N,N,N,N,N,N,N,Y,Y,Y,N,Y,Y,N,N,Y,N,Y,Y,Y,N,N,N,13.192,[6N 22N 26Y 10N ],13.6667,0.0360
Y,N,Y,N,N,Y,N,Y,N,N,Y,N,N,Y,N,N,N,N,N,N,N,N,N,Y,Y,Y,N,Y,N,N,Y,Y,Y,N,Y,N,Y,N,N,14.585,[6Y ],15.0588,0.0325
Y,N,N,N,N,N,N,Y,N,N,Y,N,N,Y,N,N,N,N,N,Y,N,Y,N,Y,Y,N,Y,Y,N,Y,N,Y,Y,N,Y,Y,N,N,N,15.191,[6N 22Y 29N ],13.7242,0.0966
Y,N,Y,Y,N,N,N,Y,N,N,Y,N,N,Y,N,N,N,N,N,N,N,N,N,Y,Y,Y,N,Y,Y,N,N,Y,N,Y,Y,N,N,N,Y,14.156,[6N 22N 26Y 10N ],13.6667,0.0346
Y,Y,N,N,N,N,N,Y,N,N,Y,N,N,Y,Y,N,N,N,N,N,N,N,N,Y,Y,N,Y,Y,Y,N,N,Y,Y,N,Y,N,N,Y,N,15.697,[6N 22N 26N 3N ],14.9307,0.0488
Y,N,Y,N,N,N,Y,Y,N,N,Y,N,N,Y,N,N,N,N,N,N,Y,N,N,Y,Y,N,Y,Y,N,N,Y,Y,Y,N,Y,Y,N,N,N,13.410,[6N 22N 26N 3Y ],14.3777,0.0722
Y,Y,N,N,N,N,N,Y,N,N,Y,N,Y,Y,N,N,N,N,N,N,Y,N,N,Y,Y,Y,N,Y,Y,N,N,Y,Y,N,Y,Y,N,N,N,15.234,[6N 22N 26Y 10N ],13.6667,0.1029
Y,N,Y,Y,N,N,N,Y,N,N,Y,N,N,Y,N,N,N,N,N,Y,N,N,Y,Y,Y,N,Y,Y,Y,N,N,Y,Y,N,Y,Y,N,N,N,15.298,[6N 22N 26N 3Y ],14.3777,0.0602
Y,N,N,N,N,N,N,Y,N,N,Y,N,N,Y,Y,N,N,Y,N,N,N,N,N,Y,Y,N,Y,Y,Y,N,N,Y,Y,N,Y,N,Y,N,N,14.490,[6N 22N 26N 3N ],14.9307,0.0304
Y,Y,N,N,N,N,N,Y,Y,N,Y,N,N,Y,N,N,N,N,N,Y,N,N,N,Y,Y,Y,N,Y,Y,N,N,Y,Y,N,Y,Y,N,N,N,16.313,[6N 22N 26Y 10N ],13.6667,0.1622
Y,N,N,N,N,N,N,Y,N,Y,Y,N,Y,Y,N,N,Y,N,N,N,N,N,N,Y,Y,Y,N,Y,Y,N,N,Y,Y,N,Y,Y,N,N,N,14.843,[6N 22N 26Y 10Y ],14.5610,0.0190
Y,N,Y,N,Y,N,N,Y,N,N,Y,N,N,Y,N,N,N,N,N,N,N,N,N,Y,Y,N,Y,Y,Y,N,N,Y,N,Y,Y,N,Y,N,N,13.930,[6N 22N 26N 3Y ],14.3777,0.0321
Y,N,Y,N,Y,N,N,Y,Y,N,Y,Y,N,Y,N,N,N,N,N,N,N,N,N,Y,Y,Y,N,Y,Y,N,N,Y,Y,N,Y,Y,N,N,N,15.651,[6N 22N 26Y 10N ],13.6667,0.1268
Y,N,N,N,N,N,N,Y,N,N,Y,N,N,Y,N,Y,Y,N,N,N,N,Y,N,Y,Y,Y,N,Y,Y,N,N,Y,Y,N,Y,Y,N,N,N,13.771,[6N 22Y 29Y ],13.8765,0.0077
Y,Y,Y,N,N,N,Y,Y,N,Y,Y,Y,Y,Y,Y,Y,Y,Y,Y,Y,Y,Y,Y,Y,Y,Y,N,Y,N,Y,N,Y,Y,N,Y,Y,N,N,N,13.104,[6N 22Y 29N ],13.7242,0.0473
Y,Y,N,N,N,N,N,Y,N,N,Y,N,N,Y,N,N,N,Y,N,N,N,N,Y,Y,Y,N,Y,Y,Y,N,N,Y,Y,N,Y,Y,N,N,N,14.346,[6N 22N 26N 3N ],14.9307,0.0408
Y,N,Y,N,N,N,Y,Y,N,N,Y,N,N,Y,N,Y,N,N,Y,N,N,N,N,Y,Y,Y,N,Y,Y,N,N,Y,Y,N,Y,Y,N,N,N,16.219,[6N 22N 26Y 10N ],13.6667,0.1574
Y,N,Y,N,N,Y,N,Y,N,N,Y,Y,N,Y,N,N,N,N,N,N,N,N,N,Y,Y,Y,N,Y,Y,N,N,Y,N,Y,Y,Y,N,N,N,15.949,[6Y ],15.0588,0.0558
Y,Y,Y,Y,N,N,N,Y,Y,Y,Y,Y,Y,Y,Y,N,Y,Y,Y,Y,Y,Y,Y,Y,Y,Y,N,Y,N,N,Y,Y,Y,N,Y,N,Y,N,N,13.809,[6N 22Y 29N ],13.7242,0.0061
Y,N,N,N,N,N,N,Y,N,N,Y,Y,Y,Y,N,N,N,N,Y,N,N,N,N,Y,Y,Y,N,Y,Y,N,N,Y,Y,N,Y,Y,N,N,N,14.599,[6N 22N 26Y 10N ],13.6667,0.0639
Y,Y,Y,N,N,N,Y,Y,Y,Y,Y,Y,Y,Y,Y,Y,N,Y,Y,Y,Y,Y,Y,Y,Y,N,Y,Y,Y,N,N,Y,Y,N,Y,Y,N,N,N,13.629,[6N 22Y 29Y ],13.8765,0.0182
Y,N,Y,N,N,Y,N,Y,N,Y,Y,N,N,Y,N,N,N,N,N,N,N,N,N,Y,Y,Y,N,Y,Y,N,N,Y,Y,N,Y,Y,N,N,N,13.979,[6Y ],15.0588,0.0772
Y,N,N,N,N,N,N,Y,Y,N,Y,N,N,Y,Y,N,N,N,N,N,N,N,N,Y,Y,Y,N,Y,Y,N,N,Y,Y,N,Y,N,N,N,Y,14.239,[6N 22N 26Y 10N ],13.6667,0.0402
Y,Y,Y,N,Y,N,N,Y,Y,Y,Y,Y,Y,Y,N,Y,Y,Y,Y,Y,Y,Y,Y,Y,Y,Y,N,Y,N,N,Y,Y,Y,N,Y,N,N,Y,N,14.433,[6N 22Y 29N ],13.7242,0.0491
Y,N,N,N,N,N,N,Y,N,N,Y,N,N,Y,N,Y,N,N,N,N,N,Y,N,Y,Y,Y,N,Y,N,N,Y,Y,Y,N,Y,Y,N,N,N,14.780,[6N 22Y 29N ],13.7242,0.0714
Y,Y,N,N,N,N,N,Y,N,Y,Y,N,N,Y,N,N,N,N,N,N,N,Y,N,Y,Y,N,Y,Y,Y,N,N,Y,Y,N,Y,Y,N,N,N,14.151,[6N 22Y 29Y ],13.8765,0.0194
Y,N,N,N,N,N,N,Y,N,N,Y,N,N,Y,N,N,N,N,Y,N,N,N,Y,Y,Y,N,Y,Y,N,N,Y,Y,Y,N,Y,Y,N,N,N,15.485,[6N 22N 26N 3N ],14.9307,0.0358
Y,N,Y,N,N,N,Y,Y,N,N,Y,N,N,Y,N,N,N,N,N,Y,N,N,N,Y,Y,Y,N,Y,Y,N,N,Y,Y,N,Y,Y,N,N,N,13.889,[6N 22N 26Y 10N ],13.6667,0.0160
Y,N,Y,N,N,N,Y,Y,N,N,Y,N,N,Y,N,Y,N,N,N,N,N,N,N,Y,Y,N,Y,Y,N,N,Y,Y,Y,N,Y,N,N,Y,N,13.858,[6N 22N 26N 3Y ],14.3777,0.0375
Y,N,Y,N,N,Y,N,Y,N,N,Y,N,N,Y,N,N,N,N,N,N,N,N,Y,Y,Y,N,Y,Y,Y,N,N,Y,Y,N,Y,N,Y,N,N,13.175,[6Y ],15.0588,0.1430
Y,N,N,N,N,N,N,Y,N,N,Y,N,N,Y,N,N,N,Y,N,Y,N,N,Y,Y,Y,Y,N,Y,Y,N,N,Y,Y,N,Y,Y,N,N,N,13.765,[6N 22N 26Y 10N ],13.6667,0.0071
Y,N,Y,Y,N,N,N,Y,N,N,Y,N,N,Y,N,N,N,N,N,N,Y,N,N,Y,Y,Y,N,Y,Y,N,N,Y,Y,N,Y,Y,N,N,N,14.097,[6N 22N 26Y 10N ],13.6667,0.0305
Y,N,Y,N,N,N,Y,Y,N,N,Y,N,N,Y,N,N,N,N,N,N,N,N,N,Y,Y,N,Y,Y,N,N,Y,Y,Y,N,Y,N,Y,N,N,13.255,[6N 22N 26N 3Y ],14.3777,0.0847
Y,N,Y,Y,N,N,N,Y,Y,N,Y,N,N,Y,N,N,N,N,N,N,N,N,N,Y,Y,N,Y,Y,Y,N,N,Y,Y,N,Y,Y,N,N,N,14.312,[6N 22N 26N 3Y ],14.3777,0.0046
Y,N,Y,N,Y,N,N,Y,N,N,Y,N,N,Y,Y,N,N,N,N,N,N,N,N,Y,Y,N,Y,Y,Y,N,N,Y,N,Y,Y,Y,N,N,N,14.426,[6N 22N 26N 3Y ],14.3777,0.0034
Y,Y,Y,N,Y,N,N,Y,Y,Y,Y,Y,Y,Y,Y,Y,Y,Y,N,Y,Y,Y,Y,Y,Y,N,Y,Y,N,Y,N,Y,N,Y,Y,N,N,N,Y,13.364,[6N 22Y 29N ],13.7242,0.0270
Y,Y,Y,N,N,N,Y,Y,Y,Y,Y,Y,Y,Y,N,Y,Y,Y,Y,Y,Y,Y,Y,Y,Y,Y,N,Y,Y,N,N,Y,N,Y,Y,N,N,N,Y,14.402,[6N 22Y 29Y ],13.8765,0.0365
Y,Y,Y,Y,N,N,N,Y,Y,Y,Y,Y,Y,Y,Y,Y,Y,Y,Y,Y,Y,Y,N,Y,Y,N,Y,Y,N,Y,N,Y,N,Y,Y,N,N,N,Y,15.313,[6N 22Y 29N ],13.7242,0.1038
Y,N,Y,N,Y,N,N,Y,N,N,Y,N,N,Y,N,N,N,N,N,N,N,N,N,Y,Y,N,Y,Y,N,Y,N,Y,Y,N,Y,N,Y,N,N,14.999,[6N 22N 26N 3Y ],14.3777,0.0414
Y,N,Y,N,N,Y,N,Y,N,N,Y,N,N,Y,N,N,Y,N,N,N,N,N,N,Y,Y,N,Y,Y,N,N,Y,Y,Y,N,Y,Y,N,N,N,15.326,[6Y ],15.0588,0.0174
Y,N,Y,Y,N,N,N,Y,N,N,Y,N,N,Y,N,N,N,N,Y,N,N,N,N,Y,Y,Y,N,Y,Y,N,N,Y,Y,N,Y,N,N,Y,N,13.142,[6N 22N 26Y 10N ],13.6667,0.0399
Y,N,N,N,N,N,N,Y,N,Y,Y,N,N,Y,N,N,N,N,N,N,Y,N,N,Y,Y,Y,N,Y,N,N,Y,Y,Y,N,Y,Y,N,N,N,14.242,[6N 22N 26Y 10Y ],14.5610,0.0224
Y,N,Y,N,N,N,Y,Y,N,N,Y,N,N,Y,N,N,Y,N,N,N,Y,N,N,Y,Y,Y,N,Y,Y,N,N,Y,Y,N,Y,Y,N,N,N,16.298,[6N 22N 26Y 10N ],13.6667,0.1615
Y,N,Y,N,N,Y,N,Y,N,N,Y,N,N,Y,N,N,N,N,N,N,Y,N,N,Y,Y,Y,N,Y,N,N,Y,Y,Y,N,Y,Y,N,N,N,15.639,[6Y ],15.0588,0.0371
Y,N,Y,N,N,Y,N,Y,Y,N,Y,N,N,Y,N,N,N,N,N,N,N,N,N,Y,Y,Y,N,Y,Y,N,N,Y,N,Y,Y,Y,N,N,N,15.772,[6Y ],15.0588,0.0452
Y,N,Y,Y,N,N,N,Y,N,N,Y,Y,N,Y,N,Y,N,N,N,N,N,N,N,Y,Y,N,Y,Y,Y,N,N,Y,Y,N,Y,Y,N,N,N,15.226,[6N 22N 26N 3Y ],14.3777,0.0557
Y,N,Y,N,Y,N,N,Y,N,N,Y,N,N,Y,N,N,N,N,N,N,N,N,N,Y,Y,Y,N,Y,N,N,Y,Y,Y,N,Y,Y,N,N,N,15.140,[6N 22N 26Y 10N ],13.6667,0.0973
Y,N,Y,N,N,Y,N,Y,N,N,Y,N,N,Y,N,N,Y,N,N,N,Y,N,N,Y,Y,Y,N,Y,Y,N,N,Y,Y,N,Y,Y,N,N,N,15.083,[6Y ],15.0588,0.0016
Y,N,Y,N,N,Y,N,Y,N,Y,Y,N,N,Y,N,N,Y,N,N,N,N,N,N,Y,Y,Y,N,Y,Y,N,N,Y,Y,N,Y,Y,N,N,N,15.985,[6Y ],15.0588,0.0579
Y,N,N,N,N,N,N,Y,N,N,Y,N,N,Y,N,N,N,N,N,N,N,Y,N,Y,Y,Y,N,Y,Y,N,N,Y,N,Y,Y,Y,N,N,N,14.566,[6N 22Y 29Y ],13.8765,0.0473
Y,N,N,N,N,N,N,Y,N,Y,Y,N,N,Y,N,N,N,N,N,N,N,Y,N,Y,Y,N,Y,Y,Y,N,N,Y,Y,N,Y,Y,N,N,N,13.464,[6N 22Y 29Y ],13.8765,0.0306
Y,N,Y,N,Y,N,N,Y,N,N,Y,N,Y,Y,N,N,N,N,N,N,N,N,N,Y,Y,Y,N,Y,Y,N,N,Y,Y,N,Y,N,N,Y,N,15.554,[6N 22N 26Y 10N ],13.6667,0.1213
Y,N,Y,N,N,Y,N,Y,N,N,Y,N,N,Y,N,N,N,N,N,N,N,Y,Y,Y,Y,N,Y,Y,Y,N,N,Y,Y,N,Y,Y,N,N,N,13.212,[6Y ],15.0588,0.1398
Y,N,Y,Y,N,N,N,Y,N,N,Y,N,N,Y,N,N,N,N,N,N,N,N,Y,Y,Y,Y,N,Y,N,Y,N,Y,Y,N,Y,Y,N,N,N,13.591,[6N 22N 26Y 10N ],13.6667,0.0056
Y,N,N,N,N,N,N,Y,N,N,Y,N,N,Y,N,N,N,N,Y,N,N,Y,Y,Y,Y,Y,N,Y,Y,N,N,Y,Y,N,Y,Y,N,N,N,13.964,[6N 22Y 29Y ],13.8765,0.0063
Y,N,Y,N,N,Y,N,Y,Y,N,Y,Y,N,Y,N,N,N,N,N,N,N,N,N,Y,Y,N,Y,Y,Y,N,N,Y,Y,N,Y,Y,N,N,N,15.417,[6Y ],15.0588,0.0232
Y,N,N,N,N,N,N,Y,N,N,Y,N,N,Y,N,N,N,N,N,N,N,Y,N,Y,Y,Y,N,Y,N,N,Y,Y,Y,N,Y,N,N,N,Y,13.532,[6N 22Y 29N ],13.7242,0.0142
Y,N,N,N,N,N,N,Y,N,N,Y,N,Y,Y,N,N,N,N,N,N,N,N,N,Y,Y,Y,N,Y,Y,N,N,Y,Y,N,Y,N,N,Y,N,14.335,[6N 22N 26Y 10N ],13.6667,0.0466
Y,N,Y,N,N,Y,N,Y,N,N,Y,N,N,Y,N,N,N,N,N,N,N,Y,N,Y,Y,N,Y,Y,N,Y,N,Y,Y,N,Y,Y,N,N,N,13.674,[6Y ],15.0588,0.1013
Y,Y,Y,N,N,Y,N,Y,Y,N,Y,Y,Y,Y,Y,Y,Y,Y,Y,Y,Y,Y,Y,Y,Y,N,Y,Y,Y,N,N,Y,N,Y,Y,N,N,Y,N,14.284,[6Y ],15.0588,0.0542
Y,N,N,N,N,N,N,Y,N,N,Y,N,N,Y,N,N,N,N,Y,N,Y,N,N,Y,Y,Y,N,Y,N,N,Y,Y,Y,N,Y,Y,N,N,N,14.436,[6N 22N 26Y 10N ],13.6667,0.0533
Y,N,Y,N,N,N,Y,Y,N,N,Y,N,Y,Y,N,N,N,N,N,N,N,N,N,Y,Y,N,Y,Y,Y,N,N,Y,N,Y,Y,Y,N,N,N,14.877,[6N 22N 26N 3Y ],14.3777,0.0336
Y,N,Y,Y,N,N,N,Y,N,N,Y,N,N,Y,N,N,N,N,N,N,N,N,Y,Y,Y,Y,N,Y,Y,N,N,Y,N,Y,Y,Y,N,N,N,13.423,[6N 22N 26Y 10N ],13.6667,0.0182
Y,N,N,N,N,N,N,Y,Y,N,Y,N,N,Y,N,N,Y,Y,N,N,N,N,N,Y,Y,N,Y,Y,Y,N,N,Y,Y,N,Y,Y,N,N,N,14.244,[6N 22N 26N 3N ],14.9307,0.0482
Y,N,N,N,N,N,N,Y,N,N,Y,N,N,Y,Y,N,N,N,Y,N,N,N,N,Y,Y,Y,N,Y,N,Y,N,Y,Y,N,Y,Y,N,N,N,14.423,[6N 22N 26Y 10N ],13.6667,0.0524
Y,N,N,N,N,N,N,Y,N,N,Y,N,N,Y,N,Y,N,N,N,N,N,N,N,Y,Y,N,Y,Y,N,Y,N,Y,Y,N,Y,Y,N,N,N,14.136,[6N 22N 26N 3N ],14.9307,0.0562
Y,N,Y,N,N,Y,N,Y,N,N,Y,N,N,Y,N,N,N,N,N,N,N,N,Y,Y,Y,Y,N,Y,Y,N,N,Y,Y,N,Y,N,Y,N,N,15.630,[6Y ],15.0588,0.0365
Y,N,Y,N,N,N,Y,Y,Y,Y,Y,Y,Y,Y,Y,Y,Y,Y,Y,Y,Y,Y,Y,Y,Y,Y,N,Y,Y,N,N,Y,N,Y,Y,N,N,N,Y,13.869,[6N 22Y 29Y ],13.8765,0.0005
Y,N,N,N,N,N,N,Y,N,N,Y,Y,N,Y,N,N,N,N,N,Y,N,N,N,Y,Y,N,Y,Y,Y,N,N,Y,Y,N,Y,N,N,Y,N,13.755,[6N 22N 26N 3N ],14.9307,0.0855
Y,N,Y,N,N,N,Y,Y,N,N,Y,N,N,Y,N,Y,N,N,N,N,N,N,N,Y,Y,Y,N,Y,Y,N,N,Y,Y,N,Y,N,N,Y,N,16.072,[6N 22N 26Y 10N ],13.6667,0.1497
Y,N,N,N,N,N,N,Y,N,N,Y,Y,N,Y,N,N,N,N,N,Y,N,N,N,Y,Y,Y,N,Y,Y,N,N,Y,Y,N,Y,N,N,N,Y,13.938,[6N 22N 26Y 10N ],13.6667,0.0195
Y,N,Y,N,N,Y,N,Y,Y,N,Y,N,N,Y,N,N,N,N,N,N,N,N,N,Y,Y,Y,N,Y,Y,N,N,Y,Y,N,Y,Y,N,N,N,14.827,[6Y ],15.0588,0.0156
Y,N,Y,N,N,N,Y,Y,N,N,Y,N,N,Y,N,N,N,N,N,N,N,N,N,Y,Y,Y,N,Y,N,Y,N,Y,Y,N,Y,N,N,Y,N,14.181,[6N 22N 26Y 10N ],13.6667,0.0363
Y,N,Y,Y,N,N,N,Y,N,N,Y,Y,N,Y,N,N,N,N,N,N,N,N,N,Y,Y,N,Y,Y,Y,N,N,Y,Y,N,Y,N,N,Y,N,13.820,[6N 22N 26N 3Y ],14.3777,0.0404
Y,N,N,N,N,N,N,Y,Y,N,Y,N,N,Y,N,N,N,N,N,N,N,N,N,Y,Y,N,Y,Y,Y,N,N,Y,N,Y,Y,N,Y,N,N,14.845,[6N 22N 26N 3N ],14.9307,0.0058
Y,Y,Y,N,N,Y,N,Y,Y,Y,Y,Y,Y,Y,Y,Y,Y,Y,Y,Y,Y,N,Y,Y,Y,Y,N,Y,N,N,Y,Y,Y,N,Y,Y,N,N,N,14.625,[6Y ],15.0588,0.0297
Y,N,N,N,N,N,N,Y,N,N,Y,N,N,Y,N,N,N,N,Y,N,N,Y,N,Y,Y,Y,N,Y,Y,N,N,Y,Y,N,Y,N,N,N,Y,13.399,[6N 22Y 29Y ],13.8765,0.0356
Y,N,N,N,N,N,N,Y,N,N,Y,N,Y,Y,N,N,N,N,N,N,Y,N,N,Y,Y,Y,N,Y,Y,N,N,Y,Y,N,Y,N,N,Y,N,13.416,[6N 22N 26Y 10N ],13.6667,0.0187
Y,N,N,N,N,N,N,Y,N,N,Y,N,N,Y,Y,Y,N,N,N,N,N,N,N,Y,Y,Y,N,Y,N,N,Y,Y,Y,N,Y,Y,N,N,N,14.509,[6N 22N 26Y 10N ],13.6667,0.0581
Y,N,N,N,N,N,N,Y,N,Y,Y,N,N,Y,N,Y,N,N,N,N,N,N,N,Y,Y,N,Y,Y,Y,N,N,Y,Y,N,Y,N,Y,N,N,15.403,[6N 22N 26N 3N ],14.9307,0.0307
Y,N,N,N,N,N,N,Y,N,N,Y,N,N,Y,N,N,Y,N,N,N,N,N,N,Y,Y,Y,N,Y,N,Y,N,Y,Y,N,Y,N,N,N,Y,13.073,[6N 22N 26Y 10N ],13.6667,0.0454
Y,Y,Y,N,N,N,Y,Y,Y,Y,Y,N,Y,Y,Y,Y,Y,Y,Y,Y,Y,Y,Y,Y,Y,N,Y,Y,N,N,Y,Y,Y,N,Y,N,N,N,Y,13.931,[6N 22Y 29N ],13.7242,0.0148
Y,N,N,N,N,N,N,Y,N,N,Y,Y,N,Y,N,N,N,Y,N,N,N,N,N,Y,Y,Y,N,Y,N,N,Y,Y,Y,N,Y,Y,N,N,N,13.597,[6N 22N 26Y 10N ],13.6667,0.0051
Y,N,N,N,N,N,N,Y,N,Y,Y,N,N,Y,N,N,N,N,N,Y,Y,N,N,Y,Y,Y,N,Y,Y,N,N,Y,Y,N,Y,Y,N,N,N,14.338,[6N 22N 26Y 10Y ],14.5610,0.0156
Y,N,N,N,N,N,N,Y,N,N,Y,N,N,Y,Y,N,N,Y,N,N,N,N,Y,Y,Y,N,Y,Y,Y,N,N,Y,Y,N,Y,Y,N,N,N,13.631,[6N 22N 26N 3N ],14.9307,0.0953
Y,N,N,N,N,N,N,Y,N,Y,Y,N,Y,Y,N,N,N,N,N,N,N,N,N,Y,Y,N,Y,Y,N,Y,N,Y,Y,N,Y,Y,N,N,N,14.315,[6N 22N 26N 3N ],14.9307,0.0430
Y,N,N,N,N,N,N,Y,Y,N,Y,N,N,Y,N,N,N,Y,Y,N,N,N,N,Y,Y,N,Y,Y,Y,N,N,Y,Y,N,Y,Y,N,N,N,14.552,[6N 22N 26N 3N ],14.9307,0.0260
Y,N,N,N,N,N,N,Y,N,N,Y,N,N,Y,Y,N,N,N,N,Y,N,Y,N,Y,Y,N,Y,Y,Y,N,N,Y,Y,N,Y,Y,N,N,N,13.211,[6N 22Y 29Y ],13.8765,0.0504
Y,Y,Y,N,N,Y,N,Y,Y,Y,Y,Y,Y,Y,Y,Y,Y,N,Y,Y,Y,Y,Y,Y,Y,N,Y,Y,Y,N,N,Y,N,Y,Y,N,N,Y,N,14.298,[6Y ],15.0588,0.0532
Y,Y,Y,Y,N,N,N,Y,Y,Y,Y,Y,Y,Y,Y,Y,N,Y,Y,Y,Y,Y,Y,Y,Y,Y,N,Y,N,N,Y,Y,Y,N,Y,Y,N,N,N,13.314,[6N 22Y 29N ],13.7242,0.0308
Y,Y,Y,N,Y,N,N,Y,Y,Y,Y,Y,Y,Y,Y,N,Y,Y,Y,Y,Y,Y,Y,Y,Y,N,Y,Y,N,N,Y,Y,Y,N,Y,N,N,N,Y,13.760,[6N 22Y 29N ],13.7242,0.0026
Y,Y,Y,Y,N,N,N,Y,Y,N,Y,N,N,Y,N,N,N,N,N,N,N,N,N,Y,Y,Y,N,Y,Y,N,N,Y,Y,N,Y,Y,N,N,N,14.282,[6N 22N 26Y 10N ],13.6667,0.0431
Y,N,Y,N,N,Y,N,Y,N,N,Y,Y,N,Y,N,N,N,N,N,N,N,N,N,Y,Y,Y,N,Y,Y,N,N,Y,Y,N,Y,N,Y,N,N,15.743,[6Y ],15.0588,0.0435
Y,N,N,N,N,N,N,Y,N,N,Y,N,Y,Y,N,N,N,N,N,N,N,Y,N,Y,Y,Y,N,Y,Y,N,N,Y,Y,N,Y,N,N,N,Y,14.134,[6N 22Y 29Y ],13.8765,0.0182
Y,Y,Y,N,N,Y,N,Y,N,Y,Y,Y,Y,Y,Y,Y,Y,Y,Y,Y,Y,Y,Y,Y,Y,N,Y,Y,Y,N,N,Y,N,Y,Y,N,N,Y,N,13.883,[6Y ],15.0588,0.0847
Y,N,N,N,N,N,N,Y,N,N,Y,N,Y,Y,Y,N,N,N,N,N,N,N,N,Y,Y,N,Y,Y,Y,N,N,Y,Y,N,Y,Y,N,N,N,13.572,[6N 22N 26N 3N ],14.9307,0.1001
Y,Y,Y,Y,N,N,N,Y,Y,Y,Y,Y,N,Y,Y,Y,Y,Y,Y,Y,Y,Y,Y,Y,Y,N,Y,Y,N,Y,N,Y,N,Y,Y,N,N,N,Y,14.623,[6N 22Y 29N ],13.7242,0.0615
Y,N,N,N,N,N,N,Y,Y,N,Y,N,N,Y,N,N,N,Y,N,N,Y,N,N,Y,Y,N,Y,Y,Y,N,N,Y,Y,N,Y,Y,N,N,N,14.905,[6N 22N 26N 3N ],14.9307,0.0017
Y,N,N,N,N,N,N,Y,N,Y,Y,N,N,Y,N,N,N,N,N,N,Y,Y,N,Y,Y,Y,N,Y,Y,N,N,Y,Y,N,Y,Y,N,N,N,14.001,[6N 22Y 29Y ],13.8765,0.0089
Y,N,Y,N,N,N,Y,Y,N,N,Y,N,N,Y,N,N,N,N,N,N,N,Y,N,Y,Y,N,Y,Y,N,N,Y,Y,Y,N,Y,N,N,Y,N,13.804,[6N 22Y 29N ],13.7242,0.0058
Y,Y,N,N,N,N,N,Y,N,N,Y,N,N,Y,N,N,N,N,N,N,N,N,N,Y,Y,Y,N,Y,N,Y,N,Y,Y,N,Y,N,N,Y,N,13.291,[6N 22N 26Y 10N ],13.6667,0.0283
Y,N,N,N,N,N,N,Y,N,Y,Y,N,N,Y,N,Y,Y,N,N,N,N,N,N,Y,Y,N,Y,Y,Y,N,N,Y,Y,N,Y,Y,N,N,N,15.230,[6N 22N 26N 3N ],14.9307,0.0197
Y,Y,N,N,N,N,N,Y,N,N,Y,Y,N,Y,N,N,Y,N,N,N,N,N,N,Y,Y,Y,N,Y,Y,N,N,Y,Y,N,Y,Y,N,N,N,14.495,[6N 22N 26Y 10N ],13.6667,0.0571
Y,N,Y,Y,N,N,N,Y,N,N,Y,Y,N,Y,N,N,N,N,N,N,N,N,N,Y,Y,N,Y,Y,Y,N,N,Y,N,Y,Y,Y,N,N,N,13.768,[6N 22N 26N 3Y ],14.3777,0.0443
Y,Y,N,N,N,N,N,Y,Y,Y,Y,Y,Y,Y,Y,Y,Y,Y,Y,Y,Y,Y,Y,Y,Y,Y,N,Y,N,N,Y,Y,Y,N,Y,Y,N,N,N,14.722,[6N 22Y 29N ],13.7242,0.0678
Y,N,Y,N,Y,N,N,Y,N,N,Y,N,N,Y,N,N,N,N,N,Y,N,N,N,Y,Y,Y,N,Y,Y,N,N,Y,Y,N,Y,N,N,Y,N,15.829,[6N 22N 26Y 10N ],13.6667,0.1366
Y,N,N,N,N,N,N,Y,N,Y,Y,N,N,Y,N,N,N,N,N,Y,N,N,N,Y,Y,N,Y,Y,Y,N,N,Y,Y,N,Y,N,N,Y,N,14.416,[6N 22N 26N 3N ],14.9307,0.0357
Y,N,N,N,N,N,N,Y,Y,N,Y,N,Y,Y,N,N,N,Y,N,N,N,N,N,Y,Y,N,Y,Y,Y,N,N,Y,Y,N,Y,Y,N,N,N,14.687,[6N 22N 26N 3N ],14.9307,0.0166
Y,N,N,N,N,N,N,Y,Y,N,Y,N,N,Y,N,N,N,N,N,N,N,Y,N,Y,Y,Y,N,Y,Y,N,N,Y,Y,N,Y,N,Y,N,N,13.588,[6N 22Y 29Y ],13.8765,0.0212
Y,N,N,N,N,N,N,Y,N,N,Y,N,N,Y,N,Y,N,N,N,N,Y,N,Y,Y,Y,Y,N,Y,Y,N,N,Y,Y,N,Y,Y,N,N,N,13.630,[6N 22N 26Y 10N ],13.6667,0.0027
Y,N,N,N,N,N,N,Y,N,N,Y,N,N,Y,N,N,N,N,N,Y,Y,N,N,Y,Y,N,Y,Y,Y,N,N,Y,Y,N,Y,N,Y,N,N,15.162,[6N 22N 26N 3N ],14.9307,0.0153
Y,N,Y,N,N,N,Y,Y,N,N,Y,N,N,Y,N,N,N,N,N,N,N,N,Y,Y,Y,N,Y,Y,Y,N,N,Y,Y,N,Y,N,N,Y,N,14.417,[6N 22N 26N 3Y ],14.3777,0.0027
Y,N,N,N,N,N,N,Y,N,N,Y,N,N,Y,N,N,N,N,Y,N,Y,N,N,Y,Y,N,Y,Y,N,N,Y,Y,Y,N,Y,Y,N,N,N,14.013,[6N 22N 26N 3N ],14.9307,0.0655
Y,N,N,N,N,N,N,Y,N,N,Y,N,N,Y,N,N,Y,N,N,N,Y,N,N,Y,Y,N,Y,Y,Y,N,N,Y,N,Y,Y,Y,N,N,N,15.276,[6N 22N 26N 3N ],14.9307,0.0226
Y,N,N,N,N,N,N,Y,N,N,Y,Y,N,Y,N,N,N,N,N,Y,N,N,Y,Y,Y,N,Y,Y,Y,N,N,Y,Y,N,Y,Y,N,N,N,13.170,[6N 22N 26N 3N ],14.9307,0.1337
Y,N,N,N,N,N,N,Y,N,N,Y,N,N,Y,N,N,N,N,N,N,N,N,N,Y,Y,Y,N,Y,Y,N,N,Y,N,Y,Y,Y,N,N,N,14.925,[6N 22N 26Y 10N ],13.6667,0.0843
Y,Y,Y,N,N,N,Y,Y,N,N,Y,N,N,Y,N,N,N,N,N,N,N,N,N,Y,Y,Y,N,Y,N,N,Y,Y,Y,N,Y,Y,N,N,N,15.376,[6N 22N 26Y 10N ],13.6667,0.1112
Y,Y,N,N,N,N,N,Y,Y,N,Y,N,N,Y,N,N,Y,N,N,N,N,N,N,Y,Y,N,Y,Y,Y,N,N,Y,Y,N,Y,Y,N,N,N,14.962,[6N 22N 26N 3N ],14.9307,0.0021
Y,N,Y,Y,N,N,N,Y,N,N,Y,Y,N,Y,N,N,N,N,N,N,N,N,Y,Y,Y,N,Y,Y,Y,N,N,Y,Y,N,Y,Y,N,N,N,15.629,[6N 22N 26N 3Y ],14.3777,0.0801
Y,N,N,N,N,N,N,Y,N,N,Y,Y,N,Y,N,N,N,N,Y,Y,N,N,N,Y,Y,Y,N,Y,Y,N,N,Y,Y,N,Y,Y,N,N,N,14.963,[6N 22N 26Y 10N ],13.6667,0.0866
Y,N,Y,N,Y,N,N,Y,N,N,Y,N,N,Y,Y,N,N,N,N,N,N,N,N,Y,Y,Y,N,Y,N,N,Y,Y,Y,N,Y,Y,N,N,N,14.681,[6N 22N 26Y 10N ],13.6667,0.0691
Y,N,N,N,N,N,N,Y,N,N,Y,N,Y,Y,N,N,N,N,N,N,N,N,N,Y,Y,Y,N,Y,Y,N,N,Y,N,Y,Y,N,N,N,Y,13.984,[6N 22N 26Y 10N ],13.6667,0.0227
Y,N,Y,N,Y,N,N,Y,N,N,Y,N,N,Y,N,N,N,N,N,N,N,N,N,Y,Y,N,Y,Y,Y,N,N,Y,N,Y,Y,N,N,Y,N,14.017,[6N 22N 26N 3Y ],14.3777,0.0257
Y,N,N,N,N,N,N,Y,N,N,Y,N,N,Y,Y,N,N,N,N,N,N,N,Y,Y,Y,N,Y,Y,Y,N,N,Y,Y,N,Y,N,Y,N,N,15.708,[6N 22N 26N 3N ],14.9307,0.0495
Y,N,N,N,N,N,N,Y,N,Y,Y,N,N,Y,N,N,N,N,Y,N,Y,N,N,Y,Y,Y,N,Y,Y,N,N,Y,Y,N,Y,Y,N,N,N,14.261,[6N 22N 26Y 10Y ],14.5610,0.0210
Y,N,N,N,N,N,N,Y,N,N,Y,N,N,Y,N,N,N,Y,N,N,N,Y,N,Y,Y,Y,N,Y,Y,N,N,Y,N,Y,Y,Y,N,N,N,13.523,[6N 22Y 29Y ],13.8765,0.0261
Y,N,N,N,N,N,N,Y,N,Y,Y,N,N,Y,N,N,N,N,N,N,N,Y,Y,Y,Y,Y,N,Y,Y,N,N,Y,Y,N,Y,Y,N,N,N,14.667,[6N 22Y 29Y ],13.8765,0.0539
Y,N,N,N,N,N,N,Y,Y,Y,Y,N,N,Y,N,N,N,Y,N,N,N,N,N,Y,Y,N,Y,Y,Y,N,N,Y,Y,N,Y,Y,N,N,N,14.339,[6N 22N 26N 3N ],14.9307,0.0413
Y,Y,N,N,N,N,N,Y,N,N,Y,N,N,Y,N,N,N,N,N,N,N,N,N,Y,Y,N,Y,Y,Y,N,N,Y,Y,N,Y,N,N,N,Y,13.506,[6N 22N 26N 3N ],14.9307,0.1055
Y,N,N,N,N,N,N,Y,N,N,Y,Y,Y,Y,N,Y,N,N,N,N,N,N,N,Y,Y,Y,N,Y,Y,N,N,Y,Y,N,Y,Y,N,N,N,14.319,[6N 22N 26Y 10N ],13.6667,0.0456
Y,N,N,N,N,N,N,Y,N,Y,Y,N,N,Y,N,N,N,N,N,N,N,N,Y,Y,Y,N,Y,Y,Y,N,N,Y,Y,N,Y,Y,N,N,N,13.578,[6N 22N 26N 3N ],14.9307,0.0996
Y,N,N,N,N,N,N,Y,N,N,Y,N,N,Y,Y,N,N,N,N,N,N,N,N,Y,Y,N,Y,Y,N,N,Y,Y,N,Y,Y,Y,N,N,N,14.686,[6N 22N 26N 3N ],14.9307,0.0167
Y,N,N,N,N,N,N,Y,Y,N,Y,N,N,Y,Y,N,N,N,N,N,N,N,N,Y,Y,N,Y,Y,N,Y,N,Y,Y,N,Y,Y,N,N,N,14.184,[6N 22N 26N 3N ],14.9307,0.0526
Y,Y,Y,N,N,N,Y,Y,Y,Y,Y,Y,Y,Y,Y,Y,Y,Y,N,Y,Y,Y,Y,Y,Y,Y,N,Y,N,N,Y,Y,Y,N,Y,N,Y,N,N,13.424,[6N 22Y 29N ],13.7242,0.0224
Y,Y,N,N,N,N,N,Y,N,N,Y,N,N,Y,N,Y,Y,N,N,N,N,N,N,Y,Y,N,Y,Y,Y,N,N,Y,Y,N,Y,Y,N,N,N,15.463,[6N 22N 26N 3N ],14.9307,0.0344
Y,Y,Y,Y,N,N,N,Y,Y,Y,Y,Y,Y,Y,Y,Y,Y,Y,N,Y,Y,Y,Y,Y,Y,N,Y,Y,N,Y,N,Y,N,Y,Y,N,N,N,Y,15.577,[6N 22Y 29N ],13.7242,0.1189
Y,N,N,N,N,N,N,Y,N,N,Y,Y,N,Y,N,N,N,N,Y,N,N,N,N,Y,Y,N,Y,Y,Y,N,N,Y,Y,N,Y,N,N,N,Y,14.052,[6N 22N 26N 3N ],14.9307,0.0625
Y,N,Y,Y,N,N,N,Y,N,N,Y,N,N,Y,N,N,N,N,N,N,N,N,N,Y,Y,Y,N,Y,Y,N,N,Y,Y,N,Y,N,N,N,Y,15.307,[6N 22N 26Y 10N ],13.6667,0.1072
Y,Y,Y,N,Y,N,N,Y,Y,Y,Y,Y,Y,Y,Y,Y,Y,Y,Y,Y,Y,Y,N,Y,Y,Y,N,Y,N,N,Y,Y,Y,N,Y,N,N,Y,N,14.894,[6N 22Y 29N ],13.7242,0.0785
Y,N,N,N,N,N,N,Y,N,N,Y,N,N,Y,N,Y,Y,N,Y,N,N,N,N,Y,Y,N,Y,Y,Y,N,N,Y,Y,N,Y,Y,N,N,N,14.036,[6N 22N 26N 3N ],14.9307,0.0637
Y,N,Y,N,Y,N,N,Y,N,N,Y,Y,N,Y,N,N,N,N,N,N,N,N,N,Y,Y,N,Y,Y,N,Y,N,Y,Y,N,Y,Y,N,N,N,14.108,[6N 22N 26N 3Y ],14.3777,0.0191
Y,N,Y,N,N,N,Y,Y,N,Y,Y,N,N,Y,N,N,N,N,N,N,N,N,N,Y,Y,N,Y,Y,Y,N,N,Y,Y,N,Y,Y,N,N,N,14.570,[6N 22N 26N 3Y ],14.3777,0.0132
Y,Y,Y,N,N,N,Y,Y,Y,Y,Y,Y,Y,Y,Y,Y,Y,Y,Y,Y,Y,N,Y,Y,Y,N,Y,Y,N,N,Y,Y,Y,N,Y,N,N,N,Y,14.170,[6N 22N 26N 3Y ],14.3777,0.0147
Y,N,Y,N,Y,N,N,Y,N,N,Y,N,N,Y,Y,N,N,N,N,N,N,N,N,Y,Y,N,Y,Y,Y,N,N,Y,Y,N,Y,N,Y,N,N,14.171,[6N 22N 26N 3Y ],14.3777,0.0146
Y,N,Y,N,N,N,Y,Y,N,N,Y,N,N,Y,N,N,N,N,N,N,N,N,N,Y,Y,N,Y,Y,Y,N,N,Y,Y,N,Y,N,N,N,Y,14.764,[6N 22N 26N 3Y ],14.3777,0.0262
Y,Y,Y,N,N,N,Y,Y,N,N,Y,N,N,Y,N,N,N,N,N,N,Y,N,N,Y,Y,N,Y,Y,Y,N,N,Y,Y,N,Y,Y,N,N,N,14.077,[6N 22N 26N 3Y ],14.3777,0.0214
Y,N,Y,N,N,N,Y,Y,N,N,Y,N,N,Y,N,N,N,N,N,Y,N,N,N,Y,Y,Y,N,Y,Y,N,N,Y,Y,N,Y,N,N,Y,N,16.124,[6N 22N 26Y 10N ],13.6667,0.1524
Y,Y,N,N,N,N,N,Y,N,N,Y,N,N,Y,N,N,Y,N,N,N,N,N,N,Y,Y,Y,N,Y,N,N,Y,Y,Y,N,Y,Y,N,N,N,13.395,[6N 22N 26Y 10N ],13.6667,0.0203
Y,N,Y,N,Y,N,N,Y,N,N,Y,Y,N,Y,N,N,N,N,N,Y,N,N,N,Y,Y,N,Y,Y,Y,N,N,Y,Y,N,Y,Y,N,N,N,14.153,[6N 22N 26N 3Y ],14.3777,0.0159
Y,N,Y,N,N,Y,N,Y,N,N,Y,N,N,Y,N,Y,N,N,N,N,Y,N,N,Y,Y,Y,N,Y,Y,N,N,Y,Y,N,Y,Y,N,N,N,15.566,[6Y ],15.0588,0.0326
Y,N,N,N,N,N,N,Y,N,Y,Y,N,N,Y,Y,N,N,N,N,N,N,Y,N,Y,Y,N,Y,Y,Y,N,N,Y,Y,N,Y,Y,N,N,N,14.329,[6N 22Y 29Y ],13.8765,0.0316
Y,N,Y,N,N,N,Y,Y,N,N,Y,N,N,Y,N,N,Y,N,N,N,N,N,N,Y,Y,Y,N,Y,N,N,Y,Y,Y,N,Y,N,N,Y,N,13.536,[6N 22N 26Y 10N ],13.6667,0.0097
Y,N,N,N,N,N,N,Y,N,N,Y,N,N,Y,N,N,N,N,N,N,N,N,N,Y,Y,N,Y,Y,Y,N,N,Y,Y,N,Y,N,N,Y,N,14.969,[6N 22N 26N 3N ],14.9307,0.0026
Y,N,N,N,N,N,N,Y,N,N,Y,N,N,Y,Y,N,N,N,N,N,Y,N,Y,Y,Y,Y,N,Y,Y,N,N,Y,Y,N,Y,Y,N,N,N,14.147,[6N 22N 26Y 10N ],13.6667,0.0340
Y,N,N,N,N,N,N,Y,N,N,Y,N,N,Y,N,N,N,N,N,N,N,Y,N,Y,Y,N,Y,Y,N,N,Y,Y,Y,N,Y,N,Y,N,N,15.314,[6N 22Y 29N ],13.7242,0.1038
Y,Y,Y,Y,N,N,N,Y,Y,Y,Y,Y,Y,Y,Y,Y,Y,Y,Y,Y,Y,Y,N,Y,Y,Y,N,Y,N,N,Y,Y,Y,N,Y,Y,N,N,N,13.257,[6N 22Y 29N ],13.7242,0.0352
Y,N,N,N,N,N,N,Y,N,N,Y,N,N,Y,N,N,N,N,N,Y,Y,N,N,Y,Y,Y,N,Y,Y,N,N,Y,Y,N,Y,N,N,N,Y,13.342,[6N 22N 26Y 10N ],13.6667,0.0243
Y,N,N,N,N,N,N,Y,N,N,Y,Y,N,Y,N,N,N,N,N,N,N,N,N,Y,Y,N,Y,Y,Y,N,N,Y,Y,N,Y,N,N,N,Y,13.883,[6N 22N 26N 3N ],14.9307,0.0755
Y,N,N,N,N,N,N,Y,N,N,Y,N,N,Y,N,N,N,N,N,N,N,Y,N,Y,Y,N,Y,Y,N,Y,N,Y,Y,N,Y,N,N,Y,N,14.654,[6N 22Y 29N ],13.7242,0.0634
Y,N,Y,N,Y,N,N,Y,N,N,Y,N,N,Y,N,N,N,N,N,N,N,Y,N,Y,Y,Y,N,Y,N,N,Y,Y,Y,N,Y,Y,N,N,N,14.143,[6N 22Y 29N ],13.7242,0.0296
Y,N,N,N,N,N,N,Y,Y,N,Y,N,N,Y,N,N,N,Y,N,N,N,Y,N,Y,Y,Y,N,Y,Y,N,N,Y,Y,N,Y,Y,N,N,N,15.031,[6N 22Y 29Y ],13.8765,0.0768
Y,N,N,N,N,N,N,Y,N,N,Y,N,N,Y,N,N,N,N,N,Y,N,N,N,Y,Y,N,Y,Y,N,N,Y,Y,Y,N,Y,N,Y,N,N,15.183,[6N 22N 26N 3N ],14.9307,0.0166
Y,N,N,N,N,N,N,Y,N,N,Y,N,N,Y,N,N,N,Y,N,Y,Y,N,N,Y,Y,N,Y,Y,Y,N,N,Y,Y,N,Y,Y,N,N,N,13.143,[6N 22N 26N 3N ],14.9307,0.1360
Y,N,Y,N,N,N,Y,Y,Y,N,Y,N,N,Y,N,N,N,N,N,N,N,N,N,Y,Y,N,Y,Y,N,Y,N,Y,Y,N,Y,Y,N,N,N,14.942,[6N 22N 26N 3Y ],14.3777,0.0378
Y,N,Y,N,Y,N,N,Y,N,Y,Y,N,N,Y,N,N,N,N,N,N,N,Y,N,Y,Y,Y,N,Y,Y,N,N,Y,Y,N,Y,Y,N,N,N,15.585,[6N 22Y 29Y ],13.8765,0.1096
Y,Y,Y,N,N,N,Y,Y,N,Y,Y,Y,Y,Y,Y,Y,Y,Y,Y,Y,Y,Y,Y,Y,Y,Y,N,Y,N,N,Y,Y,Y,N,Y,Y,N,N,N,14.419,[6N 22Y 29N ],13.7242,0.0482
Y,Y,Y,Y,N,N,N,Y,Y,Y,Y,Y,Y,Y,N,Y,Y,Y,Y,Y,Y,Y,Y,Y,Y,Y,N,Y,N,N,Y,Y,Y,N,Y,Y,N,N,N,13.356,[6N 22Y 29N ],13.7242,0.0276
Y,N,N,N,N,N,N,Y,N,N,Y,N,N,Y,N,N,N,Y,N,Y,Y,N,N,Y,Y,Y,N,Y,Y,N,N,Y,Y,N,Y,Y,N,N,N,13.772,[6N 22N 26Y 10N ],13.6667,0.0076
Y,N,N,N,N,N,N,Y,N,N,Y,N,Y,Y,N,N,N,N,Y,N,N,N,N,Y,Y,N,Y,Y,Y,N,N,Y,N,Y,Y,Y,N,N,N,15.188,[6N 22N 26N 3N ],14.9307,0.0169
Y,N,Y,N,N,N,Y,Y,N,N,Y,N,N,Y,Y,N,N,N,N,N,N,N,N,Y,Y,N,Y,Y,Y,N,N,Y,Y,N,Y,N,Y,N,N,13.657,[6N 22N 26N 3Y ],14.3777,0.0528
Y,N,N,N,N,N,N,Y,Y,N,Y,N,N,Y,N,Y,N,N,N,N,N,N,N,Y,Y,Y,N,Y,N,N,Y,Y,Y,N,Y,Y,N,N,N,13.493,[6N 22N 26Y 10N ],13.6667,0.0129
Y,N,N,N,N,N,N,Y,N,Y,Y,N,Y,Y,N,N,N,N,N,Y,N,N,N,Y,Y,N,Y,Y,Y,N,N,Y,Y,N,Y,Y,N,N,N,15.956,[6N 22N 26N 3N ],14.9307,0.0643
Y,N,N,N,N,N,N,Y,N,N,Y,N,N,Y,Y,N,N,N,N,N,N,N,N,Y,Y,N,Y,Y,Y,N,N,Y,Y,N,Y,N,N,N,Y,13.356,[6N 22N 26N 3N ],14.9307,0.1179
Y,N,Y,Y,N,N,N,Y,N,N,Y,N,Y,Y,N,N,N,N,N,N,N,N,Y,Y,Y,Y,N,Y,Y,N,N,Y,Y,N,Y,Y,N,N,N,14.250,[6N 22N 26Y 10N ],13.6667,0.0409
Y,N,N,N,N,N,N,Y,N,Y,Y,N,N,Y,N,N,N,N,N,N,N,Y,N,Y,Y,N,Y,Y,Y,N,N,Y,Y,N,Y,N,Y,N,N,15.604,[6N 22Y 29Y ],13.8765,0.1107
Y,N,Y,N,N,N,Y,Y,N,N,Y,N,N,Y,N,N,N,N,Y,N,N,N,Y,Y,Y,Y,N,Y,Y,N,N,Y,Y,N,Y,Y,N,N,N,15.879,[6N 22N 26Y 10N ],13.6667,0.1393
Y,N,N,N,N,N,N,Y,Y,N,Y,N,Y,Y,N,N,N,N,N,N,N,N,N,Y,Y,Y,N,Y,N,N,Y,Y,Y,N,Y,Y,N,N,N,13.387,[6N 22N 26Y 10N ],13.6667,0.0209
Y,N,Y,Y,N,N,N,Y,N,N,Y,N,N,Y,Y,N,N,N,N,Y,N,N,N,Y,Y,Y,N,Y,Y,N,N,Y,Y,N,Y,Y,N,N,N,14.286,[6N 22N 26Y 10N ],13.6667,0.0434
Y,N,Y,N,Y,N,N,Y,Y,N,Y,N,N,Y,N,N,N,N,N,N,Y,N,N,Y,Y,Y,N,Y,Y,N,N,Y,Y,N,Y,Y,N,N,N,16.207,[6N 22N 26Y 10N ],13.6667,0.1567
Y,N,N,N,N,N,N,Y,N,Y,Y,N,N,Y,Y,N,Y,N,N,N,N,N,N,Y,Y,N,Y,Y,Y,N,N,Y,Y,N,Y,Y,N,N,N,15.789,[6N 22N 26N 3N ],14.9307,0.0544
Y,N,Y,N,N,N,Y,Y,N,N,Y,N,N,Y,N,N,N,Y,N,N,N,N,N,Y,Y,N,Y,Y,N,N,Y,Y,Y,N,Y,Y,N,N,N,14.192,[6N 22N 26N 3Y ],14.3777,0.0131
Y,Y,Y,N,Y,N,N,Y,Y,Y,Y,Y,N,Y,Y,Y,Y,Y,Y,Y,Y,Y,Y,Y,Y,Y,N,Y,N,N,Y,Y,Y,N,Y,Y,N,N,N,14.249,[6N 22Y 29N ],13.7242,0.0368
N,N,N,N,N,N,N,N,N,N,N,N,N,N,Y,N,N,N,N,N,N,N,N,N,N,Y,N,N,Y,N,N,N,Y,N,Y,Y,N,N,N,14.167,[6N 22N 26Y 10N ],13.6667,0.0353
Y,N,Y,N,N,Y,N,Y,N,Y,Y,N,N,Y,N,N,N,N,N,N,Y,N,N,Y,Y,N,Y,Y,Y,N,N,Y,Y,N,Y,Y,N,N,N,15.369,[6Y ],15.0588,0.0202
Y,Y,Y,N,Y,N,N,Y,Y,Y,Y,Y,Y,Y,Y,Y,Y,N,Y,Y,Y,Y,Y,Y,Y,N,Y,Y,N,N,Y,Y,Y,N,Y,N,N,N,Y,14.199,[6N 22Y 29N ],13.7242,0.0334
Y,N,Y,N,Y,N,N,Y,N,N,Y,N,N,Y,Y,N,Y,N,N,N,N,N,N,Y,Y,N,Y,Y,Y,N,N,Y,Y,N,Y,Y,N,N,N,15.248,[6N 22N 26N 3Y ],14.3777,0.0571
Y,N,N,N,N,N,N,Y,N,N,Y,N,N,Y,N,N,N,N,Y,N,N,Y,N,Y,Y,Y,N,Y,N,Y,N,Y,Y,N,Y,Y,N,N,N,14.087,[6N 22Y 29N ],13.7242,0.0258
Y,Y,Y,N,N,Y,N,Y,Y,Y,Y,Y,Y,Y,Y,Y,Y,Y,Y,Y,Y,N,Y,Y,Y,N,Y,Y,N,N,Y,Y,Y,N,Y,N,N,N,Y,14.765,[6Y ],15.0588,0.0199
Y,N,N,N,N,N,N,Y,N,N,Y,N,N,Y,Y,N,N,N,N,N,N,N,N,Y,Y,N,Y,Y,N,N,Y,Y,Y,N,Y,N,N,Y,N,14.888,[6N 22N 26N 3N ],14.9307,0.0029
Y,N,N,N,N,N,N,Y,N,N,Y,Y,N,Y,Y,N,N,N,N,N,N,N,N,Y,Y,N,Y,Y,Y,N,N,Y,N,Y,Y,Y,N,N,N,14.801,[6N 22N 26N 3N ],14.9307,0.0088
Y,Y,Y,N,Y,N,N,Y,Y,Y,Y,Y,Y,Y,Y,Y,Y,Y,Y,Y,Y,Y,Y,Y,Y,N,Y,Y,N,N,Y,Y,Y,N,Y,N,N,N,Y,15.331,[6N 22Y 29N ],13.7242,0.1048
Y,Y,Y,N,N,N,Y,Y,Y,Y,Y,Y,Y,Y,Y,Y,Y,Y,Y,Y,N,Y,Y,Y,Y,N,Y,Y,Y,N,N,Y,Y,N,Y,Y,N,N,N,14.337,[6N 22Y 29Y ],13.8765,0.0321
Y,N,Y,N,Y,N,N,Y,N,N,Y,N,Y,Y,N,N,N,N,N,N,N,Y,N,Y,Y,Y,N,Y,Y,N,N,Y,Y,N,Y,Y,N,N,N,16.182,[6N 22Y 29Y ],13.8765,0.1425
Y,Y,N,N,N,N,N,Y,N,N,Y,N,N,Y,N,N,N,N,Y,Y,N,N,N,Y,Y,N,Y,Y,Y,N,N,Y,Y,N,Y,Y,N,N,N,14.844,[6N 22N 26N 3N ],14.9307,0.0058
Y,N,Y,N,N,Y,N,Y,N,N,Y,N,N,Y,N,N,N,Y,N,N,N,N,N,Y,Y,Y,N,Y,Y,N,N,Y,Y,N,Y,Y,N,N,N,14.340,[6Y ],15.0588,0.0501
Y,Y,Y,N,Y,N,N,Y,Y,Y,Y,Y,Y,Y,Y,N,Y,Y,Y,Y,Y,Y,Y,Y,Y,N,Y,Y,N,Y,N,Y,N,Y,Y,N,N,N,Y,13.802,[6N 22Y 29N ],13.7242,0.0056
Y,N,Y,N,N,Y,N,Y,N,N,Y,N,N,Y,N,N,N,N,N,N,N,N,N,Y,Y,Y,N,Y,N,N,Y,Y,Y,N,Y,N,N,Y,N,15.059,[6Y ],15.0588,0.0000
Y,Y,Y,Y,N,N,N,Y,Y,Y,Y,Y,N,Y,Y,Y,Y,Y,Y,Y,Y,Y,Y,Y,Y,Y,N,Y,N,N,Y,Y,Y,N,Y,Y,N,N,N,13.712,[6N 22Y 29N ],13.7242,0.0009
Y,N,N,N,N,N,N,Y,Y,N,Y,N,N,Y,N,N,Y,N,N,N,N,N,Y,Y,Y,N,Y,Y,Y,N,N,Y,Y,N,Y,Y,N,N,N,14.520,[6N 22N 26N 3N ],14.9307,0.0283
Y,N,Y,Y,N,N,N,Y,N,N,Y,N,Y,Y,N,N,N,N,N,N,Y,N,N,Y,Y,Y,N,Y,Y,N,N,Y,Y,N,Y,Y,N,N,N,14.005,[6N 22N 26Y 10N ],13.6667,0.0242
Y,N,N,N,N,N,N,Y,Y,N,Y,N,N,Y,N,N,N,N,N,N,N,Y,N,Y,Y,N,Y,Y,Y,N,N,Y,Y,N,Y,Y,N,N,N,13.946,[6N 22Y 29Y ],13.8765,0.0050
Y,N,N,N,N,N,N,Y,Y,N,Y,N,N,Y,N,N,N,N,N,Y,N,N,N,Y,Y,Y,N,Y,N,N,Y,Y,Y,N,Y,Y,N,N,N,13.768,[6N 22N 26Y 10N ],13.6667,0.0074
Y,N,N,N,N,N,N,Y,Y,N,Y,N,N,Y,Y,N,N,N,N,N,N,N,Y,Y,Y,Y,N,Y,Y,N,N,Y,Y,N,Y,Y,N,N,N,15.053,[6N 22N 26Y 10N ],13.6667,0.0921
Y,N,Y,N,N,N,Y,Y,N,Y,Y,N,N,Y,N,N,N,N,N,N,N,Y,N,Y,Y,N,Y,Y,Y,N,N,Y,Y,N,Y,Y,N,N,N,13.863,[6N 22Y 29Y ],13.8765,0.0010
Y,Y,Y,N,Y,N,N,Y,Y,Y,Y,Y,Y,Y,Y,N,Y,Y,Y,Y,Y,Y,Y,Y,Y,Y,N,Y,N,N,Y,Y,Y,N,Y,N,N,Y,N,14.781,[6N 22Y 29N ],13.7242,0.0715
Y,N,N,N,N,N,N,Y,N,N,Y,N,Y,Y,N,N,N,N,N,N,N,Y,Y,Y,Y,Y,N,Y,Y,N,N,Y,Y,N,Y,Y,N,N,N,13.615,[6N 22Y 29Y ],13.8765,0.0192
Y,N,Y,N,N,Y,N,Y,N,N,Y,N,N,Y,N,Y,N,N,N,N,N,N,N,Y,Y,N,Y,Y,N,N,Y,Y,Y,N,Y,Y,N,N,N,15.578,[6Y ],15.0588,0.0333
Y,N,N,N,N,N,N,Y,Y,N,Y,N,N,Y,N,N,N,N,Y,N,N,N,N,Y,Y,Y,N,Y,Y,N,N,Y,Y,N,Y,N,N,Y,N,13.391,[6N 22N 26Y 10N ],13.6667,0.0206
Y,N,N,N,N,N,N,Y,N,N,Y,N,N,Y,N,N,N,Y,N,N,N,Y,Y,Y,Y,Y,N,Y,Y,N,N,Y,Y,N,Y,Y,N,N,N,14.103,[6N 22Y 29Y ],13.8765,0.0161
Y,N,N,N,N,N,N,Y,N,N,Y,N,Y,Y,N,N,N,Y,N,Y,N,N,N,Y,Y,Y,N,Y,Y,N,N,Y,Y,N,Y,Y,N,N,N,13.823,[6N 22N 26Y 10N ],13.6667,0.0113
Y,N,Y,N,Y,N,N,Y,N,N,Y,N,N,Y,Y,N,N,N,N,N,N,Y,N,Y,Y,Y,N,Y,Y,N,N,Y,Y,N,Y,Y,N,N,N,15.941,[6N 22Y 29Y ],13.8765,0.1295
Y,N,N,N,N,N,N,Y,N,N,Y,Y,N,Y,N,N,N,N,N,Y,N,N,Y,Y,Y,Y,N,Y,Y,N,N,Y,Y,N,Y,Y,N,N,N,14.461,[6N 22N 26Y 10N ],13.6667,0.0549
Y,N,N,N,N,N,N,Y,N,N,Y,Y,N,Y,N,Y,N,N,N,N,N,N,Y,Y,Y,Y,N,Y,Y,N,N,Y,Y,N,Y,Y,N,N,N,14.865,[6N 22N 26Y 10N ],13.6667,0.0806
Y,N,N,N,N,N,N,Y,Y,N,Y,N,N,Y,N,N,N,N,N,N,N,N,Y,Y,Y,Y,N,Y,Y,N,N,Y,Y,N,Y,N,N,N,Y,13.771,[6N 22N 26Y 10N ],13.6667,0.0076
Y,N,N,N,N,N,N,Y,N,N,Y,N,N,Y,Y,N,N,Y,N,N,N,N,N,Y,Y,N,Y,Y,Y,N,N,Y,N,Y,Y,Y,N,N,N,15.093,[6N 22N 26N 3N ],14.9307,0.0108
Y,N,N,N,N,N,N,Y,N,Y,Y,N,N,Y,N,N,N,Y,N,N,N,N,N,Y,Y,Y,N,Y,N,Y,N,Y,Y,N,Y,Y,N,N,N,14.202,[6N 22N 26Y 10Y ],14.5610,0.0253
Y,N,N,N,N,N,N,Y,N,N,Y,N,N,Y,Y,N,N,N,Y,N,N,N,N,Y,Y,N,Y,Y,Y,N,N,Y,Y,N,Y,N,N,N,Y,13.852,[6N 22N 26N 3N ],14.9307,0.0779
Y,N,N,N,N,N,N,Y,N,Y,Y,Y,N,Y,N,Y,N,N,N,N,N,N,N,Y,Y,Y,N,Y,Y,N,N,Y,Y,N,Y,Y,N,N,N,14.922,[6N 22N 26Y 10Y ],14.5610,0.0242
Y,N,N,N,N,N,N,Y,N,N,Y,N,N,Y,N,N,N,N,N,N,N,N,Y,Y,Y,N,Y,Y,N,N,Y,Y,Y,N,Y,N,N,Y,N,15.259,[6N 22N 26N 3N ],14.9307,0.0215
Y,N,Y,N,N,N,Y,Y,N,N,Y,N,N,Y,N,N,N,N,N,Y,N,N,N,Y,Y,N,Y,Y,Y,N,N,Y,Y,N,Y,N,N,N,Y,13.699,[6N 22N 26N 3Y ],14.3777,0.0495
Y,N,N,N,N,N,N,Y,Y,Y,Y,N,N,Y,N,N,N,N,N,N,N,N,N,Y,Y,N,Y,Y,Y,N,N,Y,Y,N,Y,Y,N,N,N,14.799,[6N 22N 26N 3N ],14.9307,0.0089
Y,N,Y,N,N,N,Y,Y,N,N,Y,N,Y,Y,N,N,N,N,N,N,N,N,N,Y,Y,Y,N,Y,Y,N,N,Y,Y,N,Y,N,Y,N,N,15.653,[6N 22N 26Y 10N ],13.6667,0.1269
Y,N,Y,N,N,Y,N,Y,N,N,Y,N,N,Y,N,N,N,N,N,N,N,N,N,Y,Y,N,Y,Y,N,N,Y,Y,Y,N,Y,Y,N,N,N,14.877,[6Y ],15.0588,0.0122
Y,N,N,N,N,N,N,Y,N,N,Y,N,N,Y,Y,N,N,N,N,N,N,N,N,Y,Y,Y,N,Y,N,N,Y,Y,Y,N,Y,N,N,Y,N,14.133,[6N 22N 26Y 10N ],13.6667,0.0330
Y,N,Y,N,Y,N,N,Y,N,N,Y,N,N,Y,N,Y,N,N,N,N,N,N,N,Y,Y,Y,N,Y,Y,N,N,Y,Y,N,Y,N,Y,N,N,14.966,[6N 22N 26Y 10N ],13.6667,0.0868
Y,Y,Y,N,Y,N,N,Y,N,N,Y,N,N,Y,N,N,N,N,N,N,N,N,N,Y,Y,N,Y,Y,Y,N,N,Y,Y,N,Y,Y,N,N,N,14.234,[6N 22N 26N 3Y ],14.3777,0.0101
Y,N,Y,N,N,N,Y,Y,N,N,Y,N,N,Y,N,N,N,N,N,N,Y,N,Y,Y,Y,N,Y,Y,Y,N,N,Y,Y,N,Y,Y,N,N,N,13.649,[6N 22N 26N 3Y ],14.3777,0.0534
Y,N,N,N,N,N,N,Y,N,N,Y,N,N,Y,Y,N,N,N,N,N,N,N,Y,Y,Y,N,Y,Y,Y,N,N,Y,Y,N,Y,N,N,N,Y,15.447,[6N 22N 26N 3N ],14.9307,0.0334
Y,Y,N,N,N,N,N,Y,N,Y,Y,N,N,Y,N,N,Y,N,N,N,N,N,N,Y,Y,N,Y,Y,Y,N,N,Y,Y,N,Y,Y,N,N,N,14.584,[6N 22N 26N 3N ],14.9307,0.0238
Y,Y,N,N,N,N,N,Y,N,N,Y,N,N,Y,N,Y,Y,N,N,N,N,N,N,Y,Y,Y,N,Y,Y,N,N,Y,Y,N,Y,Y,N,N,N,14.563,[6N 22N 26Y 10N ],13.6667,0.0615
Y,N,Y,N,N,N,Y,Y,N,N,Y,N,N,Y,N,Y,N,N,N,N,N,N,N,Y,Y,N,Y,Y,N,Y,N,Y,Y,N,Y,N,Y,N,N,13.887,[6N 22N 26N 3Y ],14.3777,0.0353
Y,N,N,N,N,N,N,Y,N,Y,Y,N,N,Y,Y,N,N,N,N,N,N,N,N,Y,Y,Y,N,Y,N,Y,N,Y,Y,N,Y,Y,N,N,N,14.401,[6N 22N 26Y 10Y ],14.5610,0.0111
Y,N,Y,N,Y,N,N,Y,N,N,Y,N,N,Y,N,N,N,N,N,N,N,N,N,Y,Y,N,Y,Y,N,Y,N,Y,Y,N,Y,N,N,Y,N,14.480,[6N 22N 26N 3Y ],14.3777,0.0071
Y,Y,Y,Y,N,N,N,Y,Y,Y,Y,Y,Y,Y,Y,Y,Y,N,Y,Y,Y,Y,Y,Y,Y,Y,N,Y,N,N,Y,Y,Y,N,Y,Y,N,N,N,13.129,[6N 22Y 29N ],13.7242,0.0453
Y,Y,Y,N,N,N,Y,Y,Y,Y,Y,Y,Y,Y,Y,Y,Y,Y,Y,Y,Y,Y,Y,Y,Y,N,Y,Y,N,N,Y,Y,Y,N,Y,N,N,N,Y,14.925,[6N 22Y 29N ],13.7242,0.0805
Y,Y,Y,N,N,Y,N,Y,N,N,Y,N,N,Y,N,N,N,N,N,N,N,N,Y,Y,Y,N,Y,Y,Y,N,N,Y,Y,N,Y,Y,N,N,N,14.877,[6Y ],15.0588,0.0122
Y,N,N,N,N,N,N,Y,Y,N,Y,N,N,Y,N,N,N,N,Y,N,Y,N,N,Y,Y,N,Y,Y,Y,N,N,Y,Y,N,Y,Y,N,N,N,14.578,[6N 22N 26N 3N ],14.9307,0.0242
Y,N,N,N,N,N,N,Y,N,N,Y,N,N,Y,N,Y,N,N,N,N,N,N,Y,Y,Y,Y,N,Y,Y,N,N,Y,Y,N,Y,N,N,Y,N,13.613,[6N 22N 26Y 10N ],13.6667,0.0039
Y,N,Y,N,Y,N,N,Y,N,N,Y,N,N,Y,N,N,N,N,N,N,N,Y,Y,Y,Y,N,Y,Y,Y,N,N,Y,Y,N,Y,Y,N,N,N,14.761,[6N 22Y 29Y ],13.8765,0.0599
Y,N,Y,Y,N,N,N,Y,N,Y,Y,N,N,Y,N,N,N,N,Y,N,N,N,N,Y,Y,N,Y,Y,Y,N,N,Y,Y,N,Y,Y,N,N,N,14.640,[6N 22N 26N 3Y ],14.3777,0.0179
Y,N,N,N,N,N,N,Y,N,N,Y,N,N,Y,N,N,N,N,N,Y,N,Y,N,Y,Y,N,Y,Y,Y,N,N,Y,N,Y,Y,Y,N,N,N,14.738,[6N 22Y 29Y ],13.8765,0.0585
Y,N,N,N,N,N,N,Y,N,N,Y,Y,N,Y,N,N,N,N,Y,N,N,N,N,Y,Y,Y,N,Y,Y,N,N,Y,Y,N,Y,N,N,N,Y,13.888,[6N 22N 26Y 10N ],13.6667,0.0159
Y,N,Y,Y,N,N,N,Y,Y,N,Y,N,N,Y,N,N,N,Y,N,N,N,N,N,Y,Y,N,Y,Y,Y,N,N,Y,Y,N,Y,Y,N,N,N,13.224,[6N 22N 26N 3Y ],14.3777,0.0872
Y,N,N,N,N,N,N,Y,N,N,Y,N,N,Y,N,N,N,Y,N,N,N,Y,N,Y,Y,N,Y,Y,N,Y,N,Y,Y,N,Y,Y,N,N,N,15.228,[6N 22Y 29N ],13.7242,0.0987
Y,N,N,N,N,N,N,Y,N,N,Y,N,N,Y,N,N,Y,N,N,N,N,N,Y,Y,Y,N,Y,Y,Y,N,N,Y,Y,N,Y,N,N,Y,N,14.553,[6N 22N 26N 3N ],14.9307,0.0260
Y,N,N,N,N,N,N,Y,N,N,Y,Y,N,Y,Y,Y,N,N,N,N,N,N,N,Y,Y,Y,N,Y,Y,N,N,Y,Y,N,Y,Y,N,N,N,14.551,[6N 22N 26Y 10N ],13.6667,0.0608
Y,Y,Y,N,N,N,Y,Y,Y,Y,Y,Y,Y,Y,Y,Y,N,Y,Y,Y,Y,Y,Y,Y,Y,Y,N,Y,N,Y,N,Y,Y,N,Y,Y,N,N,N,13.054,[6N 22Y 29N ],13.7242,0.0513
Y,N,Y,Y,N,N,N,Y,Y,N,Y,N,N,Y,N,N,Y,N,N,N,N,N,N,Y,Y,N,Y,Y,Y,N,N,Y,Y,N,Y,Y,N,N,N,13.728,[6N 22N 26N 3Y ],14.3777,0.0473
Y,N,Y,Y,N,N,N,Y,N,N,Y,N,N,Y,N,N,Y,N,N,N,N,N,Y,Y,Y,N,Y,Y,Y,N,N,Y,Y,N,Y,Y,N,N,N,14.939,[6N 22N 26N 3Y ],14.3777,0.0376
Y,N,Y,N,Y,N,N,Y,N,N,Y,N,N,Y,N,N,N,Y,N,N,N,N,N,Y,Y,Y,N,Y,Y,N,N,Y,Y,N,Y,N,N,Y,N,15.322,[6N 22N 26Y 10N ],13.6667,0.1080
Y,N,N,N,N,N,N,Y,N,N,Y,N,Y,Y,N,N,N,N,N,Y,N,N,N,Y,Y,N,Y,Y,Y,N,N,Y,Y,N,Y,N,N,Y,N,13.959,[6N 22N 26N 3N ],14.9307,0.0696
Y,N,N,N,N,N,N,Y,N,Y,Y,N,N,Y,N,N,N,N,Y,Y,N,N,N,Y,Y,Y,N,Y,Y,N,N,Y,Y,N,Y,Y,N,N,N,14.112,[6N 22N 26Y 10Y ],14.5610,0.0318
Y,N,N,N,N,N,N,Y,N,N,Y,N,N,Y,N,N,Y,N,N,N,N,N,N,Y,Y,N,Y,Y,Y,N,N,Y,Y,N,Y,N,N,N,Y,13.511,[6N 22N 26N 3N ],14.9307,0.1051
Y,Y,N,N,N,N,N,Y,N,N,Y,N,N,Y,Y,N,N,N,N,N,N,Y,N,Y,Y,Y,N,Y,Y,N,N,Y,Y,N,Y,Y,N,N,N,15.418,[6N 22Y 29Y ],13.8765,0.1000
Y,Y,Y,N,N,N,Y,Y,N,N,Y,N,N,Y,N,N,Y,N,N,N,N,N,N,Y,Y,Y,N,Y,Y,N,N,Y,Y,N,Y,Y,N,N,N,16.368,[6N 22N 26Y 10N ],13.6667,0.1650
Y,N,N,N,N,N,N,Y,Y,Y,Y,Y,N,Y,N,N,N,N,N,N,N,N,N,Y,Y,Y,N,Y,Y,N,N,Y,Y,N,Y,Y,N,N,N,14.937,[6N 22N 26Y 10Y ],14.5610,0.0252
Y,N,Y,N,Y,N,N,Y,N,N,Y,N,N,Y,Y,N,N,N,Y,N,N,N,N,Y,Y,Y,N,Y,Y,N,N,Y,Y,N,Y,Y,N,N,N,16.037,[6N 22N 26Y 10N ],13.6667,0.1478
Y,N,N,N,N,N,N,Y,N,N,Y,N,Y,Y,N,N,N,N,N,N,N,Y,N,Y,Y,N,Y,Y,Y,N,N,Y,Y,N,Y,Y,N,N,N,13.462,[6N 22Y 29Y ],13.8765,0.0308
Y,Y,Y,N,N,N,Y,Y,N,N,Y,N,N,Y,N,N,N,N,N,N,N,N,N,Y,Y,Y,N,Y,Y,N,N,Y,Y,N,Y,N,N,N,Y,16.006,[6N 22N 26Y 10N ],13.6667,0.1462
Y,N,N,N,N,N,N,Y,N,N,Y,N,N,Y,Y,Y,N,N,Y,N,N,N,N,Y,Y,N,Y,Y,Y,N,N,Y,Y,N,Y,Y,N,N,N,14.125,[6N 22N 26N 3N ],14.9307,0.0570
Y,N,N,N,N,N,N,Y,N,Y,Y,N,N,Y,N,N,Y,Y,N,N,N,N,N,Y,Y,N,Y,Y,Y,N,N,Y,Y,N,Y,Y,N,N,N,14.532,[6N 22N 26N 3N ],14.9307,0.0274
Y,Y,Y,N,N,N,Y,Y,Y,Y,Y,Y,Y,Y,Y,Y,Y,Y,N,Y,Y,Y,Y,Y,Y,Y,N,Y,N,Y,N,Y,Y,N,Y,Y,N,N,N,12.805,[6N 22Y 29N ],13.7242,0.0718
Y,N,N,N,N,N,N,Y,N,N,Y,N,Y,Y,N,N,N,Y,N,N,N,N,Y,Y,Y,Y,N,Y,Y,N,N,Y,Y,N,Y,Y,N,N,N,13.618,[6N 22N 26Y 10N ],13.6667,0.0036
Y,N,Y,Y,N,N,N,Y,N,N,Y,N,Y,Y,N,N,N,N,N,Y,N,N,N,Y,Y,N,Y,Y,Y,N,N,Y,Y,N,Y,Y,N,N,N,15.806,[6N 22N 26N 3Y ],14.3777,0.0904
Y,Y,N,N,N,N,N,Y,N,N,Y,Y,N,Y,N,N,N,N,N,N,Y,N,N,Y,Y,N,Y,Y,Y,N,N,Y,Y,N,Y,Y,N,N,N,15.380,[6N 22N 26N 3N ],14.9307,0.0292
Y,N,Y,N,N,N,Y,Y,N,N,Y,N,N,Y,N,N,N,N,N,N,N,Y,Y,Y,Y,Y,N,Y,Y,N,N,Y,Y,N,Y,Y,N,N,N,15.979,[6N 22Y 29Y ],13.8765,0.1316
Y,Y,N,N,N,N,N,Y,N,N,Y,N,N,Y,N,N,N,N,N,N,N,N,N,Y,Y,N,Y,Y,Y,N,N,Y,Y,N,Y,Y,N,N,N,14.488,[6N 22N 26N 3N ],14.9307,0.0306
Y,N,Y,Y,N,N,N,Y,N,N,Y,N,N,Y,N,N,N,N,N,N,N,N,N,Y,Y,N,Y,Y,Y,N,N,Y,N,Y,Y,N,N,Y,N,13.491,[6N 22N 26N 3Y ],14.3777,0.0657
Y,N,Y,N,N,N,Y,Y,N,N,Y,N,N,Y,N,N,Y,N,N,N,N,N,N,Y,Y,N,Y,Y,Y,N,N,Y,Y,N,Y,N,Y,N,N,14.322,[6N 22N 26N 3Y ],14.3777,0.0039
Y,N,N,N,N,N,N,Y,N,N,Y,N,N,Y,Y,N,N,N,N,N,N,N,Y,Y,Y,Y,N,Y,N,N,Y,Y,Y,N,Y,Y,N,N,N,14.005,[6N 22N 26Y 10N ],13.6667,0.0242
Y,Y,Y,N,N,Y,N,Y,Y,Y,Y,Y,Y,Y,Y,Y,Y,Y,N,Y,Y,Y,Y,Y,Y,Y,N,Y,Y,N,N,Y,N,Y,Y,N,N,N,Y,14.094,[6Y ],15.0588,0.0685
Y,N,N,N,N,N,N,Y,N,N,Y,Y,N,Y,N,Y,N,N,N,N,N,N,N,Y,Y,N,Y,Y,Y,N,N,Y,Y,N,Y,N,N,N,Y,14.281,[6N 22N 26N 3N ],14.9307,0.0455
Y,N,N,N,N,N,N,Y,N,N,Y,N,N,Y,N,N,N,N,N,N,N,N,Y,Y,Y,N,Y,Y,N,N,Y,Y,Y,N,Y,Y,N,N,N,14.213,[6N 22N 26N 3N ],14.9307,0.0505
Y,Y,N,N,N,N,N,Y,N,N,Y,N,N,Y,N,N,N,Y,N,N,N,N,N,Y,Y,Y,N,Y,N,Y,N,Y,Y,N,Y,Y,N,N,N,13.879,[6N 22N 26Y 10N ],13.6667,0.0153
Y,N,Y,N,N,N,Y,Y,N,N,Y,N,N,Y,N,N,N,N,N,N,Y,N,N,Y,Y,N,Y,Y,Y,N,N,Y,Y,N,Y,Y,N,N,N,14.493,[6N 22N 26N 3Y ],14.3777,0.0080
Y,N,Y,Y,N,N,N,Y,N,N,Y,N,N,Y,N,N,N,N,N,N,N,N,Y,Y,Y,Y,N,Y,Y,N,N,Y,Y,N,Y,N,Y,N,N,14.100,[6N 22N 26Y 10N ],13.6667,0.0307
Y,N,N,N,N,N,N,Y,N,N,Y,N,N,Y,N,Y,N,Y,N,N,N,N,N,Y,Y,Y,N,Y,N,Y,N,Y,Y,N,Y,Y,N,N,N,14.298,[6N 22N 26Y 10N ],13.6667,0.0442
Y,N,N,N,N,N,N,Y,N,N,Y,N,N,Y,N,N,N,N,N,N,N,N,Y,Y,Y,N,Y,Y,N,Y,N,Y,Y,N,Y,N,N,Y,N,13.671,[6N 22N 26N 3N ],14.9307,0.0921
Y,Y,N,N,N,N,N,Y,N,N,Y,N,N,Y,N,N,Y,N,Y,N,N,N,N,Y,Y,N,Y,Y,Y,N,N,Y,Y,N,Y,Y,N,N,N,15.344,[6N 22N 26N 3N ],14.9307,0.0269
Y,N,Y,N,Y,N,N,Y,N,N,Y,Y,N,Y,N,N,N,N,N,N,N,N,N,Y,Y,Y,N,Y,Y,N,N,Y,Y,N,Y,N,Y,N,N,14.283,[6N 22N 26Y 10N ],13.6667,0.0432
Y,N,N,N,N,N,N,Y,N,N,Y,N,N,Y,Y,N,N,N,N,N,N,N,Y,Y,Y,Y,N,Y,Y,N,N,Y,Y,N,Y,N,Y,N,N,13.915,[6N 22N 26Y 10N ],13.6667,0.0178
Y,N,N,N,N,N,N,Y,N,N,Y,N,N,Y,N,Y,N,N,Y,N,N,N,N,Y,Y,N,Y,Y,Y,N,N,Y,Y,N,Y,N,Y,N,N,15.233,[6N 22N 26N 3N ],14.9307,0.0198
Y,N,N,N,N,N,N,Y,Y,N,Y,N,N,Y,N,N,N,N,N,N,N,N,N,Y,Y,Y,N,Y,N,N,Y,Y,N,Y,Y,Y,N,N,N,14.038,[6N 22N 26Y 10N ],13.6667,0.0265
Y,Y,Y,Y,N,N,N,Y,N,N,Y,N,N,Y,N,N,Y,N,N,N,N,N,N,Y,Y,N,Y,Y,Y,N,N,Y,Y,N,Y,Y,N,N,N,13.516,[6N 22N 26N 3Y ],14.3777,0.0638
Y,N,Y,N,Y,N,N,Y,N,Y,Y,N,N,Y,N,N,N,N,N,N,Y,N,N,Y,Y,N,Y,Y,Y,N,N,Y,Y,N,Y,Y,N,N,N,15.393,[6N 22N 26N 3Y ],14.3777,0.0660
Y,N,Y,N,Y,N,N,Y,Y,N,Y,N,N,Y,N,N,N,N,N,N,N,N,N,Y,Y,Y,N,Y,Y,N,N,Y,Y,N,Y,N,N,Y,N,15.549,[6N 22N 26Y 10N ],13.6667,0.1211
Y,N,N,N,N,N,N,Y,N,Y,Y,N,Y,Y,N,N,N,N,N,N,N,Y,N,Y,Y,N,Y,Y,Y,N,N,Y,Y,N,Y,Y,N,N,N,15.858,[6N 22Y 29Y ],13.8765,0.1250
Y,N,Y,N,Y,N,N,Y,N,N,Y,N,N,Y,N,N,N,N,N,N,N,N,N,Y,Y,N,Y,Y,N,N,Y,Y,Y,N,Y,N,N,Y,N,14.151,[6N 22N 26N 3Y ],14.3777,0.0160
Y,N,N,N,N,N,N,Y,N,N,Y,N,N,Y,Y,N,N,N,N,N,N,N,Y,Y,Y,Y,N,Y,Y,N,N,Y,N,Y,Y,Y,N,N,N,14.139,[6N 22N 26Y 10N ],13.6667,0.0334
Y,N,N,N,N,N,N,Y,N,N,Y,N,N,Y,N,N,Y,Y,N,N,N,N,N,Y,Y,N,Y,Y,Y,N,N,Y,N,Y,Y,Y,N,N,N,15.588,[6N 22N 26N 3N ],14.9307,0.0422
Y,N,N,N,N,N,N,Y,N,N,Y,N,N,Y,N,N,N,N,N,Y,N,Y,N,Y,Y,Y,N,Y,Y,N,N,Y,Y,N,Y,N,N,N,Y,13.256,[6N 22Y 29Y ],13.8765,0.0468
Y,N,Y,N,Y,N,N,Y,N,N,Y,N,N,Y,N,N,N,N,Y,N,N,N,N,Y,Y,Y,N,Y,Y,N,N,Y,Y,N,Y,Y,N,N,N,14.174,[6N 22N 26Y 10N ],13.6667,0.0358
Y,Y,Y,N,Y,N,N,Y,Y,N,Y,N,N,Y,N,N,N,N,N,N,N,N,N,Y,Y,Y,N,Y,Y,N,N,Y,Y,N,Y,Y,N,N,N,15.998,[6N 22N 26Y 10N ],13.6667,0.1457
Y,N,N,N,N,N,N,Y,Y,N,Y,N,N,Y,N,N,N,N,Y,N,N,N,Y,Y,Y,N,Y,Y,Y,N,N,Y,Y,N,Y,Y,N,N,N,15.375,[6N 22N 26N 3N ],14.9307,0.0289
Y,Y,N,N,N,N,N,Y,N,N,Y,Y,N,Y,N,N,N,N,N,N,N,N,N,Y,Y,N,Y,Y,Y,N,N,Y,Y,N,Y,N,N,N,Y,14.824,[6N 22N 26N 3N ],14.9307,0.0072
Y,N,N,N,N,N,N,Y,N,Y,Y,Y,N,Y,Y,N,N,N,N,N,N,N,N,Y,Y,N,Y,Y,Y,N,N,Y,Y,N,Y,Y,N,N,N,14.809,[6N 22N 26N 3N ],14.9307,0.0082
Y,N,Y,N,N,N,Y,Y,N,N,Y,N,N,Y,N,N,N,Y,N,N,N,N,N,Y,Y,N,Y,Y,N,N,Y,Y,Y,N,Y,N,N,Y,N,13.955,[6N 22N 26N 3Y ],14.3777,0.0303
Y,Y,N,N,N,N,N,Y,N,N,Y,N,Y,Y,N,N,N,N,N,N,Y,N,N,Y,Y,N,Y,Y,Y,N,N,Y,Y,N,Y,Y,N,N,N,14.518,[6N 22N 26N 3N ],14.9307,0.0284
Y,N,N,N,N,N,N,Y,N,N,Y,Y,Y,Y,N,N,N,N,N,Y,N,N,N,Y,Y,N,Y,Y,Y,N,N,Y,Y,N,Y,Y,N,N,N,15.548,[6N 22N 26N 3N ],14.9307,0.0397
Y,N,N,N,N,N,N,Y,Y,N,Y,N,N,Y,N,N,Y,N,Y,N,N,N,N,Y,Y,N,Y,Y,Y,N,N,Y,Y,N,Y,Y,N,N,N,14.330,[6N 22N 26N 3N ],14.9307,0.0419
Y,N,Y,Y,N,N,N,Y,Y,N,Y,N,N,Y,N,N,Y,N,N,N,N,N,N,Y,Y,Y,N,Y,Y,N,N,Y,Y,N,Y,Y,N,N,N,13.945,[6N 22N 26Y 10N ],13.6667,0.0200
Y,N,N,N,N,N,N,Y,N,N,Y,N,N,Y,N,N,N,N,Y,Y,N,N,N,Y,Y,N,Y,Y,N,Y,N,Y,Y,N,Y,Y,N,N,N,15.406,[6N 22N 26N 3N ],14.9307,0.0309
Y,N,Y,N,N,N,Y,Y,N,N,Y,N,Y,Y,N,N,N,N,N,N,N,N,N,Y,Y,N,Y,Y,Y,N,N,Y,Y,N,Y,N,N,N,Y,14.184,[6N 22N 26N 3Y ],14.3777,0.0137
Y,N,Y,N,N,Y,N,Y,N,N,Y,Y,N,Y,N,N,N,N,N,N,N,N,N,Y,Y,Y,N,Y,Y,N,N,Y,Y,N,Y,N,N,Y,N,15.371,[6Y ],15.0588,0.0203
Y,Y,N,N,N,N,N,Y,N,N,Y,N,N,Y,Y,N,N,N,N,N,Y,N,N,Y,Y,N,Y,Y,Y,N,N,Y,Y,N,Y,Y,N,N,N,15.091,[6N 22N 26N 3N ],14.9307,0.0106
Y,N,N,N,N,N,N,Y,N,N,Y,N,N,Y,N,N,N,N,N,Y,N,N,N,Y,Y,Y,N,Y,N,N,Y,Y,Y,N,Y,N,Y,N,N,14.088,[6N 22N 26Y 10N ],13.6667,0.0299
Y,N,N,N,N,N,N,Y,N,N,Y,N,N,Y,N,N,N,Y,N,N,N,N,N,Y,Y,N,Y,Y,N,Y,N,Y,Y,N,Y,N,Y,N,N,14.335,[6N 22N 26N 3N ],14.9307,0.0416
Y,N,N,N,N,N,N,Y,N,Y,Y,N,N,Y,N,N,N,Y,N,N,N,N,N,Y,Y,N,Y,Y,Y,N,N,Y,Y,N,Y,Y,N,N,N,13.780,[6N 22N 26N 3N ],14.9307,0.0835
Y,N,N,N,N,N,N,Y,N,N,Y,N,N,Y,N,N,N,N,Y,N,N,N,Y,Y,Y,Y,N,Y,Y,N,N,Y,Y,N,Y,Y,N,N,N,13.890,[6N 22N 26Y 10N ],13.6667,0.0161
Y,N,Y,Y,N,N,N,Y,N,N,Y,N,N,Y,N,N,N,Y,N,Y,N,N,N,Y,Y,N,Y,Y,Y,N,N,Y,Y,N,Y,Y,N,N,N,14.512,[6N 22N 26N 3Y ],14.3777,0.0093
Y,N,N,N,N,N,N,Y,N,N,Y,N,N,Y,N,N,N,Y,Y,N,N,N,N,Y,Y,N,Y,Y,Y,N,N,Y,Y,N,Y,N,N,Y,N,14.276,[6N 22N 26N 3N ],14.9307,0.0459
Y,N,Y,N,N,Y,N,Y,N,N,Y,N,N,Y,N,Y,N,N,N,N,N,N,N,Y,Y,N,Y,Y,N,Y,N,Y,Y,N,Y,Y,N,N,N,14.266,[6Y ],15.0588,0.0556
Y,N,N,N,N,N,N,Y,N,N,Y,Y,N,Y,N,N,Y,N,N,N,N,N,N,Y,Y,N,Y,Y,Y,N,N,Y,Y,N,Y,N,N,Y,N,14.598,[6N 22N 26N 3N ],14.9307,0.0228
Y,N,Y,N,N,Y,N,Y,N,N,Y,N,N,Y,N,Y,N,N,N,N,N,N,N,Y,Y,N,Y,Y,Y,N,N,Y,N,Y,Y,Y,N,N,N,14.878,[6Y ],15.0588,0.0122
Y,N,N,N,N,N,N,Y,Y,Y,Y,N,N,Y,N,N,N,N,N,N,N,N,N,Y,Y,N,Y,Y,Y,N,N,Y,Y,N,Y,N,Y,N,N,14.884,[6N 22N 26N 3N ],14.9307,0.0031
Y,N,N,N,N,N,N,Y,N,N,Y,N,Y,Y,Y,N,Y,N,N,N,N,N,N,Y,Y,Y,N,Y,Y,N,N,Y,Y,N,Y,Y,N,N,N,15.269,[6N 22N 26Y 10N ],13.6667,0.1049
Y,N,N,N,N,N,N,Y,N,N,Y,N,N,Y,N,N,N,N,N,N,N,N,Y,Y,Y,N,Y,Y,N,Y,N,Y,Y,N,Y,N,Y,N,N,14.522,[6N 22N 26N 3N ],14.9307,0.0281
Y,N,Y,N,Y,N,N,Y,N,N,Y,N,Y,Y,N,N,N,N,N,N,N,N,N,Y,Y,N,Y,Y,Y,N,N,Y,N,Y,Y,Y,N,N,N,14.908,[6N 22N 26N 3Y ],14.3777,0.0356
Y,N,Y,N,Y,N,N,Y,N,N,Y,N,N,Y,Y,N,N,N,N,N,N,N,N,Y,Y,Y,N,Y,Y,N,N,Y,Y,N,Y,Y,N,N,N,13.595,[6N 22N 26Y 10N ],13.6667,0.0053
Y,Y,Y,N,N,N,Y,Y,N,N,Y,N,N,Y,N,N,N,N,N,N,N,N,N,Y,Y,Y,N,Y,Y,N,N,Y,N,Y,Y,Y,N,N,N,15.260,[6N 22N 26Y 10N ],13.6667,0.1044
Y,Y,N,N,N,N,N,Y,N,N,Y,N,N,Y,Y,N,N,N,N,Y,N,N,N,Y,Y,N,Y,Y,Y,N,N,Y,Y,N,Y,Y,N,N,N,15.085,[6N 22N 26N 3N ],14.9307,0.0102
Y,N,N,N,N,N,N,Y,N,N,Y,N,N,Y,Y,N,N,N,N,Y,N,N,N,Y,Y,Y,N,Y,Y,N,N,Y,Y,N,Y,Y,N,N,N,14.706,[6N 22N 26Y 10N ],13.6667,0.0707
Y,Y,Y,N,N,N,Y,Y,N,Y,Y,Y,Y,Y,Y,Y,Y,Y,Y,Y,Y,Y,Y,Y,Y,Y,N,Y,N,N,Y,Y,Y,N,Y,N,Y,N,N,13.229,[6N 22Y 29N ],13.7242,0.0374
Y,N,Y,N,N,Y,N,Y,N,N,Y,N,N,Y,N,N,N,N,N,N,N,N,N,Y,Y,N,Y,Y,N,Y,N,Y,Y,N,Y,N,Y,N,N,14.880,[6Y ],15.0588,0.0120
Y,N,N,N,N,N,N,Y,Y,N,Y,Y,N,Y,N,N,N,N,N,N,N,N,Y,Y,Y,N,Y,Y,Y,N,N,Y,Y,N,Y,Y,N,N,N,14.563,[6N 22N 26N 3N ],14.9307,0.0252
Y,N,N,N,N,N,N,Y,N,N,Y,N,N,Y,N,N,N,N,Y,N,N,N,N,Y,Y,N,Y,Y,Y,N,N,Y,N,Y,Y,N,N,Y,N,15.420,[6N 22N 26N 3N ],14.9307,0.0317
Y,Y,Y,N,N,Y,N,Y,Y,Y,Y,N,Y,Y,Y,Y,Y,Y,Y,Y,Y,Y,Y,Y,Y,Y,N,Y,N,N,Y,Y,Y,N,Y,N,Y,N,N,14.716,[6Y ],15.0588,0.0233
Y,N,N,N,N,N,N,Y,N,N,Y,N,N,Y,N,N,N,N,N,Y,N,N,N,Y,Y,Y,N,Y,N,N,Y,Y,Y,N,Y,N,N,Y,N,13.644,[6N 22N 26Y 10N ],13.6667,0.0017
Y,N,N,N,N,N,N,Y,N,N,Y,N,Y,Y,N,N,N,N,N,Y,N,N,N,Y,Y,N,Y,Y,Y,N,N,Y,Y,N,Y,Y,N,N,N,13.578,[6N 22N 26N 3N ],14.9307,0.0996
Y,N,N,N,N,N,N,Y,N,N,Y,N,N,Y,N,Y,N,N,N,N,N,Y,N,Y,Y,N,Y,Y,Y,N,N,Y,N,Y,Y,Y,N,N,N,15.612,[6N 22Y 29Y ],13.8765,0.1112
Y,N,N,N,N,N,N,Y,N,N,Y,N,N,Y,N,N,Y,N,N,N,N,N,N,Y,Y,Y,N,Y,Y,N,N,Y,N,Y,Y,Y,N,N,N,14.419,[6N 22N 26Y 10N ],13.6667,0.0522
Y,Y,Y,N,N,N,Y,Y,Y,Y,Y,Y,Y,Y,Y,Y,Y,Y,N,Y,Y,Y,Y,Y,Y,Y,N,Y,N,N,Y,Y,Y,N,Y,N,N,Y,N,13.426,[6N 22Y 29N ],13.7242,0.0222
Y,N,N,N,N,N,N,Y,N,Y,Y,Y,N,Y,N,N,N,N,N,N,N,N,N,Y,Y,N,Y,Y,N,N,Y,Y,Y,N,Y,Y,N,N,N,15.361,[6N 22N 26N 3N ],14.9307,0.0280
Y,Y,N,N,N,N,N,Y,N,N,Y,N,N,Y,N,N,N,Y,N,N,Y,N,N,Y,Y,Y,N,Y,Y,N,N,Y,Y,N,Y,Y,N,N,N,14.231,[6N 22N 26Y 10N ],13.6667,0.0397
Y,N,N,N,N,N,N,Y,N,N,Y,N,N,Y,N,N,N,N,N,N,Y,N,N,Y,Y,N,Y,Y,Y,N,N,Y,Y,N,Y,N,N,Y,N,13.566,[6N 22N 26N 3N ],14.9307,0.1006
Y,N,N,N,N,N,N,Y,N,N,Y,N,N,Y,Y,N,N,Y,N,N,N,N,N,Y,Y,Y,N,Y,Y,N,N,Y,Y,N,Y,N,N,Y,N,13.528,[6N 22N 26Y 10N ],13.6667,0.0103
Y,Y,Y,Y,N,N,N,Y,Y,Y,Y,Y,Y,Y,Y,N,Y,Y,Y,Y,Y,Y,Y,Y,Y,Y,N,Y,N,N,Y,Y,Y,N,Y,N,N,Y,N,13.219,[6N 22Y 29N ],13.7242,0.0382
Y,Y,N,N,N,N,N,Y,N,N,Y,N,N,Y,N,N,N,N,N,N,N,Y,N,Y,Y,N,Y,Y,N,N,Y,Y,Y,N,Y,Y,N,N,N,15.509,[6N 22Y 29N ],13.7242,0.1151
Y,N,N,N,N,N,N,Y,N,Y,Y,N,N,Y,N,N,N,N,N,N,N,N,N,Y,Y,Y,N,Y,N,Y,N,Y,N,Y,Y,Y,N,N,N,13.296,[6N 22N 26Y 10Y ],14.5610,0.0951
Y,N,N,N,N,N,N,Y,N,N,Y,N,N,Y,N,N,N,N,Y,Y,N,Y,N,Y,Y,N,Y,Y,Y,N,N,Y,Y,N,Y,Y,N,N,N,13.413,[6N 22Y 29Y ],13.8765,0.0346
Y,N,Y,Y,N,N,N,Y,N,N,Y,N,N,Y,N,N,N,N,N,N,N,N,Y,Y,Y,N,Y,Y,Y,N,N,Y,Y,N,Y,N,N,Y,N,13.939,[6N 22N 26N 3Y ],14.3777,0.0315
Y,Y,N,N,N,N,N,Y,N,N,Y,N,Y,Y,N,N,N,Y,N,N,N,N,N,Y,Y,Y,N,Y,Y,N,N,Y,Y,N,Y,Y,N,N,N,14.969,[6N 22N 26Y 10N ],13.6667,0.0870
Y,N,Y,Y,N,N,N,Y,Y,N,Y,N,N,Y,N,N,N,N,Y,N,N,N,N,Y,Y,Y,N,Y,Y,N,N,Y,Y,N,Y,Y,N,N,N,13.605,[6N 22N 26Y 10N ],13.6667,0.0045
Y,Y,N,N,N,N,N,Y,N,N,Y,N,N,Y,N,N,N,Y,N,N,N,N,N,Y,Y,Y,N,Y,Y,N,N,Y,N,Y,Y,Y,N,N,N,14.158,[6N 22N 26Y 10N ],13.6667,0.0347
Y,N,Y,N,N,Y,N,Y,N,N,Y,Y,N,Y,N,N,Y,N,N,N,N,N,N,Y,Y,N,Y,Y,Y,N,N,Y,Y,N,Y,Y,N,N,N,15.143,[6Y ],15.0588,0.0056
Y,N,N,N,N,N,N,Y,N,N,Y,N,N,Y,N,N,N,N,N,N,Y,Y,N,Y,Y,N,Y,Y,Y,N,N,Y,Y,N,Y,N,Y,N,N,14.940,[6N 22Y 29Y ],13.8765,0.0712
Y,N,N,N,N,N,N,Y,N,N,Y,N,N,Y,N,Y,Y,N,N,N,N,N,N,Y,Y,Y,N,Y,Y,N,N,Y,N,Y,Y,Y,N,N,N,13.773,[6N 22N 26Y 10N ],13.6667,0.0077
Y,N,N,N,N,N,N,Y,Y,N,Y,N,N,Y,N,N,N,N,N,N,N,N,N,Y,Y,N,Y,Y,N,N,Y,Y,Y,N,Y,Y,N,N,N,13.524,[6N 22N 26N 3N ],14.9307,0.1040
Y,N,Y,N,Y,N,N,Y,N,N,Y,N,N,Y,N,N,N,N,Y,N,N,N,N,Y,Y,Y,N,Y,Y,N,N,Y,Y,N,Y,N,Y,N,N,15.039,[6N 22N 26Y 10N ],13.6667,0.0913
Y,N,N,N,N,N,N,Y,N,N,Y,N,N,Y,N,N,N,N,N,Y,N,Y,N,Y,Y,N,Y,Y,N,N,Y,Y,Y,N,Y,Y,N,N,N,15.303,[6N 22Y 29N ],13.7242,0.1032
Y,N,N,N,N,N,N,Y,N,N,Y,N,N,Y,N,N,Y,N,Y,N,N,N,N,Y,Y,Y,N,Y,N,N,Y,Y,Y,N,Y,Y,N,N,N,14.454,[6N 22N 26Y 10N ],13.6667,0.0545
Y,N,N,N,N,N,N,Y,Y,N,Y,N,N,Y,N,Y,Y,N,N,N,N,N,N,Y,Y,N,Y,Y,Y,N,N,Y,Y,N,Y,Y,N,N,N,13.820,[6N 22N 26N 3N ],14.9307,0.0804
Y,N,N,N,N,N,N,Y,N,N,Y,N,Y,Y,N,N,N,N,N,N,N,N,Y,Y,Y,Y,N,Y,Y,N,N,Y,Y,N,Y,N,N,N,Y,13.903,[6N 22N 26Y 10N ],13.6667,0.0170
Y,Y,Y,N,N,N,Y,Y,Y,Y,Y,Y,Y,Y,Y,Y,Y,Y,Y,Y,Y,Y,N,Y,Y,N,Y,Y,Y,N,N,Y,Y,N,Y,Y,N,N,N,14.275,[6N 22Y 29Y ],13.8765,0.0279
Y,N,N,N,N,N,N,Y,N,N,Y,N,Y,Y,N,N,N,N,N,N,N,N,N,Y,Y,Y,N,Y,Y,N,N,Y,N,Y,Y,Y,N,N,N,14.580,[6N 22N 26Y 10N ],13.6667,0.0626
Y,N,Y,Y,N,N,N,Y,N,N,Y,N,N,Y,N,N,N,N,Y,N,N,N,N,Y,Y,Y,N,Y,N,N,Y,Y,Y,N,Y,Y,N,N,N,13.732,[6N 22N 26Y 10N ],13.6667,0.0048
Y,N,N,N,N,N,N,Y,N,N,Y,N,N,Y,N,N,N,N,N,N,N,Y,N,Y,Y,Y,N,Y,Y,N,N,Y,N,Y,Y,N,Y,N,N,14.000,[6N 22Y 29Y ],13.8765,0.0088
Y,N,N,N,N,N,N,Y,N,N,Y,N,N,Y,N,N,N,N,N,N,N,N,Y,Y,Y,N,Y,Y,N,Y,N,Y,N,Y,Y,Y,N,N,N,14.187,[6N 22N 26N 3N ],14.9307,0.0524
Y,N,N,N,N,N,N,Y,N,N,Y,N,N,Y,N,N,Y,N,N,N,N,N,N,Y,Y,N,Y,Y,N,N,Y,Y,N,Y,Y,Y,N,N,N,14.694,[6N 22N 26N 3N ],14.9307,0.0161
Y,N,N,N,N,N,N,Y,N,N,Y,N,N,Y,N,N,Y,N,N,Y,N,Y,N,Y,Y,Y,N,Y,Y,N,N,Y,Y,N,Y,Y,N,N,N,13.720,[6N 22Y 29Y ],13.8765,0.0114
Y,N,Y,N,N,N,Y,Y,N,N,Y,N,N,Y,N,N,N,N,N,N,N,N,N,Y,Y,N,Y,Y,Y,N,N,Y,N,Y,Y,Y,N,N,N,15.022,[6N 22N 26N 3Y ],14.3777,0.0429
Y,N,Y,Y,N,N,N,Y,N,N,Y,N,N,Y,N,Y,Y,N,N,N,N,N,N,Y,Y,N,Y,Y,Y,N,N,Y,Y,N,Y,Y,N,N,N,14.160,[6N 22N 26N 3Y ],14.3777,0.0154
Y,N,Y,N,Y,N,N,Y,N,N,Y,N,N,Y,N,N,N,N,N,N,Y,N,N,Y,Y,Y,N,Y,Y,N,N,Y,Y,N,Y,Y,N,N,N,14.233,[6N 22N 26Y 10N ],13.6667,0.0398
Y,N,Y,N,N,Y,N,Y,N,N,Y,N,N,Y,N,N,N,N,Y,Y,N,N,N,Y,Y,N,Y,Y,Y,N,N,Y,Y,N,Y,Y,N,N,N,13.531,[6Y ],15.0588,0.1129
Y,N,N,N,N,N,N,Y,N,N,Y,N,N,Y,N,N,Y,N,N,Y,N,N,N,Y,Y,Y,N,Y,Y,N,N,Y,Y,N,Y,Y,N,N,N,13.923,[6N 22N 26Y 10N ],13.6667,0.0184
Y,N,Y,N,N,N,Y,Y,N,N,Y,N,N,Y,N,N,N,N,N,N,N,N,Y,Y,Y,Y,N,Y,Y,N,N,Y,Y,N,Y,Y,N,N,N,14.105,[6N 22N 26Y 10N ],13.6667,0.0311
Y,N,N,N,N,N,N,Y,Y,Y,Y,N,N,Y,N,N,N,N,N,N,N,N,N,Y,Y,Y,N,Y,N,Y,N,Y,Y,N,Y,Y,N,N,N,14.493,[6N 22N 26Y 10Y ],14.5610,0.0047
Y,N,Y,N,N,N,Y,Y,N,N,Y,N,N,Y,N,N,Y,N,N,N,N,N,N,Y,Y,Y,N,Y,N,N,Y,Y,Y,N,Y,Y,N,N,N,15.364,[6N 22N 26Y 10N ],13.6667,0.1105
Y,N,N,N,N,N,N,Y,N,Y,Y,N,N,Y,N,N,N,N,Y,N,N,N,N,Y,Y,N,Y,Y,Y,N,N,Y,Y,N,Y,N,Y,N,N,15.357,[6N 22N 26N 3N ],14.9307,0.0278
Y,N,N,N,N,N,N,Y,N,N,Y,Y,N,Y,N,N,N,N,N,N,N,N,N,Y,Y,Y,N,Y,N,N,Y,Y,Y,N,Y,N,N,N,Y,13.223,[6N 22N 26Y 10N ],13.6667,0.0336
Y,N,N,N,N,N,N,Y,N,N,Y,Y,Y,Y,N,N,N,N,N,N,N,N,N,Y,Y,Y,N,Y,Y,N,N,Y,Y,N,Y,N,N,Y,N,14.075,[6N 22N 26Y 10N ],13.6667,0.0290
Y,N,N,N,N,N,N,Y,Y,N,Y,N,N,Y,N,N,N,N,N,N,N,N,N,Y,Y,Y,N,Y,N,Y,N,Y,Y,N,Y,Y,N,N,N,13.703,[6N 22N 26Y 10N ],13.6667,0.0027
Y,N,Y,Y,N,N,N,Y,N,N,Y,N,N,Y,N,N,N,N,N,N,N,Y,N,Y,Y,Y,N,Y,Y,N,N,Y,N,Y,Y,Y,N,N,N,14.013,[6N 22Y 29Y ],13.8765,0.0097
Y,N,N,N,N,N,N,Y,N,N,Y,N,Y,Y,Y,N,N,N,N,N,N,N,Y,Y,Y,Y,N,Y,Y,N,N,Y,Y,N,Y,Y,N,N,N,13.427,[6N 22N 26Y 10N ],13.6667,0.0178
Y,N,N,N,N,N,N,Y,N,N,Y,Y,N,Y,N,N,N,N,N,N,N,N,Y,Y,Y,Y,N,Y,N,Y,N,Y,Y,N,Y,Y,N,N,N,14.400,[6N 22N 26Y 10N ],13.6667,0.0509
Y,N,Y,N,N,Y,N,Y,N,N,Y,N,N,Y,N,N,N,Y,N,N,N,N,N,Y,Y,N,Y,Y,Y,N,N,Y,Y,N,Y,Y,N,N,N,13.056,[6Y ],15.0588,0.1534
Y,N,N,N,N,N,N,Y,N,N,Y,N,Y,Y,N,N,N,N,N,N,N,Y,N,Y,Y,N,Y,Y,Y,N,N,Y,Y,N,Y,N,N,N,Y,13.445,[6N 22Y 29Y ],13.8765,0.0321
Y,N,N,N,N,N,N,Y,Y,N,Y,Y,Y,Y,N,N,N,N,N,N,N,N,N,Y,Y,N,Y,Y,Y,N,N,Y,Y,N,Y,Y,N,N,N,15.538,[6N 22N 26N 3N ],14.9307,0.0391
Y,N,Y,N,Y,N,N,Y,N,Y,Y,N,N,Y,N,N,N,N,N,N,N,N,N,Y,Y,N,Y,Y,Y,N,N,Y,Y,N,Y,Y,N,N,N,14.483,[6N 22N 26N 3Y ],14.3777,0.0073
Y,N,Y,Y,N,N,N,Y,N,N,Y,N,N,Y,Y,N,N,N,N,N,N,N,N,Y,Y,Y,N,Y,N,N,Y,Y,Y,N,Y,Y,N,N,N,13.319,[6N 22N 26Y 10N ],13.6667,0.0261
Y,N,N,N,N,N,N,Y,N,N,Y,N,N,Y,Y,N,N,N,N,N,N,N,Y,Y,Y,N,Y,Y,N,Y,N,Y,Y,N,Y,Y,N,N,N,15.644,[6N 22N 26N 3N ],14.9307,0.0456
Y,N,N,N,N,N,N,Y,N,N,Y,N,N,Y,Y,N,N,Y,Y,N,N,N,N,Y,Y,N,Y,Y,Y,N,N,Y,Y,N,Y,Y,N,N,N,13.863,[6N 22N 26N 3N ],14.9307,0.0770
Y,N,N,N,N,N,N,Y,N,Y,Y,N,N,Y,N,N,N,N,N,N,Y,N,N,Y,Y,N,Y,Y,Y,N,N,Y,Y,N,Y,N,N,N,Y,13.714,[6N 22N 26N 3N ],14.9307,0.0887
Y,N,Y,N,N,N,Y,Y,N,N,Y,Y,N,Y,N,N,N,N,N,N,N,Y,N,Y,Y,Y,N,Y,Y,N,N,Y,Y,N,Y,Y,N,N,N,16.041,[6N 22Y 29Y ],13.8765,0.1349
Y,Y,Y,N,N,Y,N,Y,Y,Y,Y,Y,Y,Y,N,Y,Y,Y,Y,Y,Y,Y,Y,Y,Y,Y,N,Y,N,N,Y,Y,Y,N,Y,N,Y,N,N,14.832,[6Y ],15.0588,0.0153
Y,N,Y,N,N,Y,N,Y,N,N,Y,N,N,Y,N,N,N,Y,N,N,N,Y,N,Y,Y,Y,N,Y,Y,N,N,Y,Y,N,Y,Y,N,N,N,15.179,[6Y ],15.0588,0.0079
Y,N,N,N,N,N,N,Y,N,Y,Y,N,N,Y,N,N,Y,N,N,N,N,N,N,Y,Y,Y,N,Y,Y,N,N,Y,Y,N,Y,N,N,N,Y,14.021,[6N 22N 26Y 10Y ],14.5610,0.0385
Y,N,N,N,N,N,N,Y,N,N,Y,N,N,Y,N,N,N,Y,N,N,N,N,N,Y,Y,N,Y,Y,N,Y,N,Y,Y,N,Y,Y,N,N,N,13.702,[6N 22N 26N 3N ],14.9307,0.0897
Y,N,N,N,N,N,N,Y,N,N,Y,N,N,Y,N,N,N,N,N,N,N,N,Y,Y,Y,N,Y,Y,N,Y,N,Y,Y,N,Y,N,N,N,Y,14.239,[6N 22N 26N 3N ],14.9307,0.0486
Y,Y,Y,N,N,N,Y,Y,Y,N,Y,Y,Y,Y,Y,Y,Y,Y,Y,Y,Y,Y,Y,Y,Y,Y,N,Y,Y,N,N,Y,N,Y,Y,N,N,N,Y,14.036,[6N 22Y 29Y ],13.8765,0.0114
Y,N,Y,Y,N,N,N,Y,N,N,Y,Y,N,Y,N,N,N,N,Y,N,N,N,N,Y,Y,Y,N,Y,Y,N,N,Y,Y,N,Y,Y,N,N,N,14.129,[6N 22N 26Y 10N ],13.6667,0.0327
Y,N,N,N,N,N,N,Y,N,N,Y,Y,N,Y,N,N,N,Y,N,N,N,N,N,Y,Y,Y,N,Y,Y,N,N,Y,Y,N,Y,N,N,N,Y,14.053,[6N 22N 26Y 10N ],13.6667,0.0275
Y,N,N,N,N,N,N,Y,Y,N,Y,N,N,Y,N,N,N,N,N,N,N,Y,N,Y,Y,Y,N,Y,Y,N,N,Y,Y,N,Y,N,N,N,Y,13.917,[6N 22Y 29Y ],13.8765,0.0029
Y,N,N,N,N,N,N,Y,N,N,Y,N,N,Y,N,N,N,N,N,Y,N,N,N,Y,Y,N,Y,Y,Y,N,N,Y,N,Y,Y,N,Y,N,N,15.231,[6N 22N 26N 3N ],14.9307,0.0197
Y,N,Y,N,N,Y,N,Y,N,N,Y,N,N,Y,N,N,N,N,N,Y,N,N,N,Y,Y,Y,N,Y,Y,N,N,Y,Y,N,Y,N,Y,N,N,15.307,[6Y ],15.0588,0.0162
Y,Y,Y,N,Y,N,N,Y,Y,Y,Y,Y,Y,Y,Y,Y,Y,Y,Y,Y,N,Y,Y,Y,Y,N,Y,Y,N,N,Y,Y,Y,N,Y,N,N,N,Y,14.294,[6N 22Y 29N ],13.7242,0.0399
Y,Y,N,N,N,N,N,Y,Y,Y,Y,Y,Y,Y,Y,Y,Y,Y,Y,Y,Y,Y,Y,Y,Y,Y,N,Y,N,N,Y,Y,Y,N,Y,N,Y,N,N,14.590,[6N 22Y 29N ],13.7242,0.0593
Y,N,Y,N,N,N,Y,Y,N,N,Y,N,N,Y,Y,N,N,N,N,N,Y,N,N,Y,Y,Y,N,Y,Y,N,N,Y,Y,N,Y,Y,N,N,N,15.781,[6N 22N 26Y 10N ],13.6667,0.1340
Y,N,N,N,N,N,N,Y,N,N,Y,N,Y,Y,N,N,Y,Y,N,N,N,N,N,Y,Y,N,Y,Y,Y,N,N,Y,Y,N,Y,Y,N,N,N,13.166,[6N 22N 26N 3N ],14.9307,0.1340
Y,Y,N,N,N,N,N,Y,N,N,Y,N,N,Y,N,Y,N,N,N,N,N,N,N,Y,Y,N,Y,Y,Y,N,N,Y,Y,N,Y,N,N,Y,N,14.769,[6N 22N 26N 3N ],14.9307,0.0109
Y,N,Y,N,N,N,Y,Y,N,N,Y,N,N,Y,N,N,N,N,N,N,Y,N,N,Y,Y,N,Y,Y,N,Y,N,Y,Y,N,Y,Y,N,N,N,14.271,[6N 22N 26N 3Y ],14.3777,0.0075
Y,N,N,N,N,N,N,Y,Y,N,Y,N,N,Y,N,N,N,Y,N,N,N,N,Y,Y,Y,Y,N,Y,Y,N,N,Y,Y,N,Y,Y,N,N,N,14.828,[6N 22N 26Y 10N ],13.6667,0.0783
Y,N,N,N,N,N,N,Y,Y,N,Y,N,N,Y,Y,N,N,N,N,N,N,N,Y,Y,Y,N,Y,Y,Y,N,N,Y,Y,N,Y,Y,N,N,N,15.250,[6N 22N 26N 3N ],14.9307,0.0209
Y,N,N,N,N,N,N,Y,N,N,Y,N,N,Y,N,Y,N,N,N,N,N,N,N,Y,Y,Y,N,Y,Y,N,N,Y,N,Y,Y,Y,N,N,N,14.496,[6N 22N 26Y 10N ],13.6667,0.0572
Y,N,N,N,N,N,N,Y,N,N,Y,Y,N,Y,N,Y,N,Y,N,N,N,N,N,Y,Y,Y,N,Y,Y,N,N,Y,Y,N,Y,Y,N,N,N,14.888,[6N 22N 26Y 10N ],13.6667,0.0820
Y,N,Y,N,N,N,Y,Y,N,N,Y,N,N,Y,N,N,N,N,Y,N,N,N,N,Y,Y,N,Y,Y,Y,N,N,Y,Y,N,Y,N,N,Y,N,14.146,[6N 22N 26N 3Y ],14.3777,0.0164
Y,Y,Y,N,N,Y,N,Y,Y,Y,Y,Y,Y,Y,Y,Y,Y,Y,Y,N,Y,Y,Y,Y,Y,N,Y,Y,N,Y,N,Y,N,Y,Y,N,N,N,Y,14.525,[6Y ],15.0588,0.0368
Y,Y,Y,N,Y,N,N,Y,N,N,Y,N,N,Y,N,N,N,N,N,N,N,N,N,Y,Y,N,Y,Y,Y,N,N,Y,N,Y,Y,Y,N,N,N,14.122,[6N 22N 26N 3Y ],14.3777,0.0181
Y,N,Y,N,N,N,Y,Y,Y,Y,Y,Y,Y,Y,Y,Y,Y,Y,Y,Y,Y,Y,Y,Y,Y,N,Y,Y,Y,N,N,Y,Y,N,Y,Y,N,N,N,13.931,[6N 22Y 29Y ],13.8765,0.0039
Y,N,N,N,N,N,N,Y,N,N,Y,N,N,Y,Y,N,N,N,N,N,N,Y,N,Y,Y,N,Y,Y,Y,N,N,Y,Y,N,Y,N,N,N,Y,15.007,[6N 22Y 29Y ],13.8765,0.0753
Y,Y,Y,N,N,Y,N,Y,Y,Y,Y,Y,Y,Y,Y,Y,Y,Y,Y,Y,Y,Y,Y,Y,Y,N,Y,Y,N,Y,N,Y,N,Y,Y,N,N,N,Y,14.863,[6Y ],15.0588,0.0132
Y,N,Y,N,N,N,Y,Y,N,N,Y,N,N,Y,N,N,N,N,N,N,N,N,N,Y,Y,Y,N,Y,N,Y,N,Y,Y,N,Y,N,N,N,Y,15.070,[6N 22N 26Y 10N ],13.6667,0.0931
Y,Y,N,N,N,N,N,Y,Y,N,Y,N,N,Y,N,N,N,N,N,N,Y,N,N,Y,Y,N,Y,Y,Y,N,N,Y,Y,N,Y,Y,N,N,N,15.222,[6N 22N 26N 3N ],14.9307,0.0191
Y,N,Y,N,Y,N,N,Y,N,N,Y,N,N,Y,N,N,N,N,N,N,N,N,N,Y,Y,Y,N,Y,N,N,Y,Y,Y,N,Y,N,N,Y,N,15.266,[6N 22N 26Y 10N ],13.6667,0.1048
Y,N,N,N,N,N,N,Y,N,N,Y,N,N,Y,N,Y,Y,N,Y,N,N,N,N,Y,Y,Y,N,Y,Y,N,N,Y,Y,N,Y,Y,N,N,N,13.310,[6N 22N 26Y 10N ],13.6667,0.0268
Y,N,N,N,N,N,N,Y,N,N,Y,Y,N,Y,Y,N,N,N,N,N,N,N,N,Y,Y,N,Y,Y,Y,N,N,Y,Y,N,Y,N,Y,N,N,14.631,[6N 22N 26N 3N ],14.9307,0.0205
Y,N,N,N,N,N,N,Y,N,N,Y,N,N,Y,N,N,N,N,N,N,Y,N,N,Y,Y,N,Y,Y,Y,N,N,Y,Y,N,Y,Y,N,N,N,14.536,[6N 22N 26N 3N ],14.9307,0.0272
Y,N,Y,N,N,Y,N,Y,N,N,Y,N,N,Y,Y,N,N,N,N,N,N,N,N,Y,Y,N,Y,Y,Y,N,N,Y,Y,N,Y,N,Y,N,N,15.587,[6Y ],15.0588,0.0339
Y,Y,N,N,N,N,N,Y,N,N,Y,N,N,Y,N,N,N,N,Y,N,N,N,N,Y,Y,N,Y,Y,Y,N,N,Y,N,Y,Y,Y,N,N,N,15.172,[6N 22N 26N 3N ],14.9307,0.0159
Y,N,N,N,N,N,N,Y,Y,N,Y,N,Y,Y,N,N,N,N,N,N,N,N,Y,Y,Y,Y,N,Y,Y,N,N,Y,Y,N,Y,Y,N,N,N,14.612,[6N 22N 26Y 10N ],13.6667,0.0647
Y,Y,N,N,N,N,N,Y,N,Y,Y,N,N,Y,N,N,N,N,N,N,N,N,N,Y,Y,Y,N,Y,Y,N,N,Y,N,Y,Y,Y,N,N,N,13.604,[6N 22N 26Y 10Y ],14.5610,0.0703
Y,N,N,N,N,N,N,Y,N,N,Y,Y,N,Y,N,N,N,Y,N,N,N,N,N,Y,Y,N,Y,Y,N,N,Y,Y,Y,N,Y,Y,N,N,N,15.420,[6N 22N 26N 3N ],14.9307,0.0317
Y,N,Y,N,N,Y,N,Y,N,N,Y,N,N,Y,Y,N,N,N,N,Y,N,N,N,Y,Y,Y,N,Y,Y,N,N,Y,Y,N,Y,Y,N,N,N,15.984,[6Y ],15.0588,0.0579
Y,N,N,N,N,N,N,Y,N,N,Y,N,N,Y,N,Y,N,N,Y,N,Y,N,N,Y,Y,Y,N,Y,Y,N,N,Y,Y,N,Y,Y,N,N,N,13.989,[6N 22N 26Y 10N ],13.6667,0.0230
Y,N,N,N,N,N,N,Y,N,N,Y,Y,N,Y,N,N,Y,N,N,N,Y,N,N,Y,Y,Y,N,Y,Y,N,N,Y,Y,N,Y,Y,N,N,N,14.621,[6N 22N 26Y 10N ],13.6667,0.0653
Y,N,Y,Y,N,N,N,Y,Y,N,Y,N,N,Y,N,N,N,N,N,N,N,N,N,Y,Y,N,Y,Y,Y,N,N,Y,Y,N,Y,N,N,N,Y,13.972,[6N 22N 26N 3Y ],14.3777,0.0290
Y,N,N,N,N,N,N,Y,Y,N,Y,N,N,Y,Y,Y,N,N,N,N,N,N,N,Y,Y,N,Y,Y,Y,N,N,Y,Y,N,Y,Y,N,N,N,15.434,[6N 22N 26N 3N ],14.9307,0.0326
Y,N,N,N,N,N,N,Y,N,N,Y,Y,N,Y,N,N,N,N,N,Y,N,N,N,Y,Y,Y,N,Y,Y,N,N,Y,Y,N,Y,Y,N,N,N,14.052,[6N 22N 26Y 10N ],13.6667,0.0274
Y,N,N,N,N,N,N,Y,N,N,Y,N,N,Y,Y,N,N,N,N,N,N,N,N,Y,Y,Y,N,Y,Y,N,N,Y,N,Y,Y,N,Y,N,N,14.028,[6N 22N 26Y 10N ],13.6667,0.0258
Y,Y,Y,N,Y,N,N,Y,Y,Y,Y,Y,Y,Y,Y,Y,Y,Y,Y,Y,N,Y,Y,Y,Y,Y,N,Y,N,N,Y,Y,Y,N,Y,N,Y,N,N,14.445,[6N 22Y 29N ],13.7242,0.0499
Y,Y,Y,N,Y,N,N,Y,N,N,Y,N,N,Y,N,N,N,N,N,N,N,Y,N,Y,Y,Y,N,Y,Y,N,N,Y,Y,N,Y,Y,N,N,N,15.900,[6N 22Y 29Y ],13.8765,0.1273
Y,N,Y,N,Y,N,N,Y,N,N,Y,Y,N,Y,N,N,N,Y,N,N,N,N,N,Y,Y,Y,N,Y,Y,N,N,Y,Y,N,Y,Y,N,N,N,16.059,[6N 22N 26Y 10N ],13.6667,0.1490
Y,N,Y,N,N,N,Y,Y,N,N,Y,N,Y,Y,N,N,N,N,N,N,N,N,N,Y,Y,Y,N,Y,Y,N,N,Y,N,Y,Y,Y,N,N,N,15.535,[6N 22N 26Y 10N ],13.6667,0.1203
Y,Y,N,N,N,N,N,Y,N,N,Y,N,N,Y,Y,N,N,N,N,N,N,N,N,Y,Y,N,Y,Y,Y,N,N,Y,Y,N,Y,N,Y,N,N,14.983,[6N 22N 26N 3N ],14.9307,0.0035
Y,N,N,N,N,N,N,Y,N,N,Y,N,N,Y,N,N,N,Y,N,N,Y,Y,N,Y,Y,Y,N,Y,Y,N,N,Y,Y,N,Y,Y,N,N,N,13.925,[6N 22Y 29Y ],13.8765,0.0035
Y,N,N,N,N,N,N,Y,Y,N,Y,N,N,Y,N,N,N,N,N,N,N,Y,N,Y,Y,N,Y,Y,Y,N,N,Y,Y,N,Y,N,Y,N,N,14.260,[6N 22Y 29Y ],13.8765,0.0269
Y,N,Y,N,Y,N,N,Y,N,N,Y,N,N,Y,N,N,N,N,Y,N,N,N,Y,Y,Y,Y,N,Y,Y,N,N,Y,Y,N,Y,Y,N,N,N,15.911,[6N 22N 26Y 10N ],13.6667,0.1411
Y,N,Y,Y,N,N,N,Y,N,N,Y,N,N,Y,N,N,N,N,N,N,Y,N,Y,Y,Y,N,Y,Y,Y,N,N,Y,Y,N,Y,Y,N,N,N,14.756,[6N 22N 26N 3Y ],14.3777,0.0256
Y,N,N,N,N,N,N,Y,N,N,Y,N,N,Y,N,N,N,N,N,N,N,N,Y,Y,Y,Y,N,Y,N,Y,N,Y,Y,N,Y,Y,N,N,N,13.293,[6N 22N 26Y 10N ],13.6667,0.0281
Y,N,N,N,N,N,N,Y,N,Y,Y,N,Y,Y,N,N,N,N,N,N,N,N,Y,Y,Y,Y,N,Y,Y,N,N,Y,Y,N,Y,Y,N,N,N,14.559,[6N 22N 26Y 10Y ],14.5610,0.0001
Y,N,Y,N,N,N,Y,Y,N,N,Y,N,N,Y,N,Y,N,N,N,N,N,N,N,Y,Y,Y,N,Y,N,Y,N,Y,Y,N,Y,Y,N,N,N,15.418,[6N 22N 26Y 10N ],13.6667,0.1136
Y,N,Y,N,N,N,Y,Y,N,Y,Y,N,N,Y,N,N,N,N,N,N,N,N,N,Y,Y,N,Y,Y,Y,N,N,Y,N,Y,Y,Y,N,N,N,14.131,[6N 22N 26N 3Y ],14.3777,0.0175
Y,N,N,N,N,N,N,Y,Y,N,Y,N,N,Y,N,N,Y,N,N,N,N,N,N,Y,Y,Y,N,Y,N,Y,N,Y,Y,N,Y,Y,N,N,N,14.189,[6N 22N 26Y 10N ],13.6667,0.0368
Y,N,N,N,N,N,N,Y,N,N,Y,N,N,Y,Y,N,N,N,Y,N,N,N,N,Y,Y,N,Y,Y,Y,N,N,Y,Y,N,Y,Y,N,N,N,13.524,[6N 22N 26N 3N ],14.9307,0.1040
Y,Y,Y,N,N,N,Y,Y,Y,Y,Y,Y,Y,Y,Y,Y,Y,N,Y,Y,Y,Y,Y,Y,Y,N,Y,Y,Y,N,N,Y,Y,N,Y,Y,N,N,N,13.849,[6N 22Y 29Y ],13.8765,0.0020
Y,N,N,N,N,N,N,Y,N,N,Y,N,N,Y,Y,N,N,Y,N,N,N,N,N,Y,Y,Y,N,Y,Y,N,N,Y,Y,N,Y,N,Y,N,N,13.105,[6N 22N 26Y 10N ],13.6667,0.0429
Y,N,N,N,N,N,N,Y,N,N,Y,N,Y,Y,N,N,N,N,N,N,Y,N,N,Y,Y,N,Y,Y,Y,N,N,Y,Y,N,Y,N,N,Y,N,14.839,[6N 22N 26N 3N ],14.9307,0.0062
Y,N,Y,N,N,N,Y,Y,N,N,Y,N,N,Y,N,N,N,N,N,N,N,N,Y,Y,Y,N,Y,Y,Y,N,N,Y,Y,N,Y,N,N,N,Y,13.610,[6N 22N 26N 3Y ],14.3777,0.0564
Y,Y,N,N,N,N,N,Y,N,N,Y,Y,N,Y,N,N,N,N,N,N,N,N,N,Y,Y,N,Y,Y,Y,N,N,Y,N,Y,Y,Y,N,N,N,14.724,[6N 22N 26N 3N ],14.9307,0.0140
Y,N,N,N,N,N,N,Y,N,N,Y,Y,N,Y,N,Y,N,N,N,N,N,N,N,Y,Y,Y,N,Y,Y,N,N,Y,Y,N,Y,N,Y,N,N,13.725,[6N 22N 26Y 10N ],13.6667,0.0043
Y,N,Y,N,Y,N,N,Y,N,N,Y,N,Y,Y,Y,N,N,N,N,N,N,N,N,Y,Y,N,Y,Y,Y,N,N,Y,Y,N,Y,Y,N,N,N,13.440,[6N 22N 26N 3Y ],14.3777,0.0698
Y,N,Y,N,N,Y,N,Y,N,N,Y,N,N,Y,Y,N,N,N,Y,N,N,N,N,Y,Y,N,Y,Y,Y,N,N,Y,Y,N,Y,Y,N,N,N,13.995,[6Y ],15.0588,0.0760
Y,N,Y,N,Y,N,N,Y,N,N,Y,N,Y,Y,N,N,N,N,N,N,N,Y,N,Y,Y,N,Y,Y,Y,N,N,Y,Y,N,Y,Y,N,N,N,14.164,[6N 22Y 29Y ],13.8765,0.0203
Y,N,Y,N,N,N,Y,Y,N,N,Y,N,N,Y,N,N,N,N,N,N,N,Y,N,Y,Y,N,Y,Y,Y,N,N,Y,N,Y,Y,Y,N,N,N,14.816,[6N 22Y 29Y ],13.8765,0.0634
Y,N,Y,N,Y,N,N,Y,Y,N,Y,N,N,Y,N,N,N,N,N,Y,N,N,N,Y,Y,Y,N,Y,Y,N,N,Y,Y,N,Y,Y,N,N,N,16.199,[6N 22N 26Y 10N ],13.6667,0.1563
Y,N,N,N,N,N,N,Y,N,N,Y,N,N,Y,Y,N,N,N,N,N,N,N,Y,Y,Y,N,Y,Y,N,N,Y,Y,Y,N,Y,Y,N,N,N,14.981,[6N 22N 26N 3N ],14.9307,0.0034
Y,N,Y,N,N,N,Y,Y,N,N,Y,N,N,Y,N,N,Y,N,N,N,N,N,N,Y,Y,N,Y,Y,N,Y,N,Y,Y,N,Y,Y,N,N,N,13.618,[6N 22N 26N 3Y ],14.3777,0.0558
Y,N,Y,N,N,N,Y,Y,N,Y,Y,N,N,Y,N,N,N,N,N,N,N,N,N,Y,Y,N,Y,Y,N,Y,N,Y,Y,N,Y,Y,N,N,N,13.657,[6N 22N 26N 3Y ],14.3777,0.0528
N,N,N,N,N,N,N,N,N,N,N,N,N,N,N,N,N,N,N,N,N,N,N,N,N,Y,N,N,Y,N,N,N,Y,N,Y,N,N,Y,N,13.483,[6N 22N 26Y 10N ],13.6667,0.0136
Y,Y,Y,N,N,Y,N,Y,Y,Y,Y,Y,N,Y,Y,Y,Y,Y,Y,Y,Y,Y,Y,Y,Y,Y,N,Y,N,N,Y,Y,Y,N,Y,N,N,Y,N,14.523,[6Y ],15.0588,0.0369
Y,Y,N,N,N,N,N,Y,N,N,Y,N,N,Y,N,N,N,N,N,N,N,N,N,Y,Y,N,Y,Y,Y,N,N,Y,N,Y,Y,N,N,N,Y,15.122,[6N 22N 26N 3N ],14.9307,0.0127
Y,N,Y,N,N,Y,N,Y,N,N,Y,N,Y,Y,N,N,N,N,N,N,N,N,N,Y,Y,Y,N,Y,Y,N,N,Y,Y,N,Y,Y,N,N,N,14.689,[6Y ],15.0588,0.0252
Y,N,Y,Y,N,N,N,Y,Y,Y,Y,Y,Y,Y,Y,Y,Y,Y,Y,Y,Y,Y,Y,Y,Y,Y,N,Y,Y,N,N,Y,N,Y,Y,N,N,N,Y,15.138,[6N 22Y 29Y ],13.8765,0.0833
Y,N,Y,N,N,N,Y,Y,N,N,Y,N,N,Y,N,N,N,N,N,N,N,N,N,Y,Y,Y,N,Y,Y,N,N,Y,N,Y,Y,N,N,Y,N,14.399,[6N 22N 26Y 10N ],13.6667,0.0509
Y,N,N,N,N,N,N,Y,N,Y,Y,N,N,Y,N,N,N,N,N,N,Y,N,N,Y,Y,N,Y,Y,Y,N,N,Y,Y,N,Y,N,Y,N,N,15.542,[6N 22N 26N 3N ],14.9307,0.0393
Y,Y,Y,N,Y,N,N,Y,Y,N,Y,Y,Y,Y,Y,Y,Y,Y,Y,Y,Y,Y,Y,Y,Y,Y,N,Y,N,N,Y,Y,Y,N,Y,N,Y,N,N,14.602,[6N 22Y 29N ],13.7242,0.0601
Y,N,N,N,N,N,N,Y,N,N,Y,N,N,Y,N,N,N,Y,N,N,N,N,Y,Y,Y,N,Y,Y,N,N,Y,Y,Y,N,Y,Y,N,N,N,15.476,[6N 22N 26N 3N ],14.9307,0.0352
Y,Y,Y,N,N,Y,N,Y,N,N,Y,N,N,Y,N,N,N,N,N,N,N,N,N,Y,Y,N,Y,Y,Y,N,N,Y,Y,N,Y,N,N,Y,N,14.787,[6Y ],15.0588,0.0184
Y,N,N,N,N,N,N,Y,N,Y,Y,N,N,Y,N,N,N,N,N,N,Y,N,N,Y,Y,N,Y,Y,Y,N,N,Y,Y,N,Y,Y,N,N,N,13.623,[6N 22N 26N 3N ],14.9307,0.0960
Y,N,N,N,N,N,N,Y,N,N,Y,N,N,Y,N,N,N,N,N,N,N,Y,N,Y,Y,Y,N,Y,N,Y,N,Y,Y,N,Y,N,N,N,Y,13.198,[6N 22Y 29N ],13.7242,0.0399
Y,N,N,N,N,N,N,Y,N,N,Y,N,N,Y,N,N,Y,N,Y,N,N,N,N,Y,Y,N,Y,Y,Y,N,N,Y,Y,N,Y,Y,N,N,N,13.553,[6N 22N 26N 3N ],14.9307,0.1017
Y,N,N,N,N,N,N,Y,N,N,Y,N,N,Y,N,N,Y,N,Y,N,N,N,Y,Y,Y,Y,N,Y,Y,N,N,Y,Y,N,Y,Y,N,N,N,13.871,[6N 22N 26Y 10N ],13.6667,0.0147
Y,N,N,N,N,N,N,Y,N,N,Y,N,N,Y,Y,N,N,N,N,N,N,Y,N,Y,Y,N,Y,Y,N,N,Y,Y,Y,N,Y,Y,N,N,N,15.443,[6N 22Y 29N ],13.7242,0.1113
Y,N,Y,N,N,Y,N,Y,N,N,Y,N,N,Y,Y,N,N,Y,N,N,N,N,N,Y,Y,Y,N,Y,Y,N,N,Y,Y,N,Y,Y,N,N,N,16.049,[6Y ],15.0588,0.0617
Y,N,N,N,N,N,N,Y,N,N,Y,N,N,Y,N,N,N,N,N,Y,N,N,N,Y,Y,N,Y,Y,N,Y,N,Y,Y,N,Y,N,Y,N,N,14.231,[6N 22N 26N 3N ],14.9307,0.0492
Y,Y,Y,N,Y,N,N,Y,Y,Y,Y,Y,Y,Y,Y,Y,N,Y,Y,Y,Y,Y,Y,Y,Y,N,Y,Y,N,N,Y,Y,Y,N,Y,N,N,N,Y,14.171,[6N 22Y 29N ],13.7242,0.0315
Y,N,Y,Y,N,N,N,Y,N,N,Y,N,N,Y,N,N,N,N,Y,Y,N,N,N,Y,Y,N,Y,Y,Y,N,N,Y,Y,N,Y,Y,N,N,N,15.271,[6N 22N 26N 3Y ],14.3777,0.0585
Y,N,N,N,N,N,N,Y,N,N,Y,N,N,Y,N,N,N,N,N,N,N,N,N,Y,Y,N,Y,Y,N,Y,N,Y,Y,N,Y,N,N,N,Y,15.072,[6N 22N 26N 3N ],14.9307,0.0094
Y,Y,Y,Y,N,N,N,Y,N,N,Y,N,N,Y,N,N,N,N,N,N,N,N,N,Y,Y,Y,N,Y,Y,N,N,Y,Y,N,Y,N,N,N,Y,14.071,[6N 22N 26Y 10N ],13.6667,0.0287
Y,N,N,N,N,N,N,Y,N,N,Y,N,N,Y,N,N,N,N,N,N,Y,N,N,Y,Y,N,Y,Y,Y,N,N,Y,N,Y,Y,N,N,Y,N,14.803,[6N 22N 26N 3N ],14.9307,0.0086
Y,N,N,N,N,N,N,Y,N,N,Y,N,N,Y,N,N,Y,Y,N,N,N,N,N,Y,Y,Y,N,Y,Y,N,N,Y,Y,N,Y,N,N,N,Y,13.767,[6N 22N 26Y 10N ],13.6667,0.0073
Y,N,Y,N,N,N,Y,Y,N,Y,Y,N,N,Y,Y,N,N,N,N,N,N,N,N,Y,Y,N,Y,Y,Y,N,N,Y,Y,N,Y,Y,N,N,N,13.574,[6N 22N 26N 3Y ],14.3777,0.0592
Y,N,Y,N,N,Y,N,Y,Y,N,Y,N,N,Y,N,N,Y,N,N,N,N,N,N,Y,Y,Y,N,Y,Y,N,N,Y,Y,N,Y,Y,N,N,N,16.080,[6Y ],15.0588,0.0635
Y,N,N,N,N,N,N,Y,N,Y,Y,N,N,Y,N,N,N,N,N,N,N,N,N,Y,Y,N,Y,Y,N,Y,N,Y,N,Y,Y,Y,N,N,N,14.454,[6N 22N 26N 3N ],14.9307,0.0330
Y,Y,N,N,N,N,N,Y,N,N,Y,N,N,Y,N,N,N,N,Y,N,Y,N,N,Y,Y,Y,N,Y,Y,N,N,Y,Y,N,Y,Y,N,N,N,15.157,[6N 22N 26Y 10N ],13.6667,0.0983
Y,N,Y,N,Y,N,N,Y,Y,N,Y,N,N,Y,N,N,N,N,N,N,N,N,N,Y,Y,Y,N,Y,Y,N,N,Y,Y,N,Y,Y,N,N,N,14.803,[6N 22N 26Y 10N ],13.6667,0.0768
Y,Y,N,N,N,N,N,Y,N,N,Y,N,N,Y,N,Y,N,N,N,N,N,N,Y,Y,Y,N,Y,Y,Y,N,N,Y,Y,N,Y,Y,N,N,N,15.549,[6N 22N 26N 3N ],14.9307,0.0398
Y,N,N,N,N,N,N,Y,N,Y,Y,N,N,Y,N,N,N,N,N,N,N,N,Y,Y,Y,N,Y,Y,Y,N,N,Y,Y,N,Y,N,N,Y,N,14.580,[6N 22N 26N 3N ],14.9307,0.0241
Y,N,Y,N,N,N,Y,Y,Y,N,Y,Y,N,Y,N,N,N,N,N,N,N,N,N,Y,Y,Y,N,Y,Y,N,N,Y,Y,N,Y,Y,N,N,N,16.269,[6N 22N 26Y 10N ],13.6667,0.1600
Y,N,N,N,N,N,N,Y,N,N,Y,N,N,Y,N,N,Y,N,N,N,N,N,Y,Y,Y,N,Y,Y,Y,N,N,Y,Y,N,Y,N,N,N,Y,14.311,[6N 22N 26N 3N ],14.9307,0.0433
Y,N,Y,Y,N,N,N,Y,N,N,Y,N,N,Y,N,N,N,N,N,N,Y,N,N,Y,Y,N,Y,Y,N,N,Y,Y,Y,N,Y,Y,N,N,N,13.636,[6N 22N 26N 3Y ],14.3777,0.0544
Y,Y,Y,N,Y,N,N,Y,Y,Y,Y,Y,Y,Y,Y,Y,Y,Y,Y,Y,N,Y,Y,Y,Y,Y,N,Y,Y,N,N,Y,Y,N,Y,N,N,Y,N,14.391,[6N 22Y 29Y ],13.8765,0.0358
Y,Y,Y,N,N,Y,N,Y,Y,Y,Y,Y,N,Y,Y,Y,Y,Y,Y,Y,Y,Y,Y,Y,Y,Y,N,Y,N,N,Y,Y,Y,N,Y,Y,N,N,N,14.177,[6Y ],15.0588,0.0622
Y,N,N,N,N,N,N,Y,N,N,Y,N,N,Y,N,N,Y,N,Y,N,N,N,N,Y,Y,N,Y,Y,Y,N,N,Y,Y,N,Y,N,N,Y,N,14.145,[6N 22N 26N 3N ],14.9307,0.0555
Y,N,Y,N,N,N,Y,Y,N,N,Y,N,N,Y,N,N,N,N,N,N,N,N,Y,Y,Y,N,Y,Y,Y,N,N,Y,N,Y,Y,Y,N,N,N,13.973,[6N 22N 26N 3Y ],14.3777,0.0290
Y,N,N,N,N,N,N,Y,N,N,Y,N,N,Y,N,N,N,N,N,N,N,Y,Y,Y,Y,N,Y,Y,Y,N,N,Y,N,Y,Y,Y,N,N,N,15.457,[6N 22Y 29Y ],13.8765,0.1023
Y,N,Y,Y,N,N,N,Y,N,N,Y,N,N,Y,N,N,N,N,N,N,N,N,N,Y,Y,Y,N,Y,N,Y,N,Y,Y,N,Y,Y,N,N,N,15.513,[6N 22N 26Y 10N ],13.6667,0.1190
Y,N,N,N,N,N,N,Y,N,Y,Y,N,N,Y,N,N,N,Y,N,N,Y,N,N,Y,Y,Y,N,Y,Y,N,N,Y,Y,N,Y,Y,N,N,N,15.547,[6N 22N 26Y 10Y ],14.5610,0.0634
Y,Y,Y,Y,N,N,N,Y,N,N,Y,N,N,Y,N,Y,N,N,N,N,N,N,N,Y,Y,N,Y,Y,Y,N,N,Y,Y,N,Y,Y,N,N,N,13.632,[6N 22N 26N 3Y ],14.3777,0.0547
Y,N,N,N,N,N,N,Y,N,N,Y,N,N,Y,N,Y,N,N,N,Y,N,N,N,Y,Y,Y,N,Y,Y,N,N,Y,Y,N,Y,N,N,N,Y,13.493,[6N 22N 26Y 10N ],13.6667,0.0129
Y,N,Y,N,Y,N,N,Y,Y,N,Y,N,N,Y,N,N,N,N,N,N,N,N,N,Y,Y,N,Y,Y,Y,N,N,Y,Y,N,Y,Y,N,N,N,13.939,[6N 22N 26N 3Y ],14.3777,0.0315
Y,N,N,N,N,N,N,Y,N,N,Y,N,N,Y,Y,N,N,N,N,N,N,N,N,Y,Y,Y,N,Y,Y,N,N,Y,Y,N,Y,Y,N,N,N,14.498,[6N 22N 26Y 10N ],13.6667,0.0573
Y,N,N,N,N,N,N,Y,N,N,Y,N,N,Y,N,Y,N,N,Y,N,N,N,N,Y,Y,Y,N,Y,Y,N,N,Y,N,Y,Y,Y,N,N,N,13.601,[6N 22N 26Y 10N ],13.6667,0.0048
Y,Y,N,N,N,N,N,Y,N,N,Y,N,Y,Y,N,N,N,N,N,N,N,N,N,Y,Y,N,Y,Y,Y,N,N,Y,Y,N,Y,N,N,N,Y,15.568,[6N 22N 26N 3N ],14.9307,0.0409
Y,N,Y,N,Y,N,N,Y,N,N,Y,N,N,Y,Y,N,N,N,N,N,N,N,N,Y,Y,Y,N,Y,Y,N,N,Y,Y,N,Y,N,Y,N,N,14.725,[6N 22N 26Y 10N ],13.6667,0.0719
Y,N,N,N,N,N,N,Y,N,N,Y,N,N,Y,Y,N,N,N,N,Y,N,N,N,Y,Y,N,Y,Y,Y,N,N,Y,N,Y,Y,Y,N,N,N,15.470,[6N 22N 26N 3N ],14.9307,0.0349
Y,Y,Y,N,Y,N,N,Y,Y,Y,Y,Y,Y,Y,Y,Y,Y,N,Y,Y,Y,Y,Y,Y,Y,Y,N,Y,N,N,Y,Y,Y,N,Y,N,Y,N,N,14.462,[6N 22Y 29N ],13.7242,0.0510
Y,N,Y,N,N,N,Y,Y,N,N,Y,N,N,Y,N,N,N,N,N,N,N,N,N,Y,Y,Y,N,Y,Y,N,N,Y,N,Y,Y,N,Y,N,N,14.576,[6N 22N 26Y 10N ],13.6667,0.0624
Y,N,Y,N,N,Y,N,Y,N,Y,Y,N,N,Y,N,N,N,N,N,N,N,N,N,Y,Y,N,Y,Y,Y,N,N,Y,Y,N,Y,Y,N,N,N,14.208,[6Y ],15.0588,0.0599
Y,N,N,N,N,N,N,Y,Y,N,Y,N,N,Y,N,N,Y,N,N,N,N,N,N,Y,Y,N,Y,Y,Y,N,N,Y,Y,N,Y,N,Y,N,N,14.593,[6N 22N 26N 3N ],14.9307,0.0231
Y,N,N,N,N,N,N,Y,N,N,Y,Y,N,Y,N,N,N,N,N,N,N,N,N,Y,Y,N,Y,Y,Y,N,N,Y,N,Y,Y,N,N,Y,N,15.146,[6N 22N 26N 3N ],14.9307,0.0142
Y,N,N,N,N,N,N,Y,N,Y,Y,N,N,Y,N,N,N,N,N,N,N,N,N,Y,Y,N,Y,Y,N,N,Y,Y,Y,N,Y,N,Y,N,N,14.935,[6N 22N 26N 3N ],14.9307,0.0003
Y,N,N,N,N,N,N,Y,N,N,Y,N,N,Y,N,N,N,N,Y,N,N,N,N,Y,Y,Y,N,Y,Y,N,N,Y,Y,N,Y,Y,N,N,N,13.123,[6N 22N 26Y 10N ],13.6667,0.0414
Y,N,N,N,N,N,N,Y,Y,N,Y,N,N,Y,N,N,N,N,N,N,N,N,N,Y,Y,Y,N,Y,Y,N,N,Y,Y,N,Y,N,Y,N,N,14.550,[6N 22N 26Y 10N ],13.6667,0.0607
Y,N,N,N,N,N,N,Y,N,N,Y,Y,N,Y,N,N,N,Y,N,Y,N,N,N,Y,Y,Y,N,Y,Y,N,N,Y,Y,N,Y,Y,N,N,N,14.819,[6N 22N 26Y 10N ],13.6667,0.0778
Y,N,Y,Y,N,N,N,Y,N,Y,Y,N,N,Y,N,N,N,N,N,N,N,N,N,Y,Y,Y,N,Y,Y,N,N,Y,Y,N,Y,N,N,Y,N,13.640,[6N 22N 26Y 10Y ],14.5610,0.0675
Y,N,N,N,N,N,N,Y,N,N,Y,N,N,Y,Y,N,N,N,N,Y,N,N,N,Y,Y,Y,N,Y,Y,N,N,Y,Y,N,Y,N,N,N,Y,13.965,[6N 22N 26Y 10N ],13.6667,0.0214
Y,Y,Y,N,N,N,Y,Y,Y,Y,Y,Y,Y,Y,Y,Y,Y,Y,Y,Y,Y,Y,Y,Y,Y,N,Y,Y,N,Y,N,Y,N,Y,Y,N,N,N,Y,14.969,[6N 22Y 29N ],13.7242,0.0832
Y,N,Y,N,Y,N,N,Y,N,N,Y,N,N,Y,N,N,N,N,N,N,Y,N,N,Y,Y,N,Y,Y,Y,N,N,Y,Y,N,Y,N,Y,N,N,14.514,[6N 22N 26N 3Y ],14.3777,0.0094
Y,N,N,N,N,N,N,Y,N,N,Y,N,N,Y,N,N,N,Y,N,N,N,Y,N,Y,Y,N,Y,Y,Y,N,N,Y,Y,N,Y,N,N,Y,N,14.584,[6N 22Y 29Y ],13.8765,0.0485
Y,Y,Y,Y,N,N,N,Y,Y,Y,Y,Y,N,Y,Y,Y,Y,Y,Y,Y,Y,Y,Y,Y,Y,N,Y,Y,N,N,Y,Y,Y,N,Y,N,N,N,Y,13.317,[6N 22Y 29N ],13.7242,0.0306
Y,N,N,N,N,N,N,Y,N,N,Y,N,N,Y,Y,N,N,N,N,Y,N,N,N,Y,Y,Y,N,Y,Y,N,N,Y,Y,N,Y,N,N,Y,N,13.822,[6N 22N 26Y 10N ],13.6667,0.0112
Y,N,Y,N,Y,N,N,Y,N,N,Y,N,N,Y,N,N,N,N,Y,N,N,N,N,Y,Y,N,Y,Y,N,N,Y,Y,Y,N,Y,Y,N,N,N,14.422,[6N 22N 26N 3Y ],14.3777,0.0031
Y,Y,Y,N,N,N,Y,Y,N,N,Y,N,N,Y,N,N,N,N,Y,N,N,N,N,Y,Y,Y,N,Y,Y,N,N,Y,Y,N,Y,Y,N,N,N,16.101,[6N 22N 26Y 10N ],13.6667,0.1512
Y,Y,Y,N,N,Y,N,Y,Y,Y,Y,Y,Y,Y,Y,Y,Y,Y,Y,Y,Y,Y,N,Y,Y,N,Y,Y,Y,N,N,Y,N,Y,Y,N,N,Y,N,14.674,[6Y ],15.0588,0.0262
Y,N,N,N,N,N,N,Y,N,Y,Y,N,Y,Y,N,N,N,N,N,N,N,N,N,Y,Y,N,Y,Y,Y,N,N,Y,Y,N,Y,Y,N,N,N,13.524,[6N 22N 26N 3N ],14.9307,0.1040
Y,Y,N,N,N,N,N,Y,N,N,Y,N,N,Y,Y,N,N,N,N,N,N,N,Y,Y,Y,N,Y,Y,Y,N,N,Y,Y,N,Y,Y,N,N,N,14.878,[6N 22N 26N 3N ],14.9307,0.0035
Y,N,N,N,N,N,N,Y,N,N,Y,N,N,Y,Y,N,Y,N,N,N,N,N,N,Y,Y,Y,N,Y,N,N,Y,Y,Y,N,Y,Y,N,N,N,14.397,[6N 22N 26Y 10N ],13.6667,0.0507
Y,N,Y,Y,N,N,N,Y,Y,N,Y,N,N,Y,N,N,N,Y,N,N,N,N,N,Y,Y,Y,N,Y,Y,N,N,Y,Y,N,Y,Y,N,N,N,13.875,[6N 22N 26Y 10N ],13.6667,0.0150
Y,N,Y,N,N,Y,N,Y,N,N,Y,N,N,Y,Y,N,N,N,N,Y,N,N,N,Y,Y,N,Y,Y,Y,N,N,Y,Y,N,Y,Y,N,N,N,14.241,[6Y ],15.0588,0.0574
Y,N,Y,N,N,N,Y,Y,Y,Y,Y,N,N,Y,N,N,N,N,N,N,N,N,N,Y,Y,Y,N,Y,Y,N,N,Y,Y,N,Y,Y,N,N,N,16.217,[6N 22N 26Y 10Y ],14.5610,0.1021
Y,N,Y,Y,N,N,N,Y,N,N,Y,N,N,Y,N,N,N,Y,N,N,N,N,N,Y,Y,N,Y,Y,Y,N,N,Y,N,Y,Y,Y,N,N,N,13.494,[6N 22N 26N 3Y ],14.3777,0.0655
Y,N,N,N,N,N,N,Y,N,N,Y,N,Y,Y,N,N,N,N,Y,N,N,N,N,Y,Y,N,Y,Y,Y,N,N,Y,Y,N,Y,N,Y,N,N,14.598,[6N 22N 26N 3N ],14.9307,0.0228
Y,N,N,N,N,N,N,Y,N,N,Y,N,N,Y,N,N,N,N,Y,N,N,N,N,Y,Y,Y,N,Y,N,Y,N,Y,N,Y,Y,Y,N,N,N,13.118,[6N 22N 26Y 10N ],13.6667,0.0418
Y,N,N,N,N,N,N,Y,N,N,Y,N,N,Y,N,Y,N,N,N,Y,N,N,N,Y,Y,Y,N,Y,Y,N,N,Y,Y,N,Y,Y,N,N,N,14.422,[6N 22N 26Y 10N ],13.6667,0.0524
Y,N,N,N,N,N,N,Y,Y,N,Y,Y,N,Y,N,N,N,Y,N,N,N,N,N,Y,Y,Y,N,Y,Y,N,N,Y,Y,N,Y,Y,N,N,N,14.331,[6N 22N 26Y 10N ],13.6667,0.0464
Y,N,Y,N,Y,N,N,Y,N,N,Y,Y,N,Y,N,N,N,N,N,N,N,N,N,Y,Y,Y,N,Y,N,N,Y,Y,Y,N,Y,Y,N,N,N,14.837,[6N 22N 26Y 10N ],13.6667,0.0789
Y,N,N,N,N,N,N,Y,N,N,Y,N,N,Y,N,N,Y,N,N,N,Y,N,N,Y,Y,N,Y,Y,N,N,Y,Y,Y,N,Y,Y,N,N,N,15.113,[6N 22N 26N 3N ],14.9307,0.0121
Y,N,Y,N,N,Y,N,Y,N,N,Y,N,N,Y,N,N,N,N,N,N,N,N,Y,Y,Y,N,Y,Y,Y,N,N,Y,Y,N,Y,N,N,Y,N,15.137,[6Y ],15.0588,0.0052
Y,N,N,N,N,N,N,Y,N,N,Y,N,N,Y,N,N,N,N,N,N,N,N,Y,Y,Y,N,Y,Y,N,N,Y,Y,Y,N,Y,N,Y,N,N,15.332,[6N 22N 26N 3N ],14.9307,0.0262
Y,N,N,N,N,N,N,Y,N,Y,Y,Y,N,Y,N,N,N,Y,N,N,N,N,N,Y,Y,Y,N,Y,Y,N,N,Y,Y,N,Y,Y,N,N,N,15.005,[6N 22N 26Y 10Y ],14.5610,0.0296
Y,N,N,N,N,N,N,Y,Y,N,Y,N,N,Y,N,N,N,N,N,Y,N,N,N,Y,Y,N,Y,Y,Y,N,N,Y,Y,N,Y,N,N,Y,N,13.835,[6N 22N 26N 3N ],14.9307,0.0792
Y,Y,N,N,N,N,N,Y,N,N,Y,N,N,Y,N,N,Y,N,N,N,N,Y,N,Y,Y,N,Y,Y,Y,N,N,Y,Y,N,Y,Y,N,N,N,15.180,[6N 22Y 29Y ],13.8765,0.0859
Y,N,Y,N,Y,N,N,Y,N,N,Y,N,N,Y,N,N,Y,N,N,N,N,N,Y,Y,Y,N,Y,Y,Y,N,N,Y,Y,N,Y,Y,N,N,N,14.166,[6N 22N 26N 3Y ],14.3777,0.0149
Y,N,Y,N,N,Y,N,Y,N,N,Y,N,N,Y,N,N,N,N,N,N,N,N,N,Y,Y,Y,N,Y,Y,N,N,Y,N,Y,Y,Y,N,N,N,15.109,[6Y ],15.0588,0.0033
Y,N,N,N,N,N,N,Y,N,N,Y,N,N,Y,N,N,N,N,Y,N,N,Y,N,Y,Y,Y,N,Y,Y,N,N,Y,Y,N,Y,Y,N,N,N,13.794,[6N 22Y 29Y ],13.8765,0.0060
Y,N,Y,N,Y,N,N,Y,N,N,Y,N,N,Y,N,N,N,N,N,N,N,Y,N,Y,Y,Y,N,Y,Y,N,N,Y,Y,N,Y,N,N,Y,N,15.828,[6N 22Y 29Y ],13.8765,0.1233
Y,N,N,N,N,N,N,Y,N,N,Y,N,N,Y,N,N,N,N,N,Y,Y,N,N,Y,Y,N,Y,Y,N,Y,N,Y,Y,N,Y,Y,N,N,N,14.589,[6N 22N 26N 3N ],14.9307,0.0234
Y,Y,Y,N,N,Y,N,Y,Y,Y,Y,N,Y,Y,Y,Y,Y,Y,Y,Y,Y,Y,Y,Y,Y,Y,N,Y,N,N,Y,Y,Y,N,Y,N,N,Y,N,14.714,[6Y ],15.0588,0.0234
Y,Y,Y,N,N,N,Y,Y,Y,Y,Y,Y,Y,Y,Y,Y,Y,Y,Y,Y,Y,Y,N,Y,Y,Y,N,Y,Y,N,N,Y,N,Y,Y,N,N,N,Y,13.857,[6N 22Y 29Y ],13.8765,0.0014
Y,N,N,N,N,N,N,Y,N,N,Y,Y,N,Y,N,N,N,N,N,N,Y,N,N,Y,Y,Y,N,Y,Y,N,N,Y,Y,N,Y,Y,N,N,N,14.403,[6N 22N 26Y 10N ],13.6667,0.0511
Y,N,N,N,N,N,N,Y,N,N,Y,N,N,Y,N,N,N,N,N,N,N,N,N,Y,Y,N,Y,Y,Y,N,N,Y,N,Y,Y,Y,N,N,N,14.563,[6N 22N 26N 3N ],14.9307,0.0252
Y,Y,N,N,N,N,N,Y,Y,N,Y,N,N,Y,N,N,N,N,Y,N,N,N,N,Y,Y,N,Y,Y,Y,N,N,Y,Y,N,Y,Y,N,N,N,15.451,[6N 22N 26N 3N ],14.9307,0.0337
Y,N,Y,Y,N,N,N,Y,N,Y,Y,N,N,Y,N,N,N,N,N,N,N,N,N,Y,Y,Y,N,Y,Y,N,N,Y,Y,N,Y,Y,N,N,N,14.253,[6N 22N 26Y 10Y ],14.5610,0.0216
Y,N,Y,N,N,Y,N,Y,N,N,Y,N,N,Y,N,N,N,N,N,Y,N,N,N,Y,Y,Y,N,Y,Y,N,N,Y,Y,N,Y,Y,N,N,N,14.267,[6Y ],15.0588,0.0555
Y,N,Y,N,Y,N,N,Y,N,N,Y,N,N,Y,N,N,N,N,Y,N,N,N,N,Y,Y,N,Y,Y,Y,N,N,Y,Y,N,Y,Y,N,N,N,14.350,[6N 22N 26N 3Y ],14.3777,0.0019
Y,N,N,N,N,N,N,Y,N,N,Y,N,N,Y,N,N,Y,N,N,Y,N,N,N,Y,Y,Y,N,Y,Y,N,N,Y,Y,N,Y,N,N,N,Y,13.945,[6N 22N 26Y 10N ],13.6667,0.0200
Y,N,Y,Y,N,N,N,Y,N,N,Y,N,N,Y,N,N,Y,N,N,N,N,N,Y,Y,Y,Y,N,Y,Y,N,N,Y,Y,N,Y,Y,N,N,N,14.327,[6N 22N 26Y 10N ],13.6667,0.0461
Y,N,N,N,N,N,N,Y,N,N,Y,Y,N,Y,N,N,Y,N,Y,N,N,N,N,Y,Y,Y,N,Y,Y,N,N,Y,Y,N,Y,Y,N,N,N,14.409,[6N 22N 26Y 10N ],13.6667,0.0515
Y,Y,Y,N,Y,N,N,Y,Y,Y,Y,Y,Y,Y,Y,Y,Y,Y,Y,Y,Y,Y,Y,Y,Y,Y,N,Y,Y,N,N,Y,Y,N,Y,N,Y,N,N,15.366,[6N 22Y 29Y ],13.8765,0.0969
Y,N,N,N,N,N,N,Y,N,N,Y,N,N,Y,N,N,N,N,N,N,N,Y,N,Y,Y,Y,N,Y,N,N,Y,Y,Y,N,Y,Y,N,N,N,14.364,[6N 22Y 29N ],13.7242,0.0445
Y,N,Y,N,N,N,Y,Y,N,N,Y,N,N,Y,N,N,N,N,N,N,Y,N,N,Y,Y,N,Y,Y,Y,N,N,Y,Y,N,Y,N,N,Y,N,14.591,[6N 22N 26N 3Y ],14.3777,0.0146
Y,N,N,N,N,N,N,Y,N,N,Y,N,N,Y,N,N,N,Y,N,N,N,N,N,Y,Y,Y,N,Y,N,N,Y,Y,Y,N,Y,Y,N,N,N,14.209,[6N 22N 26Y 10N ],13.6667,0.0382
Y,N,Y,Y,N,N,N,Y,N,N,Y,N,N,Y,Y,N,N,N,N,N,N,N,N,Y,Y,Y,N,Y,Y,N,N,Y,Y,N,Y,N,N,Y,N,13.374,[6N 22N 26Y 10N ],13.6667,0.0219
Y,Y,N,N,N,N,N,Y,N,N,Y,N,N,Y,N,N,N,N,N,N,Y,N,N,Y,Y,N,Y,Y,Y,N,N,Y,Y,N,Y,Y,N,N,N,13.634,[6N 22N 26N 3N ],14.9307,0.0951
Y,Y,N,N,N,N,N,Y,N,N,Y,N,N,Y,N,N,N,N,N,N,N,N,Y,Y,Y,N,Y,Y,Y,N,N,Y,Y,N,Y,Y,N,N,N,13.339,[6N 22N 26N 3N ],14.9307,0.1193
Y,N,Y,N,N,Y,N,Y,N,N,Y,N,N,Y,N,N,N,Y,N,N,N,N,N,Y,Y,Y,N,Y,Y,N,N,Y,Y,N,Y,N,N,Y,N,15.999,[6Y ],15.0588,0.0588
Y,N,N,N,N,N,N,Y,N,N,Y,N,N,Y,N,Y,N,N,N,N,N,Y,N,Y,Y,Y,N,Y,Y,N,N,Y,Y,N,Y,Y,N,N,N,14.263,[6N 22Y 29Y ],13.8765,0.0271
Y,N,Y,N,Y,N,N,Y,N,N,Y,N,N,Y,N,Y,N,N,Y,N,N,N,N,Y,Y,Y,N,Y,Y,N,N,Y,Y,N,Y,Y,N,N,N,15.866,[6N 22N 26Y 10N ],13.6667,0.1386
Y,Y,N,N,N,N,N,Y,N,N,Y,N,N,Y,N,N,N,N,N,N,N,Y,N,Y,Y,N,Y,Y,Y,N,N,Y,Y,N,Y,N,Y,N,N,14.525,[6N 22Y 29Y ],13.8765,0.0446
Y,N,N,N,N,N,N,Y,N,N,Y,N,N,Y,Y,N,N,N,Y,N,N,N,N,Y,Y,Y,N,Y,N,N,Y,Y,Y,N,Y,Y,N,N,N,14.159,[6N 22N 26Y 10N ],13.6667,0.0348
Y,N,N,N,N,N,N,Y,N,N,Y,N,N,Y,N,N,Y,N,N,N,Y,N,N,Y,Y,N,Y,Y,Y,N,N,Y,Y,N,Y,Y,N,N,N,13.555,[6N 22N 26N 3N ],14.9307,0.1015
Y,N,N,N,N,N,N,Y,N,N,Y,N,N,Y,N,N,N,N,N,N,N,N,N,Y,Y,Y,N,Y,Y,N,N,Y,Y,N,Y,N,N,N,Y,15.299,[6N 22N 26Y 10N ],13.6667,0.1067
Y,N,N,N,N,N,N,Y,N,N,Y,N,Y,Y,N,N,N,N,N,N,Y,N,N,Y,Y,N,Y,Y,Y,N,N,Y,Y,N,Y,Y,N,N,N,13.846,[6N 22N 26N 3N ],14.9307,0.0783
Y,N,N,N,N,N,N,Y,N,N,Y,N,Y,Y,Y,N,N,N,N,N,N,N,N,Y,Y,Y,N,Y,N,Y,N,Y,Y,N,Y,Y,N,N,N,14.471,[6N 22N 26Y 10N ],13.6667,0.0556
Y,N,Y,N,N,Y,N,Y,N,N,Y,N,N,Y,N,N,N,N,N,N,Y,N,N,Y,Y,N,Y,Y,N,Y,N,Y,Y,N,Y,Y,N,N,N,15.518,[6Y ],15.0588,0.0296
Y,Y,Y,N,N,N,Y,Y,Y,Y,Y,Y,Y,Y,Y,Y,Y,N,Y,Y,Y,Y,Y,Y,Y,Y,N,Y,N,N,Y,Y,Y,N,Y,N,Y,N,N,13.550,[6N 22Y 29N ],13.7242,0.0129
Y,N,Y,N,N,N,Y,Y,N,N,Y,N,N,Y,N,N,N,N,N,N,N,N,N,Y,Y,N,Y,Y,Y,N,N,Y,N,Y,Y,N,Y,N,N,14.498,[6N 22N 26N 3Y ],14.3777,0.0083
Y,Y,N,N,N,N,N,Y,Y,Y,Y,Y,Y,Y,Y,Y,Y,Y,Y,Y,Y,Y,Y,Y,Y,N,Y,Y,Y,N,N,Y,Y,N,Y,Y,N,N,N,13.471,[6N 22Y 29Y ],13.8765,0.0301
Y,N,N,N,N,N,N,Y,Y,N,Y,N,N,Y,N,N,N,N,N,N,Y,N,N,Y,Y,N,Y,Y,N,Y,N,Y,Y,N,Y,Y,N,N,N,13.765,[6N 22N 26N 3N ],14.9307,0.0847
Y,N,N,N,N,N,N,Y,N,N,Y,N,N,Y,Y,Y,N,N,N,N,N,N,N,Y,Y,Y,N,Y,Y,N,N,Y,N,Y,Y,Y,N,N,N,13.697,[6N 22N 26Y 10N ],13.6667,0.0022
Y,Y,N,N,N,N,N,Y,N,N,Y,Y,N,Y,N,N,N,N,N,Y,N,N,N,Y,Y,N,Y,Y,Y,N,N,Y,Y,N,Y,Y,N,N,N,15.401,[6N 22N 26N 3N ],14.9307,0.0305
Y,Y,Y,Y,N,N,N,Y,Y,Y,Y,Y,Y,Y,Y,Y,Y,Y,Y,Y,Y,N,Y,Y,Y,Y,N,Y,N,N,Y,Y,Y,N,Y,N,N,Y,N,13.018,[6N 22N 26Y 10Y ],14.5610,0.1185
Y,N,Y,Y,N,N,N,Y,N,N,Y,N,N,Y,N,N,N,N,N,N,N,Y,N,Y,Y,Y,N,Y,N,N,Y,Y,Y,N,Y,Y,N,N,N,13.655,[6N 22Y 29N ],13.7242,0.0051
Y,N,N,N,N,N,N,Y,N,N,Y,N,N,Y,Y,N,N,N,N,N,N,Y,N,Y,Y,Y,N,Y,Y,N,N,Y,N,Y,Y,Y,N,N,N,13.694,[6N 22Y 29Y ],13.8765,0.0133
Y,Y,Y,Y,N,N,N,Y,N,Y,Y,Y,Y,Y,Y,Y,Y,Y,Y,Y,Y,Y,Y,Y,Y,N,Y,Y,N,N,Y,Y,Y,N,Y,N,N,N,Y,14.667,[6N 22Y 29N ],13.7242,0.0643
Y,Y,N,N,N,N,N,Y,N,N,Y,N,N,Y,N,N,N,N,Y,N,N,N,N,Y,Y,N,Y,Y,Y,N,N,Y,Y,N,Y,Y,N,N,N,13.531,[6N 22N 26N 3N ],14.9307,0.1034
Y,N,N,N,N,N,N,Y,N,Y,Y,N,N,Y,N,N,N,N,N,N,N,N,Y,Y,Y,Y,N,Y,Y,N,N,Y,Y,N,Y,N,Y,N,N,13.564,[6N 22N 26Y 10Y ],14.5610,0.0735
Y,N,Y,N,N,Y,N,Y,Y,Y,Y,Y,Y,Y,Y,Y,Y,Y,Y,Y,Y,Y,Y,Y,Y,N,Y,Y,N,N,Y,Y,Y,N,Y,N,N,N,Y,13.181,[6Y ],15.0588,0.1425
Y,N,Y,N,N,N,Y,Y,N,Y,Y,N,N,Y,Y,N,N,N,N,N,N,N,N,Y,Y,Y,N,Y,Y,N,N,Y,Y,N,Y,Y,N,N,N,16.453,[6N 22N 26Y 10Y ],14.5610,0.1150
Y,N,Y,Y,N,N,N,Y,Y,N,Y,N,N,Y,N,N,N,N,N,N,N,N,N,Y,Y,Y,N,Y,Y,N,N,Y,Y,N,Y,N,N,N,Y,13.934,[6N 22N 26Y 10N ],13.6667,0.0192
Y,N,N,N,N,N,N,Y,N,N,Y,Y,N,Y,N,Y,N,N,N,N,Y,N,N,Y,Y,Y,N,Y,Y,N,N,Y,Y,N,Y,Y,N,N,N,14.680,[6N 22N 26Y 10N ],13.6667,0.0690
Y,N,N,N,N,N,N,Y,N,N,Y,N,N,Y,N,N,Y,N,N,N,N,N,N,Y,Y,Y,N,Y,N,N,Y,Y,Y,N,Y,N,N,Y,N,14.319,[6N 22N 26Y 10N ],13.6667,0.0456
Y,N,N,N,N,N,N,Y,N,Y,Y,N,N,Y,Y,N,N,Y,N,N,N,N,N,Y,Y,Y,N,Y,Y,N,N,Y,Y,N,Y,Y,N,N,N,15.297,[6N 22N 26Y 10Y ],14.5610,0.0481
Y,N,Y,Y,N,N,N,Y,N,N,Y,N,Y,Y,N,N,N,N,N,N,N,Y,N,Y,Y,Y,N,Y,Y,N,N,Y,Y,N,Y,Y,N,N,N,14.641,[6N 22Y 29Y ],13.8765,0.0522
Y,N,N,N,N,N,N,Y,N,N,Y,N,N,Y,N,Y,Y,N,N,N,N,N,N,Y,Y,Y,N,Y,Y,N,N,Y,Y,N,Y,N,N,N,Y,13.672,[6N 22N 26Y 10N ],13.6667,0.0004
Y,N,Y,N,Y,N,N,Y,N,N,Y,N,N,Y,N,N,N,N,N,N,N,Y,N,Y,Y,Y,N,Y,Y,N,N,Y,N,Y,Y,Y,N,N,N,14.465,[6N 22Y 29Y ],13.8765,0.0407
Y,N,Y,Y,N,N,N,Y,N,N,Y,N,N,Y,N,N,N,N,N,N,N,N,N,Y,Y,N,Y,Y,N,N,Y,Y,Y,N,Y,N,Y,N,N,13.651,[6N 22N 26N 3Y ],14.3777,0.0532
Y,N,Y,N,N,N,Y,Y,N,N,Y,N,N,Y,Y,N,N,N,Y,N,N,N,N,Y,Y,Y,N,Y,Y,N,N,Y,Y,N,Y,Y,N,N,N,15.951,[6N 22N 26Y 10N ],13.6667,0.1432
Y,N,Y,N,N,Y,N,Y,N,N,Y,N,Y,Y,N,N,N,N,N,N,N,Y,N,Y,Y,Y,N,Y,Y,N,N,Y,Y,N,Y,Y,N,N,N,15.789,[6Y ],15.0588,0.0462
Y,N,N,N,N,N,N,Y,N,N,Y,Y,N,Y,N,N,N,N,N,N,N,N,N,Y,Y,N,Y,Y,N,Y,N,Y,N,Y,Y,Y,N,N,N,14.680,[6N 22N 26N 3N ],14.9307,0.0171
Y,N,Y,N,Y,N,N,Y,N,N,Y,N,N,Y,N,N,N,N,N,N,N,Y,N,Y,Y,N,Y,Y,Y,N,N,Y,Y,N,Y,N,Y,N,N,14.378,[6N 22Y 29Y ],13.8765,0.0349
Y,N,N,N,N,N,N,Y,N,N,Y,N,N,Y,N,Y,N,N,N,Y,N,N,N,Y,Y,Y,N,Y,N,N,Y,Y,Y,N,Y,Y,N,N,N,14.063,[6N 22N 26Y 10N ],13.6667,0.0282
Y,N,N,N,N,N,N,Y,Y,N,Y,N,N,Y,N,N,Y,N,N,N,N,N,N,Y,Y,N,Y,Y,N,N,Y,Y,Y,N,Y,Y,N,N,N,15.120,[6N 22N 26N 3N ],14.9307,0.0125
Y,N,N,N,N,N,N,Y,N,N,Y,N,N,Y,N,N,N,N,N,N,N,Y,N,Y,Y,Y,N,Y,N,Y,N,Y,Y,N,Y,N,N,Y,N,13.225,[6N 22Y 29N ],13.7242,0.0378
Y,N,N,N,N,N,N,Y,N,N,Y,N,N,Y,N,N,N,Y,Y,N,Y,N,N,Y,Y,Y,N,Y,Y,N,N,Y,Y,N,Y,Y,N,N,N,13.199,[6N 22N 26Y 10N ],13.6667,0.0354
Y,N,N,N,N,N,N,Y,N,N,Y,N,N,Y,N,N,N,N,N,Y,N,N,N,Y,Y,Y,N,Y,N,N,Y,Y,N,Y,Y,Y,N,N,N,14.733,[6N 22N 26Y 10N ],13.6667,0.0724
Y,N,N,N,N,N,N,Y,N,Y,Y,N,N,Y,N,N,N,N,N,Y,N,N,Y,Y,Y,N,Y,Y,Y,N,N,Y,Y,N,Y,Y,N,N,N,15.619,[6N 22N 26N 3N ],14.9307,0.0441
Y,N,Y,N,N,Y,N,Y,N,N,Y,N,N,Y,N,N,N,N,Y,N,N,N,N,Y,Y,Y,N,Y,N,Y,N,Y,Y,N,Y,Y,N,N,N,15.800,[6Y ],15.0588,0.0469
Y,N,N,N,N,N,N,Y,N,N,Y,N,Y,Y,N,Y,N,N,N,N,N,N,N,Y,Y,Y,N,Y,Y,N,N,Y,N,Y,Y,Y,N,N,N,13.332,[6N 22N 26Y 10N ],13.6667,0.0251
Y,Y,N,N,N,N,N,Y,N,N,Y,N,N,Y,N,Y,N,N,N,N,N,N,N,Y,Y,N,Y,Y,N,Y,N,Y,Y,N,Y,Y,N,N,N,13.795,[6N 22N 26N 3N ],14.9307,0.0823
Y,N,N,N,N,N,N,Y,N,N,Y,N,Y,Y,N,N,N,Y,N,N,N,N,N,Y,Y,N,Y,Y,N,Y,N,Y,Y,N,Y,Y,N,N,N,15.069,[6N 22N 26N 3N ],14.9307,0.0092
Y,N,Y,N,N,N,Y,Y,N,N,Y,N,Y,Y,Y,N,N,N,N,N,N,N,N,Y,Y,N,Y,Y,Y,N,N,Y,Y,N,Y,Y,N,N,N,14.432,[6N 22N 26N 3Y ],14.3777,0.0038
Y,Y,N,N,N,N,N,Y,Y,N,Y,N,N,Y,N,N,Y,N,N,N,N,N,N,Y,Y,Y,N,Y,Y,N,N,Y,Y,N,Y,Y,N,N,N,16.090,[6N 22N 26Y 10N ],13.6667,0.1506
Y,Y,N,N,N,N,N,Y,N,N,Y,N,N,Y,N,N,Y,N,Y,N,N,N,N,Y,Y,Y,N,Y,Y,N,N,Y,Y,N,Y,Y,N,N,N,15.147,[6N 22N 26Y 10N ],13.6667,0.0977
Y,Y,Y,N,N,Y,N,Y,Y,Y,Y,Y,Y,Y,Y,Y,Y,Y,Y,N,Y,Y,Y,Y,Y,N,Y,Y,Y,N,N,Y,N,Y,Y,N,Y,N,N,14.409,[6Y ],15.0588,0.0451
Y,Y,N,N,N,N,N,Y,N,N,Y,N,N,Y,N,N,N,Y,N,N,N,N,N,Y,Y,N,Y,Y,Y,N,N,Y,Y,N,Y,Y,N,N,N,13.957,[6N 22N 26N 3N ],14.9307,0.0698
Y,N,Y,Y,N,N,N,Y,N,Y,Y,N,N,Y,N,N,N,N,N,N,N,N,N,Y,Y,N,Y,Y,N,N,Y,Y,Y,N,Y,Y,N,N,N,13.207,[6N 22N 26N 3Y ],14.3777,0.0886
Y,N,Y,N,Y,N,N,Y,N,N,Y,N,N,Y,N,N,N,N,N,N,N,N,N,Y,Y,Y,N,Y,N,Y,N,Y,Y,N,Y,Y,N,N,N,15.256,[6N 22N 26Y 10N ],13.6667,0.1042
Y,N,N,N,N,N,N,Y,N,N,Y,N,N,Y,N,N,N,Y,Y,N,N,N,Y,Y,Y,Y,N,Y,Y,N,N,Y,Y,N,Y,Y,N,N,N,13.682,[6N 22N 26Y 10N ],13.6667,0.0011
Y,N,Y,N,Y,N,N,Y,N,N,Y,N,N,Y,N,Y,N,N,N,Y,N,N,N,Y,Y,Y,N,Y,Y,N,N,Y,Y,N,Y,Y,N,N,N,15.866,[6N 22N 26Y 10N ],13.6667,0.1386
Y,N,N,N,N,N,N,Y,N,Y,Y,N,N,Y,Y,N,N,N,N,N,N,N,N,Y,Y,N,Y,Y,Y,N,N,Y,Y,N,Y,N,N,N,Y,14.424,[6N 22N 26N 3N ],14.9307,0.0351
Y,N,Y,N,Y,N,N,Y,N,N,Y,N,N,Y,N,Y,N,N,N,N,N,Y,N,Y,Y,Y,N,Y,Y,N,N,Y,Y,N,Y,Y,N,N,N,15.997,[6N 22Y 29Y ],13.8765,0.1326
Y,N,N,N,N,N,N,Y,N,Y,Y,N,Y,Y,N,N,N,N,N,N,N,N,N,Y,Y,N,Y,Y,Y,N,N,Y,N,Y,Y,Y,N,N,N,15.828,[6N 22N 26N 3N ],14.9307,0.0567
Y,Y,N,N,N,N,N,Y,N,N,Y,Y,N,Y,N,N,N,Y,N,N,N,N,N,Y,Y,Y,N,Y,Y,N,N,Y,Y,N,Y,Y,N,N,N,14.870,[6N 22N 26Y 10N ],13.6667,0.0809
Y,N,N,N,N,N,N,Y,N,Y,Y,N,N,Y,N,N,N,N,N,N,N,N,Y,Y,Y,N,Y,Y,Y,N,N,Y,Y,N,Y,N,N,N,Y,15.021,[6N 22N 26N 3N ],14.9307,0.0060
Y,N,N,N,N,N,N,Y,N,N,Y,N,N,Y,N,N,N,N,N,Y,N,Y,N,Y,Y,Y,N,Y,Y,N,N,Y,N,Y,Y,Y,N,N,N,13.936,[6N 22Y 29Y ],13.8765,0.0043
Y,N,N,N,N,N,N,Y,N,N,Y,N,Y,Y,N,N,N,N,N,N,N,N,N,Y,Y,N,Y,Y,N,Y,N,Y,Y,N,Y,N,N,Y,N,14.534,[6N 22N 26N 3N ],14.9307,0.0273
Y,N,Y,Y,N,N,N,Y,Y,N,Y,N,N,Y,N,N,N,N,N,N,Y,N,N,Y,Y,N,Y,Y,Y,N,N,Y,Y,N,Y,Y,N,N,N,13.655,[6N 22N 26N 3Y ],14.3777,0.0529
Y,N,N,N,N,N,N,Y,N,N,Y,N,N,Y,Y,N,N,N,N,N,Y,N,N,Y,Y,Y,N,Y,N,Y,N,Y,Y,N,Y,Y,N,N,N,14.193,[6N 22N 26Y 10N ],13.6667,0.0371
Y,N,Y,N,N,Y,N,Y,Y,N,Y,N,N,Y,N,N,N,N,N,N,Y,N,N,Y,Y,N,Y,Y,Y,N,N,Y,Y,N,Y,Y,N,N,N,15.682,[6Y ],15.0588,0.0397
Y,N,Y,N,N,N,Y,Y,N,N,Y,N,N,Y,N,N,N,Y,N,N,N,N,Y,Y,Y,N,Y,Y,Y,N,N,Y,Y,N,Y,Y,N,N,N,13.659,[6N 22N 26N 3Y ],14.3777,0.0526
Y,N,N,N,N,N,N,Y,N,Y,Y,N,N,Y,N,N,N,Y,N,N,N,N,Y,Y,Y,Y,N,Y,Y,N,N,Y,Y,N,Y,Y,N,N,N,14.906,[6N 22N 26Y 10Y ],14.5610,0.0231
Y,N,N,N,N,N,N,Y,N,N,Y,Y,N,Y,N,N,N,N,Y,Y,N,N,N,Y,Y,N,Y,Y,Y,N,N,Y,Y,N,Y,Y,N,N,N,14.056,[6N 22N 26N 3N ],14.9307,0.0622
Y,N,Y,N,Y,N,N,Y,N,N,Y,N,N,Y,N,N,N,N,N,N,Y,N,N,Y,Y,Y,N,Y,N,N,Y,Y,Y,N,Y,Y,N,N,N,14.557,[6N 22N 26Y 10N ],13.6667,0.0612
Y,Y,N,N,N,N,N,Y,N,N,Y,N,N,Y,N,N,N,Y,N,N,N,N,N,Y,Y,N,Y,Y,Y,N,N,Y,Y,N,Y,N,N,N,Y,14.459,[6N 22N 26N 3N ],14.9307,0.0326
Y,Y,Y,N,N,N,Y,Y,N,N,Y,N,N,Y,N,N,N,N,N,N,N,N,N,Y,Y,Y,N,Y,Y,N,N,Y,Y,N,Y,N,N,Y,N,15.769,[6N 22N 26Y 10N ],13.6667,0.1333
Y,N,N,N,N,N,N,Y,N,N,Y,N,N,Y,N,N,N,N,N,Y,Y,N,N,Y,Y,N,Y,Y,Y,N,N,Y,N,Y,Y,Y,N,N,N,15.273,[6N 22N 26N 3N ],14.9307,0.0224
Y,Y,Y,N,N,N,Y,Y,Y,Y,Y,Y,Y,Y,Y,Y,Y,Y,Y,Y,Y,N,Y,Y,Y,Y,N,Y,N,N,Y,Y,Y,N,Y,N,N,Y,N,12.847,[6N 22N 26Y 10Y ],14.5610,0.1334
Y,N,N,N,N,N,N,Y,N,N,Y,N,Y,Y,N,N,N,N,N,N,N,N,Y,Y,Y,Y,N,Y,Y,N,N,Y,N,Y,Y,Y,N,N,N,14.128,[6N 22N 26Y 10N ],13.6667,0.0327
Y,N,N,N,N,N,N,Y,N,N,Y,Y,N,Y,N,N,N,N,N,N,N,N,N,Y,Y,Y,N,Y,Y,N,N,Y,N,Y,Y,N,Y,N,N,14.011,[6N 22N 26Y 10N ],13.6667,0.0246
Y,N,Y,N,N,Y,N,Y,N,Y,Y,N,N,Y,N,N,N,N,N,Y,N,N,N,Y,Y,Y,N,Y,Y,N,N,Y,Y,N,Y,Y,N,N,N,15.708,[6Y ],15.0588,0.0413
Y,N,Y,N,N,N,Y,Y,N,N,Y,N,N,Y,N,N,N,N,N,N,N,Y,Y,Y,Y,N,Y,Y,Y,N,N,Y,Y,N,Y,Y,N,N,N,14.211,[6N 22Y 29Y ],13.8765,0.0235
Y,N,N,N,N,N,N,Y,N,Y,Y,N,N,Y,N,N,N,N,Y,N,N,N,N,Y,Y,N,Y,Y,Y,N,N,Y,Y,N,Y,N,N,Y,N,14.019,[6N 22N 26N 3N ],14.9307,0.0650
Y,N,Y,N,N,N,Y,Y,N,N,Y,N,N,Y,N,N,N,N,N,N,N,N,Y,Y,Y,Y,N,Y,Y,N,N,Y,N,Y,Y,Y,N,N,N,15.649,[6N 22N 26Y 10N ],13.6667,0.1267
Y,N,N,N,N,N,N,Y,N,N,Y,N,N,Y,N,N,N,N,N,Y,N,N,N,Y,Y,N,Y,Y,N,N,Y,Y,Y,N,Y,N,N,N,Y,15.105,[6N 22N 26N 3N ],14.9307,0.0115
Y,N,N,N,N,N,N,Y,N,N,Y,N,N,Y,N,Y,N,N,N,N,N,N,N,Y,Y,N,Y,Y,N,Y,N,Y,Y,N,Y,N,N,N,Y,14.132,[6N 22N 26N 3N ],14.9307,0.0565
Y,Y,Y,N,N,Y,N,Y,N,N,Y,N,N,Y,N,N,N,N,N,N,N,N,N,Y,Y,Y,N,Y,N,Y,N,Y,Y,N,Y,Y,N,N,N,15.744,[6Y ],15.0588,0.0435
Y,N,N,N,N,N,N,Y,N,Y,Y,N,N,Y,N,Y,N,N,Y,N,N,N,N,Y,Y,Y,N,Y,Y,N,N,Y,Y,N,Y,Y,N,N,N,15.140,[6N 22N 26Y 10Y ],14.5610,0.0382
Y,N,Y,Y,N,N,N,Y,N,Y,Y,N,N,Y,N,N,N,N,N,N,N,Y,N,Y,Y,Y,N,Y,Y,N,N,Y,Y,N,Y,Y,N,N,N,13.878,[6N 22Y 29Y ],13.8765,0.0001
Y,N,N,N,N,N,N,Y,N,N,Y,N,N,Y,Y,Y,N,N,N,N,N,N,N,Y,Y,Y,N,Y,Y,N,N,Y,Y,N,Y,N,N,N,Y,14.547,[6N 22N 26Y 10N ],13.6667,0.0605
Y,N,N,N,N,N,N,Y,N,N,Y,Y,N,Y,N,N,Y,N,N,N,N,N,N,Y,Y,N,Y,Y,N,N,Y,Y,Y,N,Y,Y,N,N,N,15.072,[6N 22N 26N 3N ],14.9307,0.0094
Y,N,Y,N,N,N,Y,Y,N,Y,Y,N,N,Y,N,N,N,N,N,N,N,N,N,Y,Y,Y,N,Y,Y,N,N,Y,N,Y,Y,Y,N,N,N,15.331,[6N 22N 26Y 10Y ],14.5610,0.0502
Y,N,N,N,N,N,N,Y,N,Y,Y,Y,N,Y,N,N,N,N,N,N,N,N,N,Y,Y,N,Y,Y,Y,N,N,Y,Y,N,Y,N,Y,N,N,13.853,[6N 22N 26N 3N ],14.9307,0.0778
Y,N,Y,N,Y,N,N,Y,N,N,Y,N,Y,Y,N,N,N,N,N,N,N,N,N,Y,Y,Y,N,Y,N,Y,N,Y,Y,N,Y,Y,N,N,N,14.268,[6N 22N 26Y 10N ],13.6667,0.0421
Y,N,N,N,N,N,N,Y,N,Y,Y,N,N,Y,Y,Y,N,N,N,N,N,N,N,Y,Y,N,Y,Y,Y,N,N,Y,Y,N,Y,Y,N,N,N,15.841,[6N 22N 26N 3N ],14.9307,0.0575
Y,N,Y,N,N,N,Y,Y,N,N,Y,N,N,Y,N,N,N,N,N,N,N,Y,N,Y,Y,Y,N,Y,N,Y,N,Y,Y,N,Y,Y,N,N,N,15.701,[6N 22Y 29N ],13.7242,0.1259
Y,N,Y,N,N,N,Y,Y,N,N,Y,N,N,Y,N,N,N,N,Y,N,N,N,N,Y,Y,N,Y,Y,N,Y,N,Y,Y,N,Y,Y,N,N,N,14.876,[6N 22N 26N 3Y ],14.3777,0.0335
Y,N,N,N,N,N,N,Y,N,Y,Y,N,N,Y,N,N,N,N,N,N,N,N,N,Y,Y,Y,N,Y,N,Y,N,Y,Y,N,Y,N,N,Y,N,13.079,[6N 22N 26Y 10Y ],14.5610,0.1133
Y,Y,Y,N,N,Y,N,Y,Y,Y,Y,Y,Y,Y,N,Y,Y,Y,Y,Y,Y,Y,Y,Y,Y,N,Y,Y,N,Y,N,Y,N,Y,Y,N,N,N,Y,15.003,[6Y ],15.0588,0.0037
Y,N,Y,N,Y,N,N,Y,N,N,Y,N,N,Y,N,Y,N,N,N,N,N,N,N,Y,Y,Y,N,Y,N,Y,N,Y,Y,N,Y,Y,N,N,N,14.995,[6N 22N 26Y 10N ],13.6667,0.0886
Y,N,N,N,N,N,N,Y,N,Y,Y,N,N,Y,N,N,N,Y,N,N,N,N,N,Y,Y,N,Y,Y,Y,N,N,Y,Y,N,Y,N,N,Y,N,14.895,[6N 22N 26N 3N ],14.9307,0.0024
Y,N,Y,N,N,N,Y,Y,N,Y,Y,N,N,Y,N,N,N,Y,N,N,N,N,N,Y,Y,Y,N,Y,Y,N,N,Y,Y,N,Y,Y,N,N,N,15.898,[6N 22N 26Y 10Y ],14.5610,0.0841
Y,N,N,N,N,N,N,Y,N,N,Y,N,N,Y,N,N,N,N,N,N,N,N,Y,Y,Y,N,Y,Y,Y,N,N,Y,N,Y,Y,N,N,Y,N,15.534,[6N 22N 26N 3N ],14.9307,0.0388
Y,N,N,N,N,N,N,Y,N,N,Y,N,N,Y,N,Y,N,N,N,N,N,N,N,Y,Y,N,Y,Y,Y,N,N,Y,N,Y,Y,Y,N,N,N,13.722,[6N 22N 26N 3N ],14.9307,0.0881
Y,N,N,N,N,N,N,Y,N,N,Y,N,N,Y,N,N,N,N,N,Y,N,N,N,Y,Y,Y,N,Y,Y,N,N,Y,N,Y,Y,N,N,N,Y,13.973,[6N 22N 26Y 10N ],13.6667,0.0219
Y,N,N,N,N,N,N,Y,Y,N,Y,N,N,Y,N,N,N,N,N,N,N,N,Y,Y,Y,Y,N,Y,N,Y,N,Y,Y,N,Y,Y,N,N,N,13.828,[6N 22N 26Y 10N ],13.6667,0.0117
Y,N,Y,N,N,N,Y,Y,N,N,Y,Y,N,Y,N,N,N,Y,N,N,N,N,N,Y,Y,Y,N,Y,Y,N,N,Y,Y,N,Y,Y,N,N,N,16.564,[6N 22N 26Y 10N ],13.6667,0.1749
Y,N,Y,N,Y,N,N,Y,N,N,Y,N,N,Y,N,Y,N,N,N,N,N,N,N,Y,Y,N,Y,Y,Y,N,N,Y,Y,N,Y,Y,N,N,N,14.293,[6N 22N 26N 3Y ],14.3777,0.0059
Y,N,Y,Y,N,N,N,Y,N,N,Y,N,N,Y,N,N,N,Y,N,N,N,N,N,Y,Y,N,Y,Y,Y,N,N,Y,Y,N,Y,Y,N,N,N,13.888,[6N 22N 26N 3Y ],14.3777,0.0353
Y,N,Y,N,N,N,Y,Y,N,N,Y,Y,N,Y,N,N,N,N,N,N,N,N,N,Y,Y,N,Y,Y,N,Y,N,Y,Y,N,Y,Y,N,N,N,13.879,[6N 22N 26N 3Y ],14.3777,0.0359
Y,N,N,N,N,N,N,Y,N,Y,Y,N,Y,Y,N,Y,N,N,N,N,N,N,N,Y,Y,Y,N,Y,Y,N,N,Y,Y,N,Y,Y,N,N,N,14.927,[6N 22N 26Y 10Y ],14.5610,0.0245
Y,N,N,N,N,N,N,Y,N,N,Y,Y,N,Y,N,N,Y,N,N,N,N,N,N,Y,Y,N,Y,Y,Y,N,N,Y,Y,N,Y,N,Y,N,N,15.768,[6N 22N 26N 3N ],14.9307,0.0531
Y,N,N,N,N,N,N,Y,N,Y,Y,N,N,Y,Y,N,N,N,N,N,N,N,N,Y,Y,Y,N,Y,N,N,Y,Y,Y,N,Y,Y,N,N,N,13.624,[6N 22N 26Y 10Y ],14.5610,0.0688
Y,N,N,N,N,N,N,Y,N,N,Y,N,N,Y,N,N,Y,N,N,N,N,Y,N,Y,Y,Y,N,Y,N,N,Y,Y,Y,N,Y,Y,N,N,N,14.119,[6N 22Y 29N ],13.7242,0.0280
Y,N,N,N,N,N,N,Y,N,N,Y,N,N,Y,N,N,N,N,N,N,Y,N,Y,Y,Y,Y,N,Y,Y,N,N,Y,Y,N,Y,N,Y,N,N,13.313,[6N 22N 26Y 10N ],13.6667,0.0266
Y,N,N,N,N,N,N,Y,N,N,Y,N,N,Y,N,N,N,N,Y,N,Y,N,N,Y,Y,Y,N,Y,Y,N,N,Y,Y,N,Y,N,N,Y,N,14.414,[6N 22N 26Y 10N ],13.6667,0.0518
Y,N,N,N,N,N,N,Y,N,N,Y,N,Y,Y,N,N,N,N,N,N,N,N,Y,Y,Y,N,Y,Y,Y,N,N,Y,N,Y,Y,Y,N,N,N,15.425,[6N 22N 26N 3N ],14.9307,0.0320
Y,N,N,N,N,N,N,Y,N,N,Y,N,N,Y,N,N,N,N,Y,N,N,N,N,Y,Y,N,Y,Y,N,N,Y,Y,Y,N,Y,N,N,N,Y,15.418,[6N 22N 26N 3N ],14.9307,0.0316
Y,Y,Y,N,N,N,Y,Y,Y,Y,Y,Y,Y,Y,Y,Y,Y,Y,Y,N,Y,Y,Y,Y,Y,N,Y,Y,N,N,Y,Y,Y,N,Y,N,N,N,Y,14.504,[6N 22Y 29N ],13.7242,0.0538
Y,N,Y,N,N,N,Y,Y,N,N,Y,N,N,Y,N,Y,N,N,N,N,N,N,N,Y,Y,N,Y,Y,N,N,Y,Y,Y,N,Y,Y,N,N,N,13.964,[6N 22N 26N 3Y ],14.3777,0.0296
Y,N,N,N,N,N,N,Y,N,N,Y,N,N,Y,N,Y,N,N,N,N,N,N,N,Y,Y,Y,N,Y,N,N,Y,Y,Y,N,Y,N,N,N,Y,13.103,[6N 22N 26Y 10N ],13.6667,0.0430
Y,N,N,N,N,N,N,Y,N,N,Y,N,N,Y,N,N,Y,N,N,N,N,N,Y,Y,Y,Y,N,Y,Y,N,N,Y,Y,N,Y,N,N,N,Y,13.808,[6N 22N 26Y 10N ],13.6667,0.0102
Y,N,Y,Y,N,N,N,Y,N,N,Y,N,N,Y,N,N,N,N,Y,N,Y,N,N,Y,Y,Y,N,Y,Y,N,N,Y,Y,N,Y,Y,N,N,N,14.633,[6N 22N 26Y 10N ],13.6667,0.0660
Y,N,N,N,N,N,N,Y,Y,N,Y,N,N,Y,N,N,N,N,N,Y,N,N,N,Y,Y,Y,N,Y,Y,N,N,Y,Y,N,Y,N,N,N,Y,14.004,[6N 22N 26Y 10N ],13.6667,0.0241
Y,N,N,N,N,N,N,Y,N,N,Y,N,N,Y,Y,N,N,Y,N,N,N,N,N,Y,Y,Y,N,Y,N,N,Y,Y,Y,N,Y,Y,N,N,N,13.837,[6N 22N 26Y 10N ],13.6667,0.0123
Y,N,Y,N,N,N,Y,Y,Y,N,Y,N,N,Y,N,N,N,Y,N,N,N,N,N,Y,Y,Y,N,Y,Y,N,N,Y,Y,N,Y,Y,N,N,N,15.809,[6N 22N 26Y 10N ],13.6667,0.1355
Y,N,N,N,N,N,N,Y,N,N,Y,N,N,Y,Y,N,N,N,N,Y,N,N,N,Y,Y,Y,N,Y,Y,N,N,Y,Y,N,Y,N,Y,N,N,13.846,[6N 22N 26Y 10N ],13.6667,0.0130
Y,N,N,N,N,N,N,Y,N,N,Y,N,Y,Y,N,N,N,Y,N,N,N,N,N,Y,Y,N,Y,Y,Y,N,N,Y,Y,N,Y,N,N,Y,N,14.528,[6N 22N 26N 3N ],14.9307,0.0277
Y,N,Y,N,N,Y,N,Y,N,N,Y,N,N,Y,N,Y,N,N,N,N,N,N,N,Y,Y,Y,N,Y,N,N,Y,Y,Y,N,Y,Y,N,N,N,15.416,[6Y ],15.0588,0.0232
Y,N,Y,Y,N,N,N,Y,Y,N,Y,N,N,Y,N,N,N,N,N,N,N,N,N,Y,Y,Y,N,Y,Y,N,N,Y,Y,N,Y,N,N,Y,N,13.645,[6N 22N 26Y 10N ],13.6667,0.0016
Y,Y,N,N,N,N,N,Y,N,N,Y,N,N,Y,N,N,N,N,N,N,Y,Y,N,Y,Y,N,Y,Y,Y,N,N,Y,Y,N,Y,Y,N,N,N,15.048,[6N 22Y 29Y ],13.8765,0.0779
Y,Y,N,N,N,N,N,Y,N,N,Y,N,N,Y,Y,N,N,N,Y,N,N,N,N,Y,Y,N,Y,Y,Y,N,N,Y,Y,N,Y,Y,N,N,N,14.677,[6N 22N 26N 3N ],14.9307,0.0173
Y,N,N,N,N,N,N,Y,Y,N,Y,N,N,Y,N,N,N,N,N,N,N,N,N,Y,Y,Y,N,Y,N,N,Y,Y,Y,N,Y,N,N,N,Y,13.539,[6N 22N 26Y 10N ],13.6667,0.0094
Y,N,Y,N,Y,N,N,Y,N,N,Y,N,N,Y,N,N,N,N,N,N,N,Y,N,Y,Y,N,Y,Y,Y,N,N,Y,N,Y,Y,Y,N,N,N,14.788,[6N 22Y 29Y ],13.8765,0.0616
Y,Y,N,N,N,N,N,Y,N,N,Y,N,N,Y,N,N,N,Y,N,N,N,N,N,Y,Y,N,Y,Y,N,Y,N,Y,Y,N,Y,Y,N,N,N,13.806,[6N 22N 26N 3N ],14.9307,0.0815
Y,N,N,N,N,N,N,Y,N,N,Y,N,N,Y,N,Y,N,N,N,N,N,N,Y,Y,Y,N,Y,Y,Y,N,N,Y,Y,N,Y,N,N,N,Y,15.755,[6N 22N 26N 3N ],14.9307,0.0523
Y,N,N,N,N,N,N,Y,N,N,Y,N,N,Y,N,Y,N,Y,Y,N,N,N,N,Y,Y,N,Y,Y,Y,N,N,Y,Y,N,Y,Y,N,N,N,13.967,[6N 22N 26N 3N ],14.9307,0.0690
Y,N,N,N,N,N,N,Y,N,N,Y,N,N,Y,Y,N,Y,Y,N,N,N,N,N,Y,Y,Y,N,Y,Y,N,N,Y,Y,N,Y,Y,N,N,N,13.597,[6N 22N 26Y 10N ],13.6667,0.0051
Y,Y,N,N,N,N,N,Y,N,N,Y,Y,N,Y,N,Y,N,N,N,N,N,N,N,Y,Y,N,Y,Y,Y,N,N,Y,Y,N,Y,Y,N,N,N,15.239,[6N 22N 26N 3N ],14.9307,0.0202
Y,Y,Y,N,N,N,Y,Y,Y,Y,Y,Y,Y,Y,Y,Y,N,Y,Y,Y,Y,Y,Y,Y,Y,Y,N,Y,N,N,Y,Y,N,Y,Y,Y,N,N,N,14.177,[6N 22Y 29N ],13.7242,0.0319
Y,N,N,N,N,N,N,Y,N,N,Y,N,N,Y,N,Y,N,N,Y,Y,N,N,N,Y,Y,N,Y,Y,Y,N,N,Y,Y,N,Y,Y,N,N,N,13.935,[6N 22N 26N 3N ],14.9307,0.0715
Y,N,N,N,N,N,N,Y,N,N,Y,N,N,Y,N,N,N,N,N,Y,N,N,N,Y,Y,N,Y,Y,N,Y,N,Y,N,Y,Y,Y,N,N,N,14.689,[6N 22N 26N 3N ],14.9307,0.0165
Y,N,N,N,N,N,N,Y,N,N,Y,Y,N,Y,N,Y,N,N,Y,N,N,N,N,Y,Y,Y,N,Y,Y,N,N,Y,Y,N,Y,Y,N,N,N,14.138,[6N 22N 26Y 10N ],13.6667,0.0333
Y,N,N,N,N,N,N,Y,N,N,Y,N,N,Y,N,Y,N,N,N,N,N,Y,N,Y,Y,Y,N,Y,Y,N,N,Y,Y,N,Y,N,N,N,Y,13.430,[6N 22Y 29Y ],13.8765,0.0332
Y,N,N,N,N,N,N,Y,N,N,Y,N,N,Y,N,Y,N,N,N,N,N,Y,N,Y,Y,N,Y,Y,N,Y,N,Y,Y,N,Y,Y,N,N,N,15.277,[6N 22Y 29N ],13.7242,0.1016
Y,N,N,N,N,N,N,Y,N,N,Y,N,N,Y,N,N,Y,Y,N,N,N,N,N,Y,Y,N,Y,Y,Y,N,N,Y,Y,N,Y,N,N,N,Y,14.923,[6N 22N 26N 3N ],14.9307,0.0005
Y,Y,N,N,N,N,N,Y,N,N,Y,N,N,Y,N,N,N,N,N,N,N,N,N,Y,Y,N,Y,Y,N,Y,N,Y,Y,N,Y,N,N,Y,N,14.481,[6N 22N 26N 3N ],14.9307,0.0311
Y,N,N,N,N,N,N,Y,Y,N,Y,Y,N,Y,N,N,N,N,N,N,N,N,N,Y,Y,Y,N,Y,N,Y,N,Y,Y,N,Y,Y,N,N,N,13.970,[6N 22N 26Y 10N ],13.6667,0.0217
Y,N,N,N,N,N,N,Y,N,Y,Y,N,N,Y,Y,N,N,N,N,N,N,N,N,Y,Y,N,Y,Y,Y,N,N,Y,N,Y,Y,Y,N,N,N,15.965,[6N 22N 26N 3N ],14.9307,0.0648
Y,N,Y,Y,N,N,N,Y,N,N,Y,N,Y,Y,N,N,N,N,Y,N,N,N,N,Y,Y,Y,N,Y,Y,N,N,Y,Y,N,Y,Y,N,N,N,13.863,[6N 22N 26Y 10N ],13.6667,0.0142
Y,N,N,N,N,N,N,Y,N,N,Y,N,N,Y,N,N,N,N,N,N,N,N,Y,Y,Y,Y,N,Y,N,N,Y,Y,Y,N,Y,N,N,N,Y,13.866,[6N 22N 26Y 10N ],13.6667,0.0144
Y,N,N,N,N,N,N,Y,N,N,Y,N,N,Y,N,N,N,N,Y,N,N,N,Y,Y,Y,N,Y,Y,Y,N,N,Y,Y,N,Y,Y,N,N,N,13.539,[6N 22N 26N 3N ],14.9307,0.1028
Y,N,Y,N,Y,N,N,Y,N,N,Y,N,N,Y,N,N,Y,N,N,N,N,N,N,Y,Y,Y,N,Y,Y,N,N,Y,Y,N,Y,N,N,Y,N,15.458,[6N 22N 26Y 10N ],13.6667,0.1159
Y,N,Y,N,N,Y,N,Y,N,N,Y,Y,N,Y,N,N,N,N,N,Y,N,N,N,Y,Y,N,Y,Y,Y,N,N,Y,Y,N,Y,Y,N,N,N,14.882,[6Y ],15.0588,0.0119
Y,Y,Y,Y,N,N,N,Y,Y,Y,Y,Y,Y,Y,Y,Y,Y,Y,Y,Y,Y,Y,Y,Y,Y,Y,N,Y,N,N,Y,Y,Y,N,Y,N,Y,N,N,15.014,[6N 22Y 29N ],13.7242,0.0859
Y,N,N,N,N,N,N,Y,N,N,Y,N,N,Y,N,N,N,N,N,N,N,N,N,Y,Y,Y,N,Y,Y,N,N,Y,N,Y,Y,N,Y,N,N,15.292,[6N 22N 26Y 10N ],13.6667,0.1063
Y,N,N,N,N,N,N,Y,N,N,Y,N,N,Y,N,N,N,N,Y,N,N,N,N,Y,Y,N,Y,Y,N,N,Y,Y,Y,N,Y,N,Y,N,N,15.908,[6N 22N 26N 3N ],14.9307,0.0614
Y,Y,Y,N,Y,N,N,Y,Y,Y,Y,Y,Y,Y,Y,Y,Y,Y,Y,N,Y,Y,Y,Y,Y,N,Y,Y,N,Y,N,Y,Y,N,Y,N,Y,N,N,14.173,[6N 22Y 29N ],13.7242,0.0317
Y,N,Y,N,N,Y,N,Y,N,Y,Y,Y,N,Y,N,N,N,N,N,N,N,N,N,Y,Y,N,Y,Y,Y,N,N,Y,Y,N,Y,Y,N,N,N,15.404,[6Y ],15.0588,0.0224
Y,Y,Y,N,Y,N,N,Y,Y,Y,Y,N,Y,Y,Y,Y,Y,Y,Y,Y,Y,Y,Y,Y,Y,N,Y,Y,N,Y,N,Y,Y,N,Y,N,N,Y,N,14.082,[6N 22Y 29N ],13.7242,0.0254
Y,N,Y,N,N,Y,N,Y,N,N,Y,N,N,Y,N,N,N,N,N,N,N,N,N,Y,Y,Y,N,Y,Y,N,N,Y,Y,N,Y,N,N,N,Y,14.751,[6Y ],15.0588,0.0209
Y,N,N,N,N,N,N,Y,N,N,Y,N,N,Y,N,N,N,N,N,N,Y,N,N,Y,Y,Y,N,Y,Y,N,N,Y,N,Y,Y,N,N,Y,N,14.292,[6N 22N 26Y 10N ],13.6667,0.0438
Y,N,Y,N,N,Y,N,Y,N,N,Y,N,N,Y,N,Y,N,N,N,N,N,N,N,Y,Y,Y,N,Y,N,Y,N,Y,Y,N,Y,Y,N,N,N,15.361,[6Y ],15.0588,0.0197
Y,N,Y,N,N,Y,N,Y,Y,N,Y,N,Y,Y,N,N,N,N,N,N,N,N,N,Y,Y,N,Y,Y,Y,N,N,Y,Y,N,Y,Y,N,N,N,15.829,[6Y ],15.0588,0.0487
Y,N,Y,N,N,Y,N,Y,N,N,Y,N,N,Y,N,Y,N,N,N,N,N,N,N,Y,Y,N,Y,Y,Y,N,N,Y,Y,N,Y,Y,N,N,N,14.259,[6Y ],15.0588,0.0561
Y,N,N,N,N,N,N,Y,N,N,Y,N,N,Y,N,N,N,N,Y,N,N,N,Y,Y,Y,Y,N,Y,Y,N,N,Y,Y,N,Y,N,Y,N,N,14.065,[6N 22N 26Y 10N ],13.6667,0.0283
Y,N,N,N,N,N,N,Y,N,N,Y,N,N,Y,N,N,N,N,N,N,N,N,N,Y,Y,Y,N,Y,N,Y,N,Y,N,Y,Y,N,N,Y,N,15.196,[6N 22N 26Y 10N ],13.6667,0.1006
Y,Y,N,N,N,N,N,Y,N,N,Y,N,N,Y,N,N,N,N,N,N,N,N,N,Y,Y,Y,N,Y,Y,N,N,Y,N,Y,Y,N,N,N,Y,14.240,[6N 22N 26Y 10N ],13.6667,0.0403
Y,N,N,N,N,N,N,Y,N,N,Y,N,N,Y,N,N,N,Y,N,N,N,N,Y,Y,Y,N,Y,Y,Y,N,N,Y,Y,N,Y,N,N,N,Y,14.245,[6N 22N 26N 3N ],14.9307,0.0481
Y,Y,N,N,N,N,N,Y,N,N,Y,N,Y,Y,N,N,N,Y,N,N,N,N,N,Y,Y,N,Y,Y,Y,N,N,Y,Y,N,Y,Y,N,N,N,14.816,[6N 22N 26N 3N ],14.9307,0.0077
Y,Y,N,N,N,N,N,Y,N,N,Y,N,N,Y,N,N,N,N,N,N,N,Y,N,Y,Y,N,Y,Y,Y,N,N,Y,Y,N,Y,N,N,Y,N,15.378,[6N 22Y 29Y ],13.8765,0.0976
Y,Y,Y,N,Y,N,N,Y,Y,Y,Y,Y,Y,Y,Y,N,Y,Y,Y,Y,Y,Y,Y,Y,Y,N,Y,Y,N,Y,N,Y,Y,N,Y,N,N,Y,N,14.201,[6N 22Y 29N ],13.7242,0.0336
Y,N,N,N,N,N,N,Y,N,Y,Y,N,N,Y,Y,N,N,N,N,N,N,N,N,Y,Y,N,Y,Y,N,Y,N,Y,Y,N,Y,Y,N,N,N,13.203,[6N 22N 26N 3N ],14.9307,0.1309
Y,N,N,N,N,N,N,Y,N,Y,Y,N,N,Y,N,N,N,N,N,Y,N,N,N,Y,Y,N,Y,Y,Y,N,N,Y,N,Y,Y,Y,N,N,N,15.829,[6N 22N 26N 3N ],14.9307,0.0568
Y,N,Y,N,N,N,Y,Y,N,N,Y,N,N,Y,N,N,N,N,N,N,N,N,N,Y,Y,Y,N,Y,Y,N,N,Y,Y,N,Y,N,N,N,Y,15.431,[6N 22N 26Y 10N ],13.6667,0.1143
Y,Y,Y,N,Y,N,N,Y,N,N,Y,N,Y,Y,N,N,N,N,N,N,N,N,N,Y,Y,N,Y,Y,Y,N,N,Y,Y,N,Y,Y,N,N,N,14.367,[6N 22N 26N 3Y ],14.3777,0.0007
Y,Y,N,N,N,N,N,Y,Y,N,Y,N,N,Y,N,N,N,N,N,N,N,N,N,Y,Y,Y,N,Y,Y,N,N,Y,Y,N,Y,N,Y,N,N,13.363,[6N 22N 26Y 10N ],13.6667,0.0227
Y,N,Y,N,Y,N,N,Y,N,Y,Y,N,N,Y,N,N,N,N,N,N,N,N,N,Y,Y,Y,N,Y,Y,N,N,Y,Y,N,Y,Y,N,N,N,14.288,[6N 22N 26Y 10Y ],14.5610,0.0191
Y,N,Y,Y,N,N,N,Y,N,N,Y,N,N,Y,N,N,N,N,Y,N,N,N,N,Y,Y,Y,N,Y,N,Y,N,Y,Y,N,Y,Y,N,N,N,13.623,[6N 22N 26Y 10N ],13.6667,0.0032
Y,N,N,N,N,N,N,Y,N,N,Y,N,N,Y,N,Y,Y,N,N,N,N,N,N,Y,Y,N,Y,Y,Y,N,N,Y,N,Y,Y,Y,N,N,N,15.821,[6N 22N 26N 3N ],14.9307,0.0563
Y,Y,Y,N,N,N,Y,Y,N,N,Y,N,N,Y,N,N,N,N,N,N,N,N,N,Y,Y,N,Y,Y,Y,N,N,Y,Y,N,Y,N,Y,N,N,13.558,[6N 22N 26N 3Y ],14.3777,0.0605
Y,N,Y,N,N,Y,N,Y,N,N,Y,N,N,Y,N,N,N,N,N,N,N,N,N,Y,Y,Y,N,Y,Y,N,N,Y,Y,N,Y,N,N,Y,N,14.884,[6Y ],15.0588,0.0117
Y,N,N,N,N,N,N,Y,N,N,Y,Y,N,Y,N,N,N,N,Y,N,N,Y,N,Y,Y,Y,N,Y,Y,N,N,Y,Y,N,Y,Y,N,N,N,14.323,[6N 22Y 29Y ],13.8765,0.0312
Y,N,Y,N,Y,N,N,Y,Y,N,Y,N,N,Y,N,N,N,Y,N,N,N,N,N,Y,Y,Y,N,Y,Y,N,N,Y,Y,N,Y,Y,N,N,N,16.036,[6N 22N 26Y 10N ],13.6667,0.1478
Y,N,Y,N,N,N,Y,Y,N,N,Y,Y,N,Y,N,N,N,N,N,N,N,N,N,Y,Y,Y,N,Y,Y,N,N,Y,Y,N,Y,N,N,N,Y,16.400,[6N 22N 26Y 10N ],13.6667,0.1667
Y,N,N,N,N,N,N,Y,Y,N,Y,N,Y,Y,N,N,N,N,N,N,N,N,N,Y,Y,Y,N,Y,Y,N,N,Y,N,Y,Y,Y,N,N,N,14.048,[6N 22N 26Y 10N ],13.6667,0.0271
Y,N,Y,Y,N,N,N,Y,N,N,Y,N,N,Y,N,N,N,N,N,N,N,Y,N,Y,Y,N,Y,Y,Y,N,N,Y,Y,N,Y,N,Y,N,N,13.889,[6N 22Y 29Y ],13.8765,0.0009
Y,N,Y,Y,N,N,N,Y,N,Y,Y,N,N,Y,N,Y,N,N,N,N,N,N,N,Y,Y,Y,N,Y,Y,N,N,Y,Y,N,Y,Y,N,N,N,14.087,[6N 22N 26Y 10Y ],14.5610,0.0336
Y,N,Y,N,N,Y,N,Y,N,N,Y,N,N,Y,N,N,N,N,N,Y,N,Y,N,Y,Y,Y,N,Y,Y,N,N,Y,Y,N,Y,Y,N,N,N,15.136,[6Y ],15.0588,0.0051
Y,N,Y,Y,N,N,N,Y,N,N,Y,N,N,Y,N,N,N,Y,N,N,N,N,Y,Y,Y,N,Y,Y,Y,N,N,Y,Y,N,Y,Y,N,N,N,14.149,[6N 22N 26N 3Y ],14.3777,0.0162
Y,N,N,N,N,N,N,Y,N,N,Y,Y,N,Y,N,N,N,Y,N,N,Y,N,N,Y,Y,Y,N,Y,Y,N,N,Y,Y,N,Y,Y,N,N,N,15.260,[6N 22N 26Y 10N ],13.6667,0.1044
Y,N,N,N,N,N,N,Y,N,N,Y,Y,N,Y,N,N,N,N,Y,N,N,N,N,Y,Y,N,Y,Y,Y,N,N,Y,N,Y,Y,Y,N,N,N,14.419,[6N 22N 26N 3N ],14.9307,0.0355
Y,N,Y,N,Y,N,N,Y,N,N,Y,N,N,Y,N,N,N,N,N,N,N,Y,N,Y,Y,N,Y,Y,N,N,Y,Y,Y,N,Y,Y,N,N,N,14.557,[6N 22Y 29N ],13.7242,0.0572
Y,N,Y,N,Y,N,N,Y,N,N,Y,Y,N,Y,N,N,N,N,N,N,Y,N,N,Y,Y,N,Y,Y,Y,N,N,Y,Y,N,Y,Y,N,N,N,15.236,[6N 22N 26N 3Y ],14.3777,0.0563
Y,N,Y,N,Y,N,N,Y,Y,Y,Y,N,N,Y,N,N,N,N,N,N,N,N,N,Y,Y,N,Y,Y,Y,N,N,Y,Y,N,Y,Y,N,N,N,14.764,[6N 22N 26N 3Y ],14.3777,0.0262
Y,N,Y,Y,N,N,N,Y,N,N,Y,N,N,Y,N,N,N,Y,N,N,N,Y,N,Y,Y,N,Y,Y,Y,N,N,Y,Y,N,Y,Y,N,N,N,16.108,[6N 22Y 29Y ],13.8765,0.1385
Y,N,Y,N,N,N,Y,Y,N,N,Y,N,Y,Y,N,N,N,N,N,N,Y,N,N,Y,Y,N,Y,Y,Y,N,N,Y,Y,N,Y,Y,N,N,N,14.329,[6N 22N 26N 3Y ],14.3777,0.0034
Y,N,Y,N,N,N,Y,Y,N,N,Y,Y,N,Y,N,N,N,N,N,N,N,N,N,Y,Y,N,Y,Y,N,N,Y,Y,Y,N,Y,Y,N,N,N,14.521,[6N 22N 26N 3Y ],14.3777,0.0099
Y,Y,Y,N,N,N,Y,Y,Y,Y,Y,Y,Y,Y,Y,Y,Y,Y,Y,N,Y,Y,Y,Y,Y,Y,N,Y,Y,N,N,Y,N,Y,Y,N,N,N,Y,14.228,[6N 22Y 29Y ],13.8765,0.0247
Y,N,N,N,N,N,N,Y,N,N,Y,N,N,Y,N,N,Y,N,N,Y,N,N,N,Y,Y,N,Y,Y,Y,N,N,Y,Y,N,Y,N,N,N,Y,13.882,[6N 22N 26N 3N ],14.9307,0.0755
Y,N,N,N,N,N,N,Y,N,N,Y,Y,N,Y,N,Y,N,N,N,N,N,N,N,Y,Y,N,Y,Y,Y,N,N,Y,Y,N,Y,N,N,Y,N,14.026,[6N 22N 26N 3N ],14.9307,0.0645
Y,N,N,N,N,N,N,Y,N,N,Y,N,N,Y,N,N,N,N,N,N,N,Y,Y,Y,Y,Y,N,Y,N,N,Y,Y,Y,N,Y,Y,N,N,N,14.324,[6N 22Y 29N ],13.7242,0.0419
Y,N,N,N,N,N,N,Y,N,N,Y,N,N,Y,N,Y,N,N,N,N,N,N,N,Y,Y,N,Y,Y,N,N,Y,Y,N,Y,Y,Y,N,N,N,14.671,[6N 22N 26N 3N ],14.9307,0.0177
Y,N,N,N,N,N,N,Y,Y,N,Y,N,Y,Y,N,N,N,N,N,N,N,N,N,Y,Y,N,Y,Y,Y,N,N,Y,Y,N,Y,Y,N,N,N,13.955,[6N 22N 26N 3N ],14.9307,0.0699
Y,N,Y,N,N,N,Y,Y,N,N,Y,N,N,Y,N,N,Y,N,N,N,N,N,N,Y,Y,N,Y,Y,Y,N,N,Y,N,Y,Y,Y,N,N,N,14.564,[6N 22N 26N 3Y ],14.3777,0.0128
Y,N,Y,N,N,N,Y,Y,N,N,Y,N,N,Y,N,N,N,Y,N,N,N,N,Y,Y,Y,Y,N,Y,Y,N,N,Y,Y,N,Y,Y,N,N,N,16.337,[6N 22N 26Y 10N ],13.6667,0.1635
Y,N,Y,N,N,Y,N,Y,N,N,Y,Y,N,Y,N,N,N,Y,N,N,N,N,N,Y,Y,N,Y,Y,Y,N,N,Y,Y,N,Y,Y,N,N,N,14.629,[6Y ],15.0588,0.0294
Y,N,N,N,N,N,N,Y,N,N,Y,N,N,Y,Y,N,N,N,Y,N,N,N,Y,Y,Y,Y,N,Y,Y,N,N,Y,Y,N,Y,Y,N,N,N,13.938,[6N 22N 26Y 10N ],13.6667,0.0195
Y,Y,Y,N,N,N,Y,Y,Y,N,Y,Y,Y,Y,Y,Y,Y,Y,Y,Y,Y,Y,Y,Y,Y,N,Y,Y,N,N,Y,Y,Y,N,Y,N,N,N,Y,14.474,[6N 22Y 29N ],13.7242,0.0518
Y,N,N,N,N,N,N,Y,N,N,Y,N,N,Y,Y,Y,N,N,N,N,Y,N,N,Y,Y,Y,N,Y,Y,N,N,Y,Y,N,Y,Y,N,N,N,13.796,[6N 22N 26Y 10N ],13.6667,0.0094
Y,Y,Y,N,Y,N,N,Y,Y,Y,Y,Y,Y,Y,Y,Y,N,Y,Y,Y,Y,Y,Y,Y,Y,Y,N,Y,N,N,Y,Y,Y,N,Y,N,Y,N,N,14.376,[6N 22Y 29N ],13.7242,0.0453
Y,N,N,N,N,N,N,Y,N,N,Y,N,N,Y,N,N,N,N,N,Y,N,N,N,Y,Y,N,Y,Y,Y,N,N,Y,Y,N,Y,N,N,Y,N,13.741,[6N 22N 26N 3N ],14.9307,0.0866
Y,N,N,N,N,N,N,Y,N,N,Y,N,Y,Y,N,Y,N,N,N,N,Y,N,N,Y,Y,Y,N,Y,Y,N,N,Y,Y,N,Y,Y,N,N,N,13.120,[6N 22N 26Y 10N ],13.6667,0.0417
Y,N,Y,N,N,Y,N,Y,N,N,Y,N,Y,Y,N,N,N,N,Y,N,N,N,N,Y,Y,Y,N,Y,Y,N,N,Y,Y,N,Y,Y,N,N,N,15.595,[6Y ],15.0588,0.0344
Y,Y,Y,N,N,Y,N,Y,Y,Y,Y,Y,Y,Y,Y,Y,Y,Y,N,Y,Y,Y,Y,Y,Y,N,Y,Y,Y,N,N,Y,N,Y,Y,N,N,Y,N,14.332,[6Y ],15.0588,0.0507
Y,Y,N,N,N,N,N,Y,N,N,Y,N,N,Y,N,N,N,Y,N,N,Y,N,N,Y,Y,N,Y,Y,Y,N,N,Y,Y,N,Y,Y,N,N,N,14.504,[6N 22N 26N 3N ],14.9307,0.0294
Y,N,Y,N,N,N,Y,Y,N,N,Y,N,N,Y,N,N,N,N,N,Y,N,N,N,Y,Y,N,Y,Y,Y,N,N,Y,Y,N,Y,N,Y,N,N,13.753,[6N 22N 26N 3Y ],14.3777,0.0454
Y,Y,Y,Y,N,N,N,Y,Y,Y,Y,Y,Y,Y,Y,N,Y,Y,Y,Y,Y,Y,Y,Y,Y,Y,N,Y,N,N,Y,Y,Y,N,Y,Y,N,N,N,13.338,[6N 22Y 29N ],13.7242,0.0290
Y,N,Y,N,N,N,Y,Y,N,N,Y,Y,N,Y,N,N,N,N,Y,N,N,N,N,Y,Y,Y,N,Y,Y,N,N,Y,Y,N,Y,Y,N,N,N,16.216,[6N 22N 26Y 10N ],13.6667,0.1572
Y,Y,Y,Y,N,N,N,Y,Y,N,Y,Y,Y,Y,Y,Y,Y,Y,Y,Y,Y,Y,Y,Y,Y,N,Y,Y,N,N,Y,Y,Y,N,Y,N,N,N,Y,13.307,[6N 22Y 29N ],13.7242,0.0314
Y,N,N,N,N,N,N,Y,N,N,Y,N,N,Y,N,N,N,N,N,N,N,N,N,Y,Y,Y,N,Y,N,N,Y,Y,Y,N,Y,N,N,N,Y,14.667,[6N 22N 26Y 10N ],13.6667,0.0682
Y,N,N,N,N,N,N,Y,Y,N,Y,N,N,Y,N,N,N,N,N,N,Y,N,Y,Y,Y,Y,N,Y,Y,N,N,Y,Y,N,Y,Y,N,N,N,14.680,[6N 22N 26Y 10N ],13.6667,0.0690
Y,N,N,N,N,N,N,Y,Y,Y,Y,N,N,Y,N,Y,N,N,N,N,N,N,N,Y,Y,N,Y,Y,Y,N,N,Y,Y,N,Y,Y,N,N,N,15.954,[6N 22N 26N 3N ],14.9307,0.0641
Y,N,N,N,N,N,N,Y,N,N,Y,N,N,Y,N,N,Y,N,N,N,Y,N,N,Y,Y,N,Y,Y,Y,N,N,Y,Y,N,Y,N,Y,N,N,15.022,[6N 22N 26N 3N ],14.9307,0.0061
Y,N,Y,N,N,N,Y,Y,N,N,Y,N,N,Y,Y,N,N,N,N,N,N,N,N,Y,Y,N,Y,Y,Y,N,N,Y,Y,N,Y,N,N,Y,N,13.288,[6N 22N 26N 3Y ],14.3777,0.0820
Y,N,N,N,N,N,N,Y,N,N,Y,N,N,Y,Y,N,N,Y,N,N,N,N,N,Y,Y,Y,N,Y,Y,N,N,Y,Y,N,Y,Y,N,N,N,14.703,[6N 22N 26Y 10N ],13.6667,0.0705
Y,N,N,N,N,N,N,Y,N,Y,Y,N,N,Y,N,N,N,N,N,N,N,N,Y,Y,Y,N,Y,Y,N,Y,N,Y,Y,N,Y,Y,N,N,N,13.216,[6N 22N 26N 3N ],14.9307,0.1297
Y,N,Y,N,N,Y,N,Y,N,N,Y,N,N,Y,N,N,N,N,N,N,N,Y,N,Y,Y,N,Y,Y,Y,N,N,Y,N,Y,Y,Y,N,N,N,14.474,[6Y ],15.0588,0.0404
Y,Y,Y,N,Y,N,N,Y,N,N,Y,N,N,Y,N,N,N,N,Y,N,N,N,N,Y,Y,N,Y,Y,Y,N,N,Y,Y,N,Y,Y,N,N,N,14.329,[6N 22N 26N 3Y ],14.3777,0.0034
Y,Y,Y,N,N,N,Y,Y,Y,Y,Y,Y,Y,Y,Y,Y,Y,Y,Y,Y,Y,N,Y,Y,Y,Y,N,Y,Y,N,N,Y,N,Y,Y,N,N,N,Y,14.517,[6N 22N 26Y 10Y ],14.5610,0.0030
Y,N,Y,N,N,Y,N,Y,N,N,Y,N,N,Y,N,N,N,N,Y,N,N,N,Y,Y,Y,Y,N,Y,Y,N,N,Y,Y,N,Y,Y,N,N,N,14.595,[6Y ],15.0588,0.0318
Y,Y,Y,Y,N,N,N,Y,Y,N,Y,Y,Y,Y,Y,Y,Y,Y,Y,Y,Y,Y,Y,Y,Y,Y,N,Y,N,N,Y,Y,Y,N,Y,Y,N,N,N,13.345,[6N 22Y 29N ],13.7242,0.0284
Y,N,N,N,N,N,N,Y,N,Y,Y,Y,N,Y,N,N,N,N,N,N,N,N,N,Y,Y,N,Y,Y,Y,N,N,Y,Y,N,Y,N,N,Y,N,14.414,[6N 22N 26N 3N ],14.9307,0.0358
Y,Y,Y,N,Y,N,N,Y,Y,Y,Y,Y,Y,Y,Y,Y,Y,Y,Y,Y,Y,Y,N,Y,Y,Y,N,Y,N,N,Y,Y,Y,N,Y,N,Y,N,N,14.232,[6N 22Y 29N ],13.7242,0.0357
Y,N,N,N,N,N,N,Y,N,N,Y,N,N,Y,N,N,N,N,N,Y,N,N,Y,Y,Y,Y,N,Y,N,N,Y,Y,Y,N,Y,Y,N,N,N,14.174,[6N 22N 26Y 10N ],13.6667,0.0358
Y,N,N,N,N,N,N,Y,N,Y,Y,N,N,Y,N,N,N,N,N,N,Y,N,N,Y,Y,Y,N,Y,Y,N,N,Y,N,Y,Y,Y,N,N,N,13.533,[6N 22N 26Y 10Y ],14.5610,0.0760
Y,N,N,N,N,N,N,Y,Y,N,Y,N,N,Y,N,N,N,N,N,N,N,Y,Y,Y,Y,N,Y,Y,Y,N,N,Y,Y,N,Y,Y,N,N,N,14.487,[6N 22Y 29Y ],13.8765,0.0421
Y,N,Y,N,N,Y,N,Y,N,N,Y,N,N,Y,N,N,N,N,N,N,N,Y,Y,Y,Y,Y,N,Y,Y,N,N,Y,Y,N,Y,Y,N,N,N,15.246,[6Y ],15.0588,0.0123
Y,N,Y,N,N,N,Y,Y,N,N,Y,N,N,Y,N,N,N,N,N,N,N,N,N,Y,Y,N,Y,Y,N,Y,N,Y,Y,N,Y,N,Y,N,N,14.877,[6N 22N 26N 3Y ],14.3777,0.0336
Y,N,Y,N,Y,N,N,Y,N,N,Y,N,N,Y,N,N,N,Y,N,N,N,Y,N,Y,Y,N,Y,Y,Y,N,N,Y,Y,N,Y,Y,N,N,N,14.924,[6N 22Y 29Y ],13.8765,0.0702
Y,N,Y,N,N,Y,N,Y,N,N,Y,Y,Y,Y,N,N,N,N,N,N,N,N,N,Y,Y,N,Y,Y,Y,N,N,Y,Y,N,Y,Y,N,N,N,15.265,[6Y ],15.0588,0.0135
Y,Y,Y,N,Y,N,N,Y,Y,Y,Y,Y,Y,Y,Y,Y,Y,Y,N,Y,Y,Y,Y,Y,Y,Y,N,Y,N,N,Y,Y,Y,N,Y,Y,N,N,N,14.247,[6N 22Y 29N ],13.7242,0.0367
Y,N,Y,N,Y,N,N,Y,N,N,Y,N,N,Y,N,N,N,N,N,N,N,N,N,Y,Y,Y,N,Y,N,Y,N,Y,Y,N,Y,N,N,N,Y,14.989,[6N 22N 26Y 10N ],13.6667,0.0882
Y,Y,Y,Y,N,N,N,Y,N,N,Y,N,N,Y,N,N,N,N,N,N,N,N,Y,Y,Y,N,Y,Y,Y,N,N,Y,Y,N,Y,Y,N,N,N,13.445,[6N 22N 26N 3Y ],14.3777,0.0694
Y,N,N,N,N,N,N,Y,N,Y,Y,N,N,Y,N,Y,N,N,N,N,N,N,N,Y,Y,Y,N,Y,Y,N,N,Y,Y,N,Y,N,N,Y,N,13.766,[6N 22N 26Y 10Y ],14.5610,0.0578
Y,N,N,N,N,N,N,Y,N,N,Y,N,N,Y,N,N,N,Y,N,N,N,N,N,Y,Y,N,Y,Y,Y,N,N,Y,Y,N,Y,Y,N,N,N,14.103,[6N 22N 26N 3N ],14.9307,0.0587
Y,N,N,N,N,N,N,Y,N,Y,Y,N,N,Y,Y,N,N,N,N,Y,N,N,N,Y,Y,N,Y,Y,Y,N,N,Y,Y,N,Y,Y,N,N,N,14.668,[6N 22N 26N 3N ],14.9307,0.0179
Y,N,N,N,N,N,N,Y,N,Y,Y,N,N,Y,N,N,N,N,N,N,N,Y,N,Y,Y,Y,N,Y,N,Y,N,Y,Y,N,Y,Y,N,N,N,14.505,[6N 22Y 29N ],13.7242,0.0538
Y,Y,N,N,N,N,N,Y,N,N,Y,N,N,Y,N,N,Y,N,N,N,N,N,N,Y,Y,N,Y,Y,Y,N,N,Y,Y,N,Y,N,N,Y,N,15.544,[6N 22N 26N 3N ],14.9307,0.0395
Y,Y,Y,N,N,N,Y,Y,Y,Y,Y,Y,Y,Y,N,Y,Y,Y,Y,Y,Y,Y,Y,Y,Y,N,Y,Y,N,N,Y,Y,Y,N,Y,N,N,N,Y,13.968,[6N 22Y 29N ],13.7242,0.0175
Y,N,N,N,N,N,N,Y,N,N,Y,N,N,Y,N,N,N,N,N,N,N,Y,Y,Y,Y,N,Y,Y,Y,N,N,Y,Y,N,Y,N,N,N,Y,15.558,[6N 22Y 29Y ],13.8765,0.1081
Y,N,N,N,N,N,N,Y,N,Y,Y,N,N,Y,N,N,N,Y,N,N,N,N,N,Y,Y,N,Y,Y,Y,N,N,Y,Y,N,Y,N,N,N,Y,13.754,[6N 22N 26N 3N ],14.9307,0.0856
Y,N,Y,Y,N,N,N,Y,Y,N,Y,N,N,Y,N,N,N,N,N,N,N,N,N,Y,Y,Y,N,Y,N,N,Y,Y,Y,N,Y,Y,N,N,N,13.526,[6N 22N 26Y 10N ],13.6667,0.0104
Y,N,N,N,N,N,N,Y,N,N,Y,N,N,Y,N,N,Y,N,N,N,N,N,N,Y,Y,Y,N,Y,Y,N,N,Y,Y,N,Y,N,N,Y,N,14.162,[6N 22N 26Y 10N ],13.6667,0.0350
Y,N,N,N,N,N,N,Y,N,N,Y,Y,N,Y,N,N,N,N,N,N,N,Y,N,Y,Y,Y,N,Y,N,Y,N,Y,Y,N,Y,Y,N,N,N,14.695,[6N 22Y 29N ],13.7242,0.0661
Y,N,N,N,N,N,N,Y,N,N,Y,N,N,Y,N,N,N,N,N,Y,N,N,N,Y,Y,N,Y,Y,Y,N,N,Y,N,Y,Y,N,N,Y,N,15.980,[6N 22N 26N 3N ],14.9307,0.0657
Y,N,N,N,N,N,N,Y,N,N,Y,Y,Y,Y,N,N,N,Y,N,N,N,N,N,Y,Y,N,Y,Y,Y,N,N,Y,Y,N,Y,Y,N,N,N,15.817,[6N 22N 26N 3N ],14.9307,0.0560
Y,N,N,N,N,N,N,Y,N,N,Y,N,N,Y,N,Y,N,N,N,N,Y,N,N,Y,Y,Y,N,Y,Y,N,N,Y,Y,N,Y,N,N,Y,N,13.557,[6N 22N 26Y 10N ],13.6667,0.0081
Y,N,N,N,N,N,N,Y,N,N,Y,N,N,Y,N,Y,Y,N,N,N,N,N,N,Y,Y,Y,N,Y,Y,N,N,Y,Y,N,Y,Y,N,N,N,14.936,[6N 22N 26Y 10N ],13.6667,0.0850
Y,N,Y,N,Y,N,N,Y,N,N,Y,N,N,Y,N,N,Y,N,N,N,N,N,N,Y,Y,N,Y,Y,Y,N,N,Y,Y,N,Y,N,Y,N,N,14.200,[6N 22N 26N 3Y ],14.3777,0.0125
Y,N,Y,N,N,N,Y,Y,Y,N,Y,N,N,Y,N,N,N,N,N,Y,N,N,N,Y,Y,N,Y,Y,Y,N,N,Y,Y,N,Y,Y,N,N,N,14.167,[6N 22N 26N 3Y ],14.3777,0.0149
Y,Y,N,N,N,N,N,Y,N,N,Y,N,N,Y,N,N,N,Y,N,N,N,N,N,Y,Y,Y,N,Y,N,N,Y,Y,Y,N,Y,Y,N,N,N,13.370,[6N 22N 26Y 10N ],13.6667,0.0222
Y,N,N,N,N,N,N,Y,Y,N,Y,N,N,Y,N,N,N,N,N,Y,N,N,Y,Y,Y,N,Y,Y,Y,N,N,Y,Y,N,Y,Y,N,N,N,15.561,[6N 22N 26N 3N ],14.9307,0.0405
Y,Y,Y,N,N,N,Y,Y,Y,Y,Y,Y,Y,Y,Y,N,Y,Y,Y,Y,Y,Y,Y,Y,Y,Y,N,Y,N,Y,N,Y,Y,N,Y,Y,N,N,N,13.412,[6N 22Y 29N ],13.7242,0.0233
Y,Y,Y,Y,N,N,N,Y,N,N,Y,N,N,Y,N,N,Y,N,N,N,N,N,N,Y,Y,Y,N,Y,Y,N,N,Y,Y,N,Y,Y,N,N,N,13.547,[6N 22N 26Y 10N ],13.6667,0.0088
Y,N,N,N,N,N,N,Y,N,Y,Y,N,N,Y,Y,N,N,Y,N,N,N,N,N,Y,Y,N,Y,Y,Y,N,N,Y,Y,N,Y,Y,N,N,N,14.707,[6N 22N 26N 3N ],14.9307,0.0152
Y,Y,Y,N,Y,N,N,Y,Y,Y,Y,Y,Y,Y,Y,Y,Y,Y,Y,Y,Y,Y,N,Y,Y,Y,N,Y,N,N,Y,Y,Y,N,Y,Y,N,N,N,14.611,[6N 22Y 29N ],13.7242,0.0607
Y,N,N,N,N,N,N,Y,N,N,Y,N,N,Y,N,Y,N,Y,N,N,N,Y,N,Y,Y,Y,N,Y,Y,N,N,Y,Y,N,Y,Y,N,N,N,14.033,[6N 22Y 29Y ],13.8765,0.0112
Y,Y,Y,N,N,Y,N,Y,Y,Y,Y,Y,Y,Y,Y,Y,Y,Y,Y,Y,Y,Y,Y,Y,Y,N,Y,Y,N,N,Y,Y,Y,N,Y,N,N,N,Y,14.813,[6Y ],15.0588,0.0166
Y,N,N,N,N,N,N,Y,N,N,Y,N,N,Y,N,Y,N,Y,Y,N,N,N,N,Y,Y,Y,N,Y,Y,N,N,Y,Y,N,Y,Y,N,N,N,14.082,[6N 22N 26Y 10N ],13.6667,0.0295
Y,N,N,N,N,N,N,Y,N,N,Y,Y,N,Y,N,N,Y,N,N,N,N,N,Y,Y,Y,Y,N,Y,Y,N,N,Y,Y,N,Y,Y,N,N,N,14.649,[6N 22N 26Y 10N ],13.6667,0.0671
Y,N,N,N,N,N,N,Y,N,N,Y,N,N,Y,N,N,N,N,Y,Y,N,N,N,Y,Y,N,Y,Y,Y,N,N,Y,Y,N,Y,N,N,N,Y,15.114,[6N 22N 26N 3N ],14.9307,0.0121
Y,N,Y,N,N,Y,N,Y,N,N,Y,Y,N,Y,Y,N,N,N,N,N,N,N,N,Y,Y,Y,N,Y,Y,N,N,Y,Y,N,Y,Y,N,N,N,15.812,[6Y ],15.0588,0.0476
Y,Y,Y,Y,N,N,N,Y,Y,Y,Y,N,Y,Y,Y,Y,Y,Y,Y,Y,Y,Y,Y,Y,Y,N,Y,Y,N,Y,N,Y,N,Y,Y,N,N,N,Y,15.186,[6N 22Y 29N ],13.7242,0.0963
Y,N,N,N,N,N,N,Y,N,Y,Y,N,N,Y,N,N,N,N,N,Y,N,N,N,Y,Y,N,Y,Y,N,N,Y,Y,Y,N,Y,Y,N,N,N,15.546,[6N 22N 26N 3N ],14.9307,0.0396
Y,N,N,N,N,N,N,Y,Y,N,Y,Y,N,Y,N,N,N,N,N,N,N,N,N,Y,Y,N,Y,Y,Y,N,N,Y,Y,N,Y,N,N,N,Y,14.284,[6N 22N 26N 3N ],14.9307,0.0453
Y,N,N,N,N,N,N,Y,Y,N,Y,N,N,Y,N,N,Y,Y,N,N,N,N,N,Y,Y,Y,N,Y,Y,N,N,Y,Y,N,Y,Y,N,N,N,14.631,[6N 22N 26Y 10N ],13.6667,0.0659
Y,N,Y,N,N,N,Y,Y,N,N,Y,N,N,Y,N,N,N,N,N,N,N,N,N,Y,Y,N,Y,Y,Y,N,N,Y,Y,N,Y,N,Y,N,N,14.718,[6N 22N 26N 3Y ],14.3777,0.0231
Y,Y,Y,N,N,N,Y,Y,N,N,Y,Y,N,Y,N,N,N,N,N,N,N,N,N,Y,Y,Y,N,Y,Y,N,N,Y,Y,N,Y,Y,N,N,N,16.534,[6N 22N 26Y 10N ],13.6667,0.1734
Y,N,N,N,N,N,N,Y,Y,N,Y,N,N,Y,N,N,Y,N,N,N,N,N,N,Y,Y,N,Y,Y,Y,N,N,Y,Y,N,Y,N,N,Y,N,14.338,[6N 22N 26N 3N ],14.9307,0.0413
Y,N,N,N,N,N,N,Y,N,N,Y,Y,N,Y,N,N,N,N,N,N,Y,N,N,Y,Y,Y,N,Y,N,N,Y,Y,Y,N,Y,Y,N,N,N,13.937,[6N 22N 26Y 10N ],13.6667,0.0194
Y,N,N,N,N,N,N,Y,N,N,Y,N,Y,Y,N,Y,N,N,N,N,N,N,N,Y,Y,N,Y,Y,Y,N,N,Y,Y,N,Y,N,N,Y,N,15.246,[6N 22N 26N 3N ],14.9307,0.0207
Y,N,N,N,N,N,N,Y,N,Y,Y,Y,N,Y,N,N,N,N,N,N,N,Y,N,Y,Y,Y,N,Y,Y,N,N,Y,Y,N,Y,Y,N,N,N,14.643,[6N 22Y 29Y ],13.8765,0.0523
Y,Y,N,N,N,N,N,Y,N,N,Y,N,N,Y,N,N,N,N,Y,N,N,N,N,Y,Y,N,Y,Y,Y,N,N,Y,Y,N,Y,N,N,N,Y,14.623,[6N 22N 26N 3N ],14.9307,0.0210
Y,N,Y,N,N,Y,N,Y,N,N,Y,N,N,Y,N,N,Y,N,N,N,N,N,N,Y,Y,Y,N,Y,Y,N,N,Y,Y,N,Y,Y,N,N,N,14.245,[6Y ],15.0588,0.0571
Y,N,Y,N,N,N,Y,Y,N,N,Y,N,N,Y,N,N,N,N,N,N,Y,N,N,Y,Y,N,Y,Y,Y,N,N,Y,N,Y,Y,Y,N,N,N,14.489,[6N 22N 26N 3Y ],14.3777,0.0077
Y,N,N,N,N,N,N,Y,N,N,Y,N,N,Y,Y,N,N,Y,N,N,N,N,N,Y,Y,Y,N,Y,Y,N,N,Y,Y,N,Y,N,N,N,Y,13.307,[6N 22N 26Y 10N ],13.6667,0.0270
Y,N,N,N,N,N,N,Y,N,N,Y,N,N,Y,N,N,N,N,N,N,N,Y,N,Y,Y,N,Y,Y,N,Y,N,Y,Y,N,Y,N,Y,N,N,14.684,[6N 22Y 29N ],13.7242,0.0654
Y,N,Y,N,N,N,Y,Y,N,Y,Y,N,N,Y,N,N,N,N,N,N,N,N,Y,Y,Y,Y,N,Y,Y,N,N,Y,Y,N,Y,Y,N,N,N,16.095,[6N 22N 26Y 10Y ],14.5610,0.0953
Y,N,Y,N,N,Y,N,Y,N,Y,Y,N,N,Y,N,N,N,N,N,N,Y,N,N,Y,Y,Y,N,Y,Y,N,N,Y,Y,N,Y,Y,N,N,N,16.349,[6Y ],15.0588,0.0789
Y,Y,Y,N,Y,N,N,Y,Y,N,Y,Y,Y,Y,Y,Y,Y,Y,Y,Y,Y,Y,Y,Y,Y,N,Y,Y,N,Y,N,Y,Y,N,Y,N,Y,N,N,14.485,[6N 22Y 29N ],13.7242,0.0525
Y,N,N,N,N,N,N,Y,N,Y,Y,N,N,Y,N,N,N,N,N,N,N,N,N,Y,Y,Y,N,Y,N,Y,N,Y,Y,N,Y,Y,N,N,N,13.986,[6N 22N 26Y 10Y ],14.5610,0.0411
Y,N,Y,N,N,Y,N,Y,N,N,Y,Y,N,Y,N,N,N,N,N,N,N,N,N,Y,Y,N,Y,Y,Y,N,N,Y,Y,N,Y,N,N,Y,N,15.033,[6Y ],15.0588,0.0017
Y,N,Y,N,Y,N,N,Y,N,N,Y,N,N,Y,N,N,N,N,N,N,N,N,N,Y,Y,N,Y,Y,Y,N,N,Y,Y,N,Y,N,N,N,Y,14.908,[6N 22N 26N 3Y ],14.3777,0.0356
Y,Y,Y,N,N,Y,N,Y,Y,N,Y,N,N,Y,N,N,N,N,N,N,N,N,N,Y,Y,Y,N,Y,Y,N,N,Y,Y,N,Y,Y,N,N,N,15.823,[6Y ],15.0588,0.0483
Y,N,N,N,N,N,N,Y,N,N,Y,N,N,Y,N,N,N,N,N,Y,Y,N,N,Y,Y,Y,N,Y,N,Y,N,Y,Y,N,Y,Y,N,N,N,14.616,[6N 22N 26Y 10N ],13.6667,0.0650
Y,N,N,N,N,N,N,Y,N,N,Y,N,N,Y,N,N,N,N,N,N,N,N,N,Y,Y,Y,N,Y,N,Y,N,Y,Y,N,Y,Y,N,N,N,15.425,[6N 22N 26Y 10N ],13.6667,0.1140
Y,Y,N,N,N,N,N,Y,N,N,Y,N,N,Y,N,N,N,N,N,N,N,Y,N,Y,Y,N,Y,Y,Y,N,N,Y,N,Y,Y,Y,N,N,N,14.843,[6N 22Y 29Y ],13.8765,0.0651
Y,N,Y,N,N,Y,N,Y,N,N,Y,N,N,Y,N,N,Y,N,Y,N,N,N,N,Y,Y,N,Y,Y,Y,N,N,Y,Y,N,Y,Y,N,N,N,14.293,[6Y ],15.0588,0.0536
Y,N,N,N,N,N,N,Y,Y,N,Y,N,N,Y,Y,N,Y,N,N,N,N,N,N,Y,Y,N,Y,Y,Y,N,N,Y,Y,N,Y,Y,N,N,N,15.143,[6N 22N 26N 3N ],14.9307,0.0140
Y,N,Y,N,N,N,Y,Y,N,N,Y,N,N,Y,N,Y,Y,N,N,N,N,N,N,Y,Y,N,Y,Y,Y,N,N,Y,Y,N,Y,Y,N,N,N,13.663,[6N 22N 26N 3Y ],14.3777,0.0523
Y,N,N,N,N,N,N,Y,Y,N,Y,N,N,Y,N,N,N,N,N,N,Y,N,N,Y,Y,N,Y,Y,Y,N,N,Y,Y,N,Y,N,Y,N,N,14.672,[6N 22N 26N 3N ],14.9307,0.0176
Y,Y,Y,N,Y,N,N,Y,N,N,Y,N,N,Y,N,N,N,N,N,N,N,N,N,Y,Y,N,Y,Y,Y,N,N,Y,Y,N,Y,N,N,N,Y,14.738,[6N 22N 26N 3Y ],14.3777,0.0244
Y,Y,N,N,N,N,N,Y,N,N,Y,N,N,Y,N,N,N,N,Y,N,N,N,N,Y,Y,Y,N,Y,N,Y,N,Y,Y,N,Y,Y,N,N,N,14.268,[6N 22N 26Y 10N ],13.6667,0.0421
Y,Y,Y,N,N,Y,N,Y,Y,Y,Y,Y,Y,Y,N,Y,Y,Y,Y,Y,Y,Y,Y,Y,Y,Y,N,Y,Y,N,N,Y,N,Y,Y,N,N,N,Y,15.154,[6Y ],15.0588,0.0063
Y,N,Y,N,Y,N,N,Y,N,N,Y,N,Y,Y,N,N,N,N,N,Y,N,N,N,Y,Y,N,Y,Y,Y,N,N,Y,Y,N,Y,Y,N,N,N,15.295,[6N 22N 26N 3Y ],14.3777,0.0600
Y,N,N,N,N,N,N,Y,N,N,Y,N,N,Y,N,N,N,N,N,N,N,N,N,Y,Y,N,Y,Y,Y,N,N,Y,Y,N,Y,N,N,N,Y,14.761,[6N 22N 26N 3N ],14.9307,0.0115
Y,N,Y,N,N,N,Y,Y,N,N,Y,N,N,Y,N,N,N,N,N,Y,N,N,Y,Y,Y,Y,N,Y,Y,N,N,Y,Y,N,Y,Y,N,N,N,15.954,[6N 22N 26Y 10N ],13.6667,0.1434
Y,N,N,N,N,N,N,Y,N,Y,Y,N,N,Y,N,N,Y,N,N,N,N,N,N,Y,Y,Y,N,Y,Y,N,N,Y,Y,N,Y,Y,N,N,N,14.513,[6N 22N 26Y 10Y ],14.5610,0.0033
Y,N,N,N,N,N,N,Y,N,N,Y,N,N,Y,N,N,N,Y,N,N,N,Y,N,Y,Y,N,Y,Y,N,N,Y,Y,Y,N,Y,Y,N,N,N,15.394,[6N 22Y 29N ],13.7242,0.1085
Y,Y,Y,N,N,Y,N,Y,Y,Y,Y,N,Y,Y,Y,Y,Y,Y,Y,Y,Y,Y,Y,Y,Y,N,Y,Y,N,Y,N,Y,N,Y,Y,N,N,N,Y,14.422,[6Y ],15.0588,0.0442
Y,N,N,N,N,N,N,Y,N,N,Y,Y,Y,Y,N,N,N,Y,N,N,N,N,N,Y,Y,Y,N,Y,Y,N,N,Y,Y,N,Y,Y,N,N,N,14.518,[6N 22N 26Y 10N ],13.6667,0.0586
Y,Y,N,N,N,N,N,Y,N,N,Y,N,N,Y,N,N,N,N,N,N,Y,N,N,Y,Y,N,Y,Y,Y,N,N,Y,Y,N,Y,N,N,N,Y,14.281,[6N 22N 26N 3N ],14.9307,0.0455
Y,N,N,N,N,N,N,Y,N,N,Y,N,N,Y,N,N,N,N,N,N,Y,N,N,Y,Y,N,Y,Y,N,Y,N,Y,Y,N,Y,N,Y,N,N,14.680,[6N 22N 26N 3N ],14.9307,0.0171
Y,Y,Y,N,N,Y,N,Y,Y,Y,Y,Y,Y,Y,Y,Y,Y,Y,Y,Y,Y,Y,N,Y,Y,Y,N,Y,N,N,Y,Y,Y,N,Y,Y,N,N,N,14.473,[6Y ],15.0588,0.0405
Y,N,N,N,N,N,N,Y,N,N,Y,N,N,Y,Y,N,N,N,N,Y,N,N,N,Y,Y,N,Y,Y,N,Y,N,Y,Y,N,Y,Y,N,N,N,15.361,[6N 22N 26N 3N ],14.9307,0.0280
Y,N,N,N,N,N,N,Y,N,N,Y,N,N,Y,N,Y,N,N,N,N,Y,N,N,Y,Y,N,Y,Y,Y,N,N,Y,Y,N,Y,Y,N,N,N,13.648,[6N 22N 26N 3N ],14.9307,0.0940
Y,N,Y,N,Y,N,N,Y,N,Y,Y,N,N,Y,N,N,N,N,N,N,N,Y,N,Y,Y,N,Y,Y,Y,N,N,Y,Y,N,Y,Y,N,N,N,14.787,[6N 22Y 29Y ],13.8765,0.0616
Y,N,N,N,N,N,N,Y,N,N,Y,N,N,Y,Y,N,Y,N,N,N,N,N,N,Y,Y,N,Y,Y,N,Y,N,Y,Y,N,Y,Y,N,N,N,15.306,[6N 22N 26N 3N ],14.9307,0.0245
Y,Y,Y,Y,N,N,N,Y,Y,Y,Y,Y,Y,Y,Y,Y,Y,N,Y,Y,Y,Y,Y,Y,Y,Y,N,Y,N,N,Y,Y,Y,N,Y,N,Y,N,N,13.668,[6N 22Y 29N ],13.7242,0.0041
Y,N,Y,Y,N,N,N,Y,N,N,Y,N,N,Y,N,N,N,N,N,N,Y,N,N,Y,Y,Y,N,Y,N,Y,N,Y,Y,N,Y,Y,N,N,N,13.698,[6N 22N 26Y 10N ],13.6667,0.0023
Y,Y,N,N,N,N,N,Y,N,N,Y,N,N,Y,N,N,N,Y,N,Y,N,N,N,Y,Y,Y,N,Y,Y,N,N,Y,Y,N,Y,Y,N,N,N,14.605,[6N 22N 26Y 10N ],13.6667,0.0642
Y,N,Y,N,N,Y,N,Y,N,N,Y,N,N,Y,N,N,N,Y,N,N,N,N,N,Y,Y,Y,N,Y,Y,N,N,Y,Y,N,Y,N,Y,N,N,15.397,[6Y ],15.0588,0.0220
Y,N,Y,N,N,N,Y,Y,N,Y,Y,N,N,Y,N,N,N,Y,N,N,N,N,N,Y,Y,N,Y,Y,Y,N,N,Y,Y,N,Y,Y,N,N,N,14.325,[6N 22N 26N 3Y ],14.3777,0.0037
Y,N,Y,N,N,N,Y,Y,N,N,Y,N,N,Y,N,N,N,N,N,N,N,N,Y,Y,Y,Y,N,Y,Y,N,N,Y,Y,N,Y,N,Y,N,N,16.010,[6N 22N 26Y 10N ],13.6667,0.1464
Y,Y,Y,N,N,Y,N,Y,N,N,Y,N,N,Y,N,N,N,N,N,N,N,N,N,Y,Y,N,Y,Y,Y,N,N,Y,Y,N,Y,Y,N,N,N,14.040,[6Y ],15.0588,0.0726
Y,N,N,N,N,N,N,Y,N,N,Y,N,N,Y,N,Y,N,N,N,N,N,N,Y,Y,Y,N,Y,Y,Y,N,N,Y,Y,N,Y,N,Y,N,N,15.531,[6N 22N 26N 3N ],14.9307,0.0387
Y,N,Y,N,N,Y,N,Y,N,N,Y,N,N,Y,N,N,N,N,N,Y,Y,N,N,Y,Y,Y,N,Y,Y,N,N,Y,Y,N,Y,Y,N,N,N,15.382,[6Y ],15.0588,0.0210
Y,N,N,N,N,N,N,Y,N,N,Y,N,N,Y,N,N,Y,N,Y,N,N,Y,N,Y,Y,N,Y,Y,Y,N,N,Y,Y,N,Y,Y,N,N,N,14.032,[6N 22Y 29Y ],13.8765,0.0111
Y,Y,Y,N,N,Y,N,Y,Y,Y,Y,Y,Y,Y,Y,Y,Y,Y,Y,Y,N,Y,Y,Y,Y,N,Y,Y,Y,N,N,Y,N,Y,Y,N,N,Y,N,14.219,[6Y ],15.0588,0.0591
Y,N,N,N,N,N,N,Y,Y,N,Y,N,N,Y,N,N,N,N,N,N,N,N,N,Y,Y,N,Y,Y,N,N,Y,Y,Y,N,Y,N,N,N,Y,15.254,[6N 22N 26N 3N ],14.9307,0.0212
Y,N,N,N,N,N,N,Y,N,N,Y,N,N,Y,Y,N,N,N,Y,N,N,N,N,Y,Y,Y,N,Y,Y,N,N,Y,Y,N,Y,N,N,N,Y,14.303,[6N 22N 26Y 10N ],13.6667,0.0445
Y,N,N,N,N,N,N,Y,N,N,Y,N,N,Y,Y,N,N,N,N,N,N,N,Y,Y,Y,Y,N,Y,Y,N,N,Y,Y,N,Y,Y,N,N,N,13.835,[6N 22N 26Y 10N ],13.6667,0.0122
Y,N,Y,N,Y,N,N,Y,N,N,Y,N,N,Y,N,N,N,N,N,N,N,N,Y,Y,Y,N,Y,Y,Y,N,N,Y,Y,N,Y,Y,N,N,N,13.685,[6N 22N 26N 3Y ],14.3777,0.0506
Y,N,N,N,N,N,N,Y,Y,N,Y,N,N,Y,N,N,N,N,N,N,Y,N,N,Y,Y,Y,N,Y,Y,N,N,Y,Y,N,Y,N,N,N,Y,13.687,[6N 22N 26Y 10N ],13.6667,0.0015
Y,N,Y,Y,N,N,N,Y,N,N,Y,N,N,Y,N,Y,N,N,N,N,N,Y,N,Y,Y,Y,N,Y,Y,N,N,Y,Y,N,Y,Y,N,N,N,13.481,[6N 22Y 29Y ],13.8765,0.0293
Y,Y,Y,Y,N,N,N,Y,Y,Y,Y,Y,N,Y,Y,Y,Y,Y,Y,Y,Y,Y,Y,Y,Y,Y,N,Y,N,N,Y,Y,Y,N,Y,N,N,Y,N,12.688,[6N 22Y 29N ],13.7242,0.0817
Y,N,N,N,N,N,N,Y,N,N,Y,N,N,Y,N,N,N,N,N,N,N,Y,N,Y,Y,N,Y,Y,Y,N,N,Y,N,Y,Y,Y,N,N,N,13.152,[6N 22Y 29Y ],13.8765,0.0551
Y,N,N,N,N,N,N,Y,N,N,Y,Y,N,Y,N,N,Y,N,N,N,N,N,N,Y,Y,N,Y,Y,N,Y,N,Y,Y,N,Y,Y,N,N,N,14.517,[6N 22N 26N 3N ],14.9307,0.0285
Y,N,N,N,N,N,N,Y,N,N,Y,Y,N,Y,N,N,N,N,N,N,N,Y,N,Y,Y,Y,N,Y,Y,N,N,Y,Y,N,Y,Y,N,N,N,13.757,[6N 22Y 29Y ],13.8765,0.0087
Y,N,Y,N,N,N,Y,Y,Y,N,Y,N,Y,Y,N,N,N,N,N,N,N,N,N,Y,Y,N,Y,Y,Y,N,N,Y,Y,N,Y,Y,N,N,N,14.068,[6N 22N 26N 3Y ],14.3777,0.0220
Y,Y,Y,N,Y,N,N,Y,N,Y,Y,Y,Y,Y,Y,Y,Y,Y,Y,Y,Y,Y,Y,Y,Y,N,Y,Y,N,N,Y,Y,Y,N,Y,N,N,N,Y,14.301,[6N 22Y 29N ],13.7242,0.0403
Y,N,N,N,N,N,N,Y,N,Y,Y,N,N,Y,Y,N,N,N,N,N,N,N,N,Y,Y,N,Y,Y,Y,N,N,Y,Y,N,Y,Y,N,N,N,13.652,[6N 22N 26N 3N ],14.9307,0.0937
Y,N,Y,N,N,Y,N,Y,N,N,Y,Y,N,Y,N,N,N,N,N,N,N,N,N,Y,Y,Y,N,Y,Y,N,N,Y,Y,N,Y,Y,N,N,N,14.028,[6Y ],15.0588,0.0735
Y,N,Y,Y,N,N,N,Y,N,N,Y,N,N,Y,N,N,N,N,N,Y,N,N,N,Y,Y,N,Y,Y,Y,N,N,Y,Y,N,Y,N,Y,N,N,13.746,[6N 22N 26N 3Y ],14.3777,0.0460
Y,N,Y,N,N,Y,N,Y,N,N,Y,N,N,Y,N,N,N,Y,N,Y,N,N,N,Y,Y,Y,N,Y,Y,N,N,Y,Y,N,Y,Y,N,N,N,15.224,[6Y ],15.0588,0.0108
Y,Y,Y,Y,N,N,N,Y,Y,Y,Y,Y,Y,Y,Y,Y,Y,Y,Y,Y,N,Y,Y,Y,Y,Y,N,Y,Y,N,N,Y,N,Y,Y,N,N,N,Y,14.585,[6N 22Y 29Y ],13.8765,0.0486
Y,Y,Y,N,N,Y,N,Y,N,N,Y,Y,N,Y,N,N,N,N,N,N,N,N,N,Y,Y,N,Y,Y,Y,N,N,Y,Y,N,Y,Y,N,N,N,14.617,[6Y ],15.0588,0.0302
Y,N,N,N,N,N,N,Y,N,N,Y,N,N,Y,N,N,N,N,N,N,N,N,N,Y,Y,Y,N,Y,N,N,Y,Y,N,Y,Y,Y,N,N,N,14.085,[6N 22N 26Y 10N ],13.6667,0.0297
Y,N,N,N,N,N,N,Y,N,N,Y,N,Y,Y,N,N,N,N,N,N,N,N,N,Y,Y,Y,N,Y,N,N,Y,Y,Y,N,Y,N,N,Y,N,14.158,[6N 22N 26Y 10N ],13.6667,0.0347
Y,N,N,N,N,N,N,Y,N,N,Y,N,N,Y,N,N,N,N,Y,N,N,N,N,Y,Y,N,Y,Y,Y,N,N,Y,N,Y,Y,N,N,N,Y,15.453,[6N 22N 26N 3N ],14.9307,0.0338
Y,N,N,N,N,N,N,Y,N,N,Y,N,N,Y,N,N,N,N,N,N,N,N,N,Y,Y,Y,N,Y,N,Y,N,Y,Y,N,Y,N,N,Y,N,14.653,[6N 22N 26Y 10N ],13.6667,0.0673
Y,Y,Y,N,N,N,Y,Y,N,N,Y,Y,N,Y,N,N,N,N,N,N,N,N,N,Y,Y,N,Y,Y,Y,N,N,Y,Y,N,Y,Y,N,N,N,14.151,[6N 22N 26N 3Y ],14.3777,0.0160
Y,N,N,N,N,N,N,Y,N,Y,Y,N,N,Y,N,N,Y,N,N,N,N,Y,N,Y,Y,N,Y,Y,Y,N,N,Y,Y,N,Y,Y,N,N,N,16.490,[6N 22Y 29Y ],13.8765,0.1585
Y,N,N,N,N,N,N,Y,N,N,Y,N,N,Y,Y,N,N,Y,N,N,Y,N,N,Y,Y,Y,N,Y,Y,N,N,Y,Y,N,Y,Y,N,N,N,13.916,[6N 22N 26Y 10N ],13.6667,0.0179
Y,N,N,N,N,N,N,Y,N,N,Y,Y,N,Y,Y,N,N,N,N,N,N,N,N,Y,Y,N,Y,Y,Y,N,N,Y,Y,N,Y,N,N,N,Y,13.709,[6N 22N 26N 3N ],14.9307,0.0891
Y,N,Y,N,N,Y,N,Y,N,N,Y,N,N,Y,N,N,N,N,N,N,N,N,N,Y,Y,N,Y,Y,N,N,Y,Y,N,Y,Y,Y,N,N,N,15.424,[6Y ],15.0588,0.0237
Y,N,N,N,N,N,N,Y,Y,N,Y,N,N,Y,N,N,N,N,N,Y,N,N,N,Y,Y,Y,N,Y,Y,N,N,Y,Y,N,Y,N,N,Y,N,13.593,[6N 22N 26Y 10N ],13.6667,0.0054
Y,N,Y,N,Y,N,N,Y,N,N,Y,N,N,Y,N,N,N,N,Y,N,N,N,N,Y,Y,N,Y,Y,Y,N,N,Y,Y,N,Y,N,N,Y,N,14.016,[6N 22N 26N 3Y ],14.3777,0.0258
Y,N,N,N,N,N,N,Y,Y,N,Y,N,N,Y,Y,N,N,N,N,N,N,N,N,Y,Y,Y,N,Y,N,N,Y,Y,Y,N,Y,Y,N,N,N,13.942,[6N 22N 26Y 10N ],13.6667,0.0197
Y,N,N,N,N,N,N,Y,N,N,Y,N,N,Y,N,N,N,N,N,N,N,N,N,Y,Y,Y,N,Y,Y,N,N,Y,Y,N,Y,N,N,Y,N,15.006,[6N 22N 26Y 10N ],13.6667,0.0893
Y,Y,N,N,N,N,N,Y,N,N,Y,N,N,Y,Y,N,N,Y,N,N,N,N,N,Y,Y,Y,N,Y,Y,N,N,Y,Y,N,Y,Y,N,N,N,14.890,[6N 22N 26Y 10N ],13.6667,0.0822
Y,N,N,N,N,N,N,Y,N,N,Y,Y,N,Y,N,Y,N,N,N,N,N,N,N,Y,Y,Y,N,Y,Y,N,N,Y,Y,N,Y,Y,N,N,N,14.471,[6N 22N 26Y 10N ],13.6667,0.0556
Y,Y,Y,Y,N,N,N,Y,Y,Y,Y,Y,Y,Y,Y,Y,Y,Y,Y,N,Y,Y,Y,Y,Y,Y,N,Y,Y,N,N,Y,N,Y,Y,N,N,N,Y,14.701,[6N 22Y 29Y ],13.8765,0.0561
Y,N,N,N,N,N,N,Y,N,N,Y,N,Y,Y,N,N,N,N,N,N,Y,N,N,Y,Y,Y,N,Y,N,Y,N,Y,Y,N,Y,Y,N,N,N,14.441,[6N 22N 26Y 10N ],13.6667,0.0536
Y,N,N,N,N,N,N,Y,N,N,Y,N,N,Y,Y,Y,N,N,Y,N,N,N,N,Y,Y,Y,N,Y,Y,N,N,Y,Y,N,Y,Y,N,N,N,13.483,[6N 22N 26Y 10N ],13.6667,0.0136
Y,N,N,N,N,N,N,Y,N,N,Y,N,N,Y,N,N,Y,N,N,Y,Y,N,N,Y,Y,Y,N,Y,Y,N,N,Y,Y,N,Y,Y,N,N,N,13.622,[6N 22N 26Y 10N ],13.6667,0.0033
Y,N,N,N,N,N,N,Y,N,N,Y,N,Y,Y,N,N,N,N,N,N,N,N,Y,Y,Y,N,Y,Y,N,Y,N,Y,Y,N,Y,Y,N,N,N,14.674,[6N 22N 26N 3N ],14.9307,0.0175
Y,N,Y,Y,N,N,N,Y,N,N,Y,N,N,Y,N,N,N,N,N,N,N,N,N,Y,Y,N,Y,Y,N,N,Y,Y,Y,N,Y,Y,N,N,N,14.784,[6N 22N 26N 3Y ],14.3777,0.0275
Y,N,Y,N,Y,N,N,Y,N,N,Y,N,N,Y,N,N,N,N,N,N,N,N,N,Y,Y,Y,N,Y,Y,N,N,Y,N,Y,Y,N,Y,N,N,14.524,[6N 22N 26Y 10N ],13.6667,0.0590
Y,N,N,N,N,N,N,Y,N,N,Y,N,N,Y,N,N,N,Y,N,N,N,N,N,Y,Y,N,Y,Y,N,Y,N,Y,Y,N,Y,N,N,Y,N,14.413,[6N 22N 26N 3N ],14.9307,0.0359
Y,N,Y,N,N,Y,N,Y,N,Y,Y,N,N,Y,N,N,N,N,N,N,N,N,N,Y,Y,Y,N,Y,N,N,Y,Y,Y,N,Y,Y,N,N,N,15.584,[6Y ],15.0588,0.0337
Y,Y,Y,N,Y,N,N,Y,Y,Y,Y,Y,Y,Y,Y,Y,Y,Y,Y,Y,Y,N,Y,Y,Y,N,Y,Y,N,Y,N,Y,Y,N,Y,N,N,Y,N,14.217,[6N 22N 26N 3Y ],14.3777,0.0113
Y,Y,Y,N,Y,N,N,Y,N,N,Y,N,Y,Y,N,N,N,N,N,N,N,N,N,Y,Y,Y,N,Y,Y,N,N,Y,Y,N,Y,Y,N,N,N,15.634,[6N 22N 26Y 10N ],13.6667,0.1258
Y,Y,N,N,N,N,N,Y,Y,N,Y,N,N,Y,N,N,N,N,N,N,N,N,N,Y,Y,N,Y,Y,N,N,Y,Y,Y,N,Y,Y,N,N,N,14.647,[6N 22N 26N 3N ],14.9307,0.0194
Y,N,N,N,N,N,N,Y,N,N,Y,N,N,Y,N,N,N,Y,Y,N,N,N,N,Y,Y,N,Y,Y,Y,N,N,Y,Y,N,Y,Y,N,N,N,13.360,[6N 22N 26N 3N ],14.9307,0.1176
Y,Y,Y,N,Y,N,N,Y,Y,Y,Y,Y,Y,Y,Y,Y,Y,Y,Y,N,Y,Y,Y,Y,Y,Y,N,Y,Y,N,N,Y,N,Y,Y,N,N,N,Y,12.609,[6N 22Y 29Y ],13.8765,0.1005
Y,N,N,N,N,N,N,Y,N,Y,Y,N,N,Y,Y,N,N,N,N,N,N,N,N,Y,Y,N,Y,Y,N,N,Y,Y,Y,N,Y,Y,N,N,N,15.263,[6N 22N 26N 3N ],14.9307,0.0218
Y,Y,Y,N,Y,N,N,Y,Y,Y,Y,Y,Y,Y,Y,Y,N,Y,Y,Y,Y,Y,Y,Y,Y,Y,N,Y,Y,N,N,Y,Y,N,Y,N,N,Y,N,13.881,[6N 22Y 29Y ],13.8765,0.0003
Y,N,N,N,N,N,N,Y,N,N,Y,N,Y,Y,N,N,N,N,N,N,N,N,N,Y,Y,Y,N,Y,N,N,Y,Y,Y,N,Y,Y,N,N,N,13.926,[6N 22N 26Y 10N ],13.6667,0.0186
Y,Y,N,N,N,N,N,Y,N,N,Y,N,Y,Y,N,N,N,N,N,N,N,N,N,Y,Y,N,Y,Y,N,Y,N,Y,Y,N,Y,Y,N,N,N,14.214,[6N 22N 26N 3N ],14.9307,0.0504
Y,N,Y,N,N,N,Y,Y,N,Y,Y,N,N,Y,N,N,N,N,Y,N,N,N,N,Y,Y,N,Y,Y,Y,N,N,Y,Y,N,Y,Y,N,N,N,14.094,[6N 22N 26N 3Y ],14.3777,0.0201
Y,N,Y,N,Y,N,N,Y,N,N,Y,N,N,Y,Y,N,N,N,N,N,N,Y,N,Y,Y,N,Y,Y,Y,N,N,Y,Y,N,Y,Y,N,N,N,14.769,[6N 22Y 29Y ],13.8765,0.0604
Y,N,Y,Y,N,N,N,Y,N,Y,Y,N,N,Y,N,N,N,Y,N,N,N,N,N,Y,Y,Y,N,Y,Y,N,N,Y,Y,N,Y,Y,N,N,N,13.874,[6N 22N 26Y 10Y ],14.5610,0.0495
Y,N,N,N,N,N,N,Y,Y,N,Y,N,N,Y,N,N,N,Y,N,Y,N,N,N,Y,Y,N,Y,Y,Y,N,N,Y,Y,N,Y,Y,N,N,N,15.533,[6N 22N 26N 3N ],14.9307,0.0388
Y,N,N,N,N,N,N,Y,N,Y,Y,N,N,Y,N,N,N,Y,N,N,N,N,N,Y,Y,Y,N,Y,Y,N,N,Y,Y,N,Y,N,N,N,Y,14.510,[6N 22N 26Y 10Y ],14.5610,0.0035
Y,N,Y,N,Y,N,N,Y,N,N,Y,N,N,Y,N,N,N,N,N,N,Y,N,Y,Y,Y,N,Y,Y,Y,N,N,Y,Y,N,Y,Y,N,N,N,14.937,[6N 22N 26N 3Y ],14.3777,0.0374
Y,N,N,N,N,N,N,Y,N,N,Y,Y,Y,Y,N,N,N,N,N,N,N,N,N,Y,Y,N,Y,Y,Y,N,N,Y,Y,N,Y,Y,N,N,N,13.708,[6N 22N 26N 3N ],14.9307,0.0892
Y,Y,Y,N,Y,N,N,Y,Y,N,Y,Y,Y,Y,Y,Y,Y,Y,Y,Y,Y,Y,Y,Y,Y,N,Y,Y,N,Y,N,Y,Y,N,Y,N,N,Y,N,14.192,[6N 22Y 29N ],13.7242,0.0330
Y,N,Y,N,N,N,Y,Y,N,N,Y,Y,N,Y,N,N,N,N,N,N,N,N,N,Y,Y,Y,N,Y,N,N,Y,Y,Y,N,Y,Y,N,N,N,15.624,[6N 22N 26Y 10N ],13.6667,0.1253
Y,N,Y,N,N,N,Y,Y,N,N,Y,N,Y,Y,N,N,N,N,Y,N,N,N,N,Y,Y,Y,N,Y,Y,N,N,Y,Y,N,Y,Y,N,N,N,16.429,[6N 22N 26Y 10N ],13.6667,0.1681
Y,N,N,N,N,N,N,Y,Y,N,Y,N,N,Y,N,N,N,N,N,Y,N,N,N,Y,Y,N,Y,Y,N,N,Y,Y,Y,N,Y,Y,N,N,N,14.881,[6N 22N 26N 3N ],14.9307,0.0033
Y,N,N,N,N,N,N,Y,Y,N,Y,Y,N,Y,N,N,N,N,N,N,N,N,N,Y,Y,N,Y,Y,N,N,Y,Y,Y,N,Y,Y,N,N,N,15.534,[6N 22N 26N 3N ],14.9307,0.0388
Y,N,N,N,N,N,N,Y,Y,N,Y,N,N,Y,N,Y,N,N,N,Y,N,N,N,Y,Y,Y,N,Y,Y,N,N,Y,Y,N,Y,Y,N,N,N,14.706,[6N 22N 26Y 10N ],13.6667,0.0707
Y,N,N,N,N,N,N,Y,N,N,Y,N,N,Y,N,Y,N,N,N,N,N,N,N,Y,Y,N,Y,Y,N,N,Y,Y,Y,N,Y,N,N,N,Y,15.018,[6N 22N 26N 3N ],14.9307,0.0058
Y,N,N,N,N,N,N,Y,N,N,Y,N,N,Y,N,N,N,Y,N,Y,N,N,N,Y,Y,N,Y,Y,Y,N,N,Y,Y,N,Y,Y,N,N,N,13.154,[6N 22N 26N 3N ],14.9307,0.1351
Y,Y,N,N,N,N,N,Y,N,N,Y,N,N,Y,N,N,N,N,Y,N,Y,N,N,Y,Y,N,Y,Y,Y,N,N,Y,Y,N,Y,Y,N,N,N,14.507,[6N 22N 26N 3N ],14.9307,0.0292
Y,Y,Y,N,N,Y,N,Y,Y,Y,Y,Y,Y,Y,Y,N,Y,Y,Y,Y,Y,Y,Y,Y,Y,Y,N,Y,N,N,Y,Y,Y,N,Y,N,Y,N,N,14.607,[6Y ],15.0588,0.0309
Y,N,N,N,N,N,N,Y,N,N,Y,N,N,Y,Y,N,N,N,Y,N,N,N,N,Y,Y,Y,N,Y,Y,N,N,Y,Y,N,Y,Y,N,N,N,14.393,[6N 22N 26Y 10N ],13.6667,0.0505
Y,Y,Y,N,Y,N,N,Y,N,N,Y,N,N,Y,N,N,N,N,N,N,N,N,N,Y,Y,N,Y,Y,Y,N,N,Y,Y,N,Y,N,N,Y,N,14.336,[6N 22N 26N 3Y ],14.3777,0.0029
Y,N,Y,N,N,N,Y,Y,N,N,Y,N,Y,Y,N,N,N,N,N,N,N,Y,N,Y,Y,N,Y,Y,Y,N,N,Y,Y,N,Y,Y,N,N,N,14.470,[6N 22Y 29Y ],13.8765,0.0410
Y,N,N,N,N,N,N,Y,N,N,Y,N,N,Y,N,N,Y,N,N,N,Y,N,Y,Y,Y,Y,N,Y,Y,N,N,Y,Y,N,Y,Y,N,N,N,14.016,[6N 22N 26Y 10N ],13.6667,0.0249
Y,N,N,N,N,N,N,Y,N,N,Y,Y,N,Y,N,N,N,N,Y,N,Y,N,N,Y,Y,Y,N,Y,Y,N,N,Y,Y,N,Y,Y,N,N,N,14.703,[6N 22N 26Y 10N ],13.6667,0.0705
Y,N,N,N,N,N,N,Y,Y,N,Y,N,N,Y,N,N,N,Y,N,N,N,N,N,Y,Y,N,Y,Y,Y,N,N,Y,Y,N,Y,N,Y,N,N,15.019,[6N 22N 26N 3N ],14.9307,0.0059
Y,N,N,N,N,N,N,Y,N,N,Y,Y,N,Y,N,N,N,N,N,N,N,N,N,Y,Y,Y,N,Y,N,Y,N,Y,N,Y,Y,Y,N,N,N,13.348,[6N 22N 26Y 10N ],13.6667,0.0239
Y,Y,N,N,N,N,N,Y,N,N,Y,N,Y,Y,N,N,N,N,N,N,N,Y,N,Y,Y,N,Y,Y,Y,N,N,Y,Y,N,Y,Y,N,N,N,14.955,[6N 22Y 29Y ],13.8765,0.0721
Y,Y,N,N,N,N,N,Y,N,Y,Y,N,Y,Y,N,N,N,N,N,N,N,N,N,Y,Y,N,Y,Y,Y,N,N,Y,Y,N,Y,Y,N,N,N,15.541,[6N 22N 26N 3N ],14.9307,0.0393
Y,N,Y,N,Y,N,N,Y,N,N,Y,N,N,Y,N,N,N,N,N,Y,N,N,Y,Y,Y,N,Y,Y,Y,N,N,Y,Y,N,Y,Y,N,N,N,14.503,[6N 22N 26N 3Y ],14.3777,0.0086
Y,N,Y,N,N,Y,N,Y,N,N,Y,Y,N,Y,N,N,N,N,Y,N,N,N,N,Y,Y,N,Y,Y,Y,N,N,Y,Y,N,Y,Y,N,N,N,15.404,[6Y ],15.0588,0.0224
Y,N,Y,N,Y,N,N,Y,N,N,Y,N,Y,Y,N,N,N,N,N,N,N,N,N,Y,Y,Y,N,Y,Y,N,N,Y,Y,N,Y,N,N,N,Y,15.648,[6N 22N 26Y 10N ],13.6667,0.1266
Y,Y,Y,N,Y,N,N,Y,N,Y,Y,Y,Y,Y,Y,Y,Y,Y,Y,Y,Y,Y,Y,Y,Y,Y,N,Y,N,N,Y,Y,Y,N,Y,N,N,Y,N,14.624,[6N 22Y 29N ],13.7242,0.0615
Y,N,Y,N,Y,N,N,Y,Y,Y,Y,N,N,Y,N,N,N,N,N,N,N,N,N,Y,Y,Y,N,Y,Y,N,N,Y,Y,N,Y,Y,N,N,N,15.773,[6N 22N 26Y 10Y ],14.5610,0.0768
Y,N,N,N,N,N,N,Y,N,Y,Y,N,N,Y,N,N,N,N,N,Y,N,N,N,Y,Y,Y,N,Y,Y,N,N,Y,N,Y,Y,Y,N,N,N,14.160,[6N 22N 26Y 10Y ],14.5610,0.0283
Y,N,Y,Y,N,N,N,Y,Y,N,Y,N,N,Y,N,N,N,N,N,N,N,N,Y,Y,Y,N,Y,Y,Y,N,N,Y,Y,N,Y,Y,N,N,N,14.005,[6N 22N 26N 3Y ],14.3777,0.0266
Y,N,Y,N,N,Y,N,Y,N,N,Y,N,N,Y,N,N,N,N,N,N,N,Y,N,Y,Y,Y,N,Y,Y,N,N,Y,Y,N,Y,N,N,Y,N,16.297,[6Y ],15.0588,0.0760
Y,N,N,N,N,N,N,Y,Y,N,Y,N,N,Y,N,N,N,N,N,N,N,N,Y,Y,Y,N,Y,Y,N,Y,N,Y,Y,N,Y,Y,N,N,N,13.906,[6N 22N 26N 3N ],14.9307,0.0737
Y,N,N,N,N,N,N,Y,N,Y,Y,N,Y,Y,Y,N,N,N,N,N,N,N,N,Y,Y,N,Y,Y,Y,N,N,Y,Y,N,Y,Y,N,N,N,16.244,[6N 22N 26N 3N ],14.9307,0.0809
Y,N,Y,N,N,N,Y,Y,N,N,Y,N,N,Y,N,N,N,Y,N,N,N,Y,N,Y,Y,N,Y,Y,Y,N,N,Y,Y,N,Y,Y,N,N,N,14.270,[6N 22Y 29Y ],13.8765,0.0276
Y,N,N,N,N,N,N,Y,N,N,Y,N,N,Y,N,N,N,N,N,N,N,Y,N,Y,Y,Y,N,Y,Y,N,N,Y,N,Y,Y,N,N,N,Y,13.551,[6N 22Y 29Y ],13.8765,0.0240
Y,N,Y,Y,N,N,N,Y,N,N,Y,N,N,Y,N,N,N,Y,N,N,N,N,N,Y,Y,N,Y,Y,Y,N,N,Y,Y,N,Y,N,N,Y,N,13.585,[6N 22N 26N 3Y ],14.3777,0.0583
Y,N,N,N,N,N,N,Y,Y,N,Y,Y,N,Y,N,N,N,N,N,Y,N,N,N,Y,Y,Y,N,Y,Y,N,N,Y,Y,N,Y,Y,N,N,N,14.664,[6N 22N 26Y 10N ],13.6667,0.0680
Y,N,N,N,N,N,N,Y,N,N,Y,Y,N,Y,N,N,N,Y,N,N,N,N,N,Y,Y,Y,N,Y,Y,N,N,Y,Y,N,Y,N,Y,N,N,13.252,[6N 22N 26Y 10N ],13.6667,0.0313
Y,N,Y,Y,N,N,N,Y,N,N,Y,N,N,Y,N,N,N,N,Y,N,N,N,N,Y,Y,N,Y,Y,Y,N,N,Y,Y,N,Y,N,N,Y,N,13.929,[6N 22N 26N 3Y ],14.3777,0.0322
Y,N,Y,N,N,N,Y,Y,N,Y,Y,N,N,Y,N,N,N,N,N,N,N,N,N,Y,Y,Y,N,Y,Y,N,N,Y,Y,N,Y,N,Y,N,N,15.670,[6N 22N 26Y 10Y ],14.5610,0.0708
Y,N,N,N,N,N,N,Y,N,Y,Y,N,N,Y,N,N,N,N,N,N,N,N,N,Y,Y,N,Y,Y,N,Y,N,Y,Y,N,Y,N,N,N,Y,14.337,[6N 22N 26N 3N ],14.9307,0.0414
Y,N,N,N,N,N,N,Y,Y,N,Y,N,N,Y,Y,N,N,N,N,N,Y,N,N,Y,Y,N,Y,Y,Y,N,N,Y,Y,N,Y,Y,N,N,N,15.308,[6N 22N 26N 3N ],14.9307,0.0246
Y,N,N,N,N,N,N,Y,N,Y,Y,N,N,Y,Y,N,N,N,N,N,N,Y,N,Y,Y,Y,N,Y,Y,N,N,Y,Y,N,Y,Y,N,N,N,14.794,[6N 22Y 29Y ],13.8765,0.0620
Y,N,Y,N,N,Y,N,Y,N,N,Y,N,N,Y,N,N,N,N,Y,N,N,N,N,Y,Y,N,Y,Y,Y,N,N,Y,Y,N,Y,N,N,N,Y,15.473,[6Y ],15.0588,0.0268
Y,N,Y,N,N,N,Y,Y,N,N,Y,N,N,Y,N,N,N,N,N,Y,N,N,N,Y,Y,Y,N,Y,N,Y,N,Y,Y,N,Y,Y,N,N,N,15.661,[6N 22N 26Y 10N ],13.6667,0.1273
Y,Y,Y,Y,N,N,N,Y,Y,Y,Y,Y,Y,Y,Y,Y,N,Y,Y,Y,Y,Y,Y,Y,Y,Y,N,Y,N,N,Y,Y,Y,N,Y,N,Y,N,N,14.006,[6N 22Y 29N ],13.7242,0.0201
Y,N,N,N,N,N,N,Y,Y,N,Y,Y,N,Y,N,N,N,N,Y,N,N,N,N,Y,Y,N,Y,Y,Y,N,N,Y,Y,N,Y,Y,N,N,N,14.163,[6N 22N 26N 3N ],14.9307,0.0542
Y,N,Y,N,N,Y,N,Y,N,N,Y,N,N,Y,N,Y,N,N,N,N,N,Y,N,Y,Y,Y,N,Y,Y,N,N,Y,Y,N,Y,Y,N,N,N,15.518,[6Y ],15.0588,0.0296
Y,Y,Y,Y,N,N,N,Y,Y,Y,Y,Y,Y,Y,Y,Y,N,Y,Y,Y,Y,Y,Y,Y,Y,N,Y,Y,N,N,Y,Y,Y,N,Y,N,N,N,Y,13.130,[6N 22Y 29N ],13.7242,0.0453
Y,N,N,N,N,N,N,Y,N,N,Y,N,N,Y,N,N,N,N,N,N,N,N,Y,Y,Y,Y,N,Y,Y,N,N,Y,Y,N,Y,N,N,N,Y,14.382,[6N 22N 26Y 10N ],13.6667,0.0497
Y,N,Y,N,Y,N,N,Y,N,N,Y,N,N,Y,N,N,N,Y,Y,N,N,N,N,Y,Y,Y,N,Y,Y,N,N,Y,Y,N,Y,Y,N,N,N,15.957,[6N 22N 26Y 10N ],13.6667,0.1435
Y,N,Y,N,Y,N,N,Y,N,Y,Y,N,N,Y,N,Y,N,N,N,N,N,N,N,Y,Y,N,Y,Y,Y,N,N,Y,Y,N,Y,Y,N,N,N,15.047,[6N 22N 26N 3Y ],14.3777,0.0445
Y,N,Y,Y,N,N,N,Y,N,N,Y,N,N,Y,N,N,N,N,Y,N,N,N,N,Y,Y,Y,N,Y,Y,N,N,Y,Y,N,Y,N,Y,N,N,13.602,[6N 22N 26Y 10N ],13.6667,0.0048
Y,N,Y,N,N,Y,N,Y,N,N,Y,N,N,Y,N,N,N,N,N,N,N,Y,N,Y,Y,N,Y,Y,Y,N,N,Y,Y,N,Y,N,N,N,Y,14.920,[6Y ],15.0588,0.0093
Y,N,Y,N,N,Y,N,Y,N,N,Y,N,N,Y,N,Y,N,N,Y,N,N,N,N,Y,Y,Y,N,Y,Y,N,N,Y,Y,N,Y,Y,N,N,N,15.284,[6Y ],15.0588,0.0147
Y,N,N,N,N,N,N,Y,N,Y,Y,N,N,Y,N,N,Y,N,N,N,N,N,N,Y,Y,N,Y,Y,Y,N,N,Y,Y,N,Y,Y,N,N,N,13.611,[6N 22N 26N 3N ],14.9307,0.0970
Y,Y,Y,N,Y,N,N,Y,N,Y,Y,Y,Y,Y,Y,Y,Y,Y,Y,Y,Y,Y,Y,Y,Y,Y,N,Y,N,N,Y,Y,Y,N,Y,Y,N,N,N,14.764,[6N 22Y 29N ],13.7242,0.0704
Y,N,N,N,N,N,N,Y,N,N,Y,N,N,Y,N,N,Y,N,N,N,N,N,Y,Y,Y,Y,N,Y,Y,N,N,Y,Y,N,Y,Y,N,N,N,13.856,[6N 22N 26Y 10N ],13.6667,0.0137
Y,N,Y,N,Y,N,N,Y,N,N,Y,Y,N,Y,N,N,N,Y,N,N,N,N,N,Y,Y,N,Y,Y,Y,N,N,Y,Y,N,Y,Y,N,N,N,14.464,[6N 22N 26N 3Y ],14.3777,0.0060
Y,N,N,N,N,N,N,Y,N,N,Y,N,Y,Y,N,N,N,N,N,Y,N,N,N,Y,Y,N,Y,Y,Y,N,N,Y,Y,N,Y,N,Y,N,N,15.092,[6N 22N 26N 3N ],14.9307,0.0107
Y,Y,Y,N,Y,N,N,Y,Y,Y,Y,Y,Y,Y,Y,Y,N,Y,Y,Y,Y,Y,Y,Y,Y,Y,N,Y,Y,N,N,Y,N,Y,Y,N,N,N,Y,13.886,[6N 22Y 29Y ],13.8765,0.0007
Y,N,Y,N,Y,N,N,Y,N,N,Y,N,N,Y,N,Y,N,N,N,N,N,N,N,Y,Y,Y,N,Y,Y,N,N,Y,Y,N,Y,N,N,Y,N,15.558,[6N 22N 26Y 10N ],13.6667,0.1216
Y,N,Y,N,Y,N,N,Y,N,N,Y,N,N,Y,N,N,N,N,Y,N,N,N,N,Y,Y,Y,N,Y,N,Y,N,Y,Y,N,Y,Y,N,N,N,14.130,[6N 22N 26Y 10N ],13.6667,0.0328
Y,Y,N,N,N,N,N,Y,N,N,Y,N,N,Y,N,N,Y,N,N,N,N,N,N,Y,Y,N,Y,Y,Y,N,N,Y,Y,N,Y,N,Y,N,N,14.679,[6N 22N 26N 3N ],14.9307,0.0171
Y,N,N,N,N,N,N,Y,N,N,Y,N,Y,Y,N,N,N,N,N,N,N,N,N,Y,Y,Y,N,Y,N,Y,N,Y,Y,N,Y,Y,N,N,N,14.671,[6N 22N 26Y 10N ],13.6667,0.0685
Y,N,N,N,N,N,N,Y,Y,N,Y,Y,N,Y,N,N,N,N,N,N,N,N,N,Y,Y,Y,N,Y,Y,N,N,Y,Y,N,Y,N,N,N,Y,14.400,[6N 22N 26Y 10N ],13.6667,0.0509
Y,N,Y,Y,N,N,N,Y,N,N,Y,Y,N,Y,N,N,Y,N,N,N,N,N,N,Y,Y,Y,N,Y,Y,N,N,Y,Y,N,Y,Y,N,N,N,14.000,[6N 22N 26Y 10N ],13.6667,0.0238
Y,N,N,N,N,N,N,Y,N,N,Y,N,N,Y,Y,N,N,N,N,N,N,N,Y,Y,Y,N,Y,Y,Y,N,N,Y,N,Y,Y,Y,N,N,N,15.255,[6N 22N 26N 3N ],14.9307,0.0213
Y,N,N,N,N,N,N,Y,Y,N,Y,Y,N,Y,N,N,N,N,N,N,N,N,N,Y,Y,Y,N,Y,Y,N,N,Y,Y,N,Y,N,N,Y,N,13.560,[6N 22N 26Y 10N ],13.6667,0.0079
N,N,N,N,N,N,N,N,N,N,N,N,N,N,N,N,N,N,N,N,N,N,N,N,N,Y,N,N,Y,N,N,N,Y,N,Y,N,N,N,Y,13.907,[6N 22N 26Y 10N ],13.6667,0.0173
Y,N,Y,N,Y,N,N,Y,N,N,Y,N,N,Y,N,N,N,N,N,N,N,Y,N,Y,Y,Y,N,Y,Y,N,N,Y,Y,N,Y,N,Y,N,N,14.851,[6N 22Y 29Y ],13.8765,0.0656
Y,N,N,N,N,N,N,Y,Y,N,Y,N,N,Y,N,N,N,N,N,N,Y,N,N,Y,Y,Y,N,Y,Y,N,N,Y,Y,N,Y,N,N,Y,N,13.680,[6N 22N 26Y 10N ],13.6667,0.0010
Y,N,N,N,N,N,N,Y,Y,N,Y,N,Y,Y,N,N,N,N,N,N,N,N,N,Y,Y,N,Y,Y,N,N,Y,Y,Y,N,Y,Y,N,N,N,15.286,[6N 22N 26N 3N ],14.9307,0.0232
Y,N,N,N,N,N,N,Y,N,N,Y,N,Y,Y,N,N,N,N,N,N,N,N,N,Y,Y,Y,N,Y,Y,N,N,Y,N,Y,Y,N,N,Y,N,13.775,[6N 22N 26Y 10N ],13.6667,0.0079
Y,N,N,N,N,N,N,Y,N,N,Y,N,N,Y,N,N,N,N,Y,Y,N,N,N,Y,Y,N,Y,Y,Y,N,N,Y,Y,N,Y,N,N,Y,N,14.325,[6N 22N 26N 3N ],14.9307,0.0423
Y,N,N,N,N,N,N,Y,N,N,Y,N,N,Y,N,N,N,Y,N,N,N,N,N,Y,Y,Y,N,Y,Y,N,N,Y,N,Y,Y,N,N,N,Y,13.764,[6N 22N 26Y 10N ],13.6667,0.0071
Y,N,N,N,N,N,N,Y,N,N,Y,N,N,Y,N,N,N,N,N,N,N,N,Y,Y,Y,N,Y,Y,N,N,Y,Y,Y,N,Y,N,N,N,Y,14.694,[6N 22N 26N 3N ],14.9307,0.0161
Y,N,Y,Y,N,N,N,Y,N,N,Y,N,Y,Y,N,N,Y,N,N,N,N,N,N,Y,Y,N,Y,Y,Y,N,N,Y,Y,N,Y,Y,N,N,N,13.909,[6N 22N 26N 3Y ],14.3777,0.0337
Y,N,N,N,N,N,N,Y,Y,Y,Y,N,N,Y,N,N,N,N,N,N,N,N,N,Y,Y,N,Y,Y,Y,N,N,Y,Y,N,Y,N,N,N,Y,14.801,[6N 22N 26N 3N ],14.9307,0.0088
Y,N,N,N,N,N,N,Y,N,N,Y,N,N,Y,N,N,N,N,N,Y,N,N,Y,Y,Y,N,Y,Y,Y,N,N,Y,Y,N,Y,N,N,Y,N,14.767,[6N 22N 26N 3N ],14.9307,0.0111
Y,N,Y,N,N,N,Y,Y,Y,Y,Y,Y,Y,Y,Y,Y,Y,Y,Y,Y,Y,Y,Y,Y,Y,Y,N,Y,N,N,Y,Y,Y,N,Y,Y,N,N,N,14.740,[6N 22Y 29N ],13.7242,0.0689
Y,N,N,N,N,N,N,Y,N,N,Y,N,N,Y,Y,N,N,N,N,N,N,N,Y,Y,Y,Y,N,Y,Y,N,N,Y,Y,N,Y,N,N,N,Y,14.330,[6N 22N 26Y 10N ],13.6667,0.0463
Y,Y,Y,N,Y,N,N,Y,Y,Y,Y,Y,Y,Y,Y,Y,Y,Y,Y,Y,Y,N,Y,Y,Y,N,Y,Y,N,Y,N,Y,Y,N,Y,N,Y,N,N,14.496,[6N 22N 26N 3Y ],14.3777,0.0082
Y,N,N,N,N,N,N,Y,N,N,Y,N,N,Y,N,N,N,N,N,N,N,Y,N,Y,Y,N,Y,Y,N,N,Y,Y,N,Y,Y,Y,N,N,N,15.449,[6N 22Y 29N ],13.7242,0.1116
Y,N,Y,Y,N,N,N,Y,N,N,Y,N,N,Y,N,N,N,N,N,N,N,N,Y,Y,Y,N,Y,Y,Y,N,N,Y,Y,N,Y,N,Y,N,N,13.719,[6N 22N 26N 3Y ],14.3777,0.0480
Y,N,N,N,N,N,N,Y,N,N,Y,N,N,Y,N,Y,N,N,N,N,N,N,N,Y,Y,Y,N,Y,N,Y,N,Y,N,Y,Y,Y,N,N,N,13.399,[6N 22N 26Y 10N ],13.6667,0.0200
Y,Y,N,N,N,N,N,Y,N,N,Y,N,N,Y,N,N,N,N,N,N,Y,N,N,Y,Y,Y,N,Y,Y,N,N,Y,Y,N,Y,N,Y,N,N,14.093,[6N 22N 26Y 10N ],13.6667,0.0303
Y,N,N,N,N,N,N,Y,Y,N,Y,N,Y,Y,N,N,N,N,N,N,N,N,N,Y,Y,Y,N,Y,Y,N,N,Y,Y,N,Y,N,N,Y,N,13.513,[6N 22N 26Y 10N ],13.6667,0.0114
Y,N,N,N,N,N,N,Y,Y,N,Y,N,N,Y,Y,N,N,N,N,N,N,N,N,Y,Y,N,Y,Y,Y,N,N,Y,Y,N,Y,Y,N,N,N,13.205,[6N 22N 26N 3N ],14.9307,0.1307
Y,N,Y,N,N,N,Y,Y,N,N,Y,N,Y,Y,N,N,Y,N,N,N,N,N,N,Y,Y,N,Y,Y,Y,N,N,Y,Y,N,Y,Y,N,N,N,14.277,[6N 22N 26N 3Y ],14.3777,0.0071
Y,N,Y,Y,N,N,N,Y,Y,N,Y,N,N,Y,N,N,N,N,N,N,N,N,N,Y,Y,N,Y,Y,Y,N,N,Y,N,Y,Y,Y,N,N,N,13.764,[6N 22N 26N 3Y ],14.3777,0.0446
Y,N,Y,Y,N,N,N,Y,N,N,Y,N,N,Y,N,N,N,N,Y,N,N,N,Y,Y,Y,N,Y,Y,Y,N,N,Y,Y,N,Y,Y,N,N,N,13.778,[6N 22N 26N 3Y ],14.3777,0.0435
Y,Y,Y,N,N,N,Y,Y,N,N,Y,N,N,Y,N,N,N,N,N,N,N,N,N,Y,Y,Y,N,Y,Y,N,N,Y,Y,N,Y,Y,N,N,N,14.069,[6N 22N 26Y 10N ],13.6667,0.0286
Y,N,N,N,N,N,N,Y,N,Y,Y,N,N,Y,N,Y,N,N,N,N,N,Y,N,Y,Y,N,Y,Y,Y,N,N,Y,Y,N,Y,Y,N,N,N,14.521,[6N 22Y 29Y ],13.8765,0.0444
Y,N,N,N,N,N,N,Y,N,Y,Y,N,Y,Y,N,N,N,N,N,N,N,N,N,Y,Y,Y,N,Y,N,N,Y,Y,Y,N,Y,Y,N,N,N,13.291,[6N 22N 26Y 10Y ],14.5610,0.0956
Y,N,Y,Y,N,N,N,Y,Y,N,Y,N,N,Y,N,N,N,N,N,Y,N,N,N,Y,Y,N,Y,Y,Y,N,N,Y,Y,N,Y,Y,N,N,N,13.963,[6N 22N 26N 3Y ],14.3777,0.0297
Y,N,N,N,N,N,N,Y,N,N,Y,N,N,Y,N,N,N,N,N,N,N,Y,N,Y,Y,N,Y,Y,Y,N,N,Y,Y,N,Y,N,Y,N,N,13.933,[6N 22Y 29Y ],13.8765,0.0041
Y,N,N,N,N,N,N,Y,N,N,Y,N,Y,Y,N,N,Y,N,N,N,N,N,N,Y,Y,N,Y,Y,Y,N,N,Y,Y,N,Y,N,N,Y,N,13.990,[6N 22N 26N 3N ],14.9307,0.0672
Y,Y,Y,N,Y,N,N,Y,Y,Y,Y,Y,Y,Y,Y,Y,Y,Y,N,Y,Y,Y,Y,Y,Y,Y,N,Y,Y,N,N,Y,Y,N,Y,N,Y,N,N,14.406,[6N 22Y 29Y ],13.8765,0.0368
Y,N,N,N,N,N,N,Y,N,N,Y,N,N,Y,N,Y,N,Y,N,Y,N,N,N,Y,Y,N,Y,Y,Y,N,N,Y,Y,N,Y,Y,N,N,N,13.095,[6N 22N 26N 3N ],14.9307,0.1402
Y,N,N,N,N,N,N,Y,N,N,Y,N,Y,Y,N,N,Y,N,N,N,N,N,N,Y,Y,Y,N,Y,Y,N,N,Y,Y,N,Y,Y,N,N,N,14.769,[6N 22N 26Y 10N ],13.6667,0.0746
Y,N,N,N,N,N,N,Y,N,N,Y,N,Y,Y,N,N,N,N,N,N,N,N,Y,Y,Y,Y,N,Y,N,N,Y,Y,Y,N,Y,Y,N,N,N,13.830,[6N 22N 26Y 10N ],13.6667,0.0118
Y,N,N,N,N,N,N,Y,N,N,Y,N,N,Y,N,N,Y,N,N,N,N,Y,N,Y,Y,N,Y,Y,Y,N,N,Y,Y,N,Y,N,Y,N,N,14.839,[6N 22Y 29Y ],13.8765,0.0649
Y,Y,Y,N,N,Y,N,Y,N,N,Y,N,N,Y,N,N,N,N,N,N,Y,N,N,Y,Y,Y,N,Y,Y,N,N,Y,Y,N,Y,Y,N,N,N,15.682,[6Y ],15.0588,0.0397
Y,Y,Y,N,N,Y,N,Y,Y,Y,Y,Y,Y,Y,Y,Y,N,Y,Y,Y,Y,Y,Y,Y,Y,N,Y,Y,Y,N,N,Y,N,Y,Y,N,Y,N,N,14.355,[6Y ],15.0588,0.0490
Y,N,N,N,N,N,N,Y,N,Y,Y,N,N,Y,N,Y,N,N,N,N,N,N,N,Y,Y,N,Y,Y,N,Y,N,Y,Y,N,Y,Y,N,N,N,13.951,[6N 22N 26N 3N ],14.9307,0.0702
Y,N,N,N,N,N,N,Y,Y,N,Y,N,N,Y,N,N,N,N,N,N,N,N,Y,Y,Y,N,Y,Y,Y,N,N,Y,Y,N,Y,N,N,N,Y,14.288,[6N 22N 26N 3N ],14.9307,0.0450
Y,Y,N,N,N,N,N,Y,N,N,Y,N,N,Y,N,N,N,Y,Y,N,N,N,N,Y,Y,Y,N,Y,Y,N,N,Y,Y,N,Y,Y,N,N,N,15.089,[6N 22N 26Y 10N ],13.6667,0.0943
Y,N,N,N,N,N,N,Y,N,N,Y,N,Y,Y,N,N,N,N,N,N,N,N,N,Y,Y,Y,N,Y,N,Y,N,Y,Y,N,Y,N,Y,N,N,13.077,[6N 22N 26Y 10N ],13.6667,0.0451
Y,N,N,N,N,N,N,Y,N,Y,Y,N,N,Y,N,N,N,N,Y,N,N,N,N,Y,Y,N,Y,Y,Y,N,N,Y,N,Y,Y,Y,N,N,N,15.228,[6N 22N 26N 3N ],14.9307,0.0195
Y,Y,N,N,N,N,N,Y,N,N,Y,Y,N,Y,N,N,N,N,N,N,N,Y,N,Y,Y,Y,N,Y,Y,N,N,Y,Y,N,Y,Y,N,N,N,15.208,[6N 22Y 29Y ],13.8765,0.0876
Y,N,N,N,N,N,N,Y,N,Y,Y,N,N,Y,N,N,N,N,N,N,N,N,N,Y,Y,N,Y,Y,Y,N,N,Y,N,Y,Y,N,N,Y,N,15.780,[6N 22N 26N 3N ],14.9307,0.0538
Y,N,N,N,N,N,N,Y,N,N,Y,N,N,Y,N,N,N,N,N,N,N,Y,Y,Y,Y,Y,N,Y,Y,N,N,Y,Y,N,Y,N,N,Y,N,13.185,[6N 22Y 29Y ],13.8765,0.0524
Y,N,N,N,N,N,N,Y,N,N,Y,N,N,Y,N,N,Y,N,N,N,N,Y,N,Y,Y,Y,N,Y,Y,N,N,Y,N,Y,Y,Y,N,N,N,14.182,[6N 22Y 29Y ],13.8765,0.0215
Y,N,Y,Y,N,N,N,Y,Y,N,Y,N,N,Y,N,N,N,N,Y,N,N,N,N,Y,Y,N,Y,Y,Y,N,N,Y,Y,N,Y,Y,N,N,N,13.692,[6N 22N 26N 3Y ],14.3777,0.0501
Y,Y,Y,N,N,N,Y,Y,Y,Y,Y,Y,Y,Y,Y,Y,Y,Y,Y,Y,Y,Y,Y,Y,Y,Y,N,Y,N,N,Y,Y,Y,N,Y,N,Y,N,N,14.662,[6N 22Y 29N ],13.7242,0.0640
Y,N,Y,N,N,N,Y,Y,Y,N,Y,N,N,Y,Y,N,N,N,N,N,N,N,N,Y,Y,Y,N,Y,Y,N,N,Y,Y,N,Y,Y,N,N,N,16.078,[6N 22N 26Y 10N ],13.6667,0.1500
Y,N,N,N,N,N,N,Y,N,N,Y,N,N,Y,N,N,N,N,Y,N,Y,N,N,Y,Y,Y,N,Y,Y,N,N,Y,Y,N,Y,Y,N,N,N,14.147,[6N 22N 26Y 10N ],13.6667,0.0340
Y,N,Y,N,Y,N,N,Y,N,N,Y,Y,N,Y,Y,N,N,N,N,N,N,N,N,Y,Y,Y,N,Y,Y,N,N,Y,Y,N,Y,Y,N,N,N,15.643,[6N 22N 26Y 10N ],13.6667,0.1263
Y,N,Y,N,N,N,Y,Y,N,N,Y,N,N,Y,N,N,N,N,N,N,N,N,N,Y,Y,N,Y,Y,N,N,Y,Y,Y,N,Y,N,N,N,Y,14.509,[6N 22N 26N 3Y ],14.3777,0.0091
Y,N,N,N,N,N,N,Y,N,Y,Y,N,N,Y,N,N,N,N,N,N,N,N,Y,Y,Y,Y,N,Y,N,Y,N,Y,Y,N,Y,Y,N,N,N,14.337,[6N 22N 26Y 10Y ],14.5610,0.0156
Y,N,N,N,N,N,N,Y,N,N,Y,N,N,Y,N,N,N,Y,N,N,N,Y,N,Y,Y,N,Y,Y,Y,N,N,Y,Y,N,Y,Y,N,N,N,13.119,[6N 22Y 29Y ],13.8765,0.0577
Y,N,N,N,N,N,N,Y,N,N,Y,N,N,Y,N,Y,Y,N,N,N,N,N,N,Y,Y,N,Y,Y,N,N,Y,Y,Y,N,Y,Y,N,N,N,15.553,[6N 22N 26N 3N ],14.9307,0.0400
Y,N,N,N,N,N,N,Y,N,N,Y,N,N,Y,N,N,N,N,N,N,Y,N,N,Y,Y,Y,N,Y,Y,N,N,Y,Y,N,Y,N,Y,N,N,14.436,[6N 22N 26Y 10N ],13.6667,0.0533
Y,Y,Y,N,N,Y,N,Y,Y,Y,Y,Y,Y,Y,Y,Y,N,Y,Y,Y,Y,Y,Y,Y,Y,Y,N,Y,Y,N,N,Y,N,Y,Y,N,N,N,Y,14.356,[6Y ],15.0588,0.0490
Y,N,Y,N,Y,N,N,Y,N,N,Y,Y,N,Y,N,N,N,N,N,N,N,N,N,Y,Y,N,Y,Y,Y,N,N,Y,Y,N,Y,Y,N,N,N,14.244,[6N 22N 26N 3Y ],14.3777,0.0094
Y,N,Y,N,Y,N,N,Y,Y,Y,Y,Y,Y,Y,Y,Y,Y,Y,Y,Y,Y,Y,Y,Y,Y,N,Y,Y,N,Y,N,Y,N,Y,Y,N,N,N,Y,14.419,[6N 22Y 29N ],13.7242,0.0482
Y,N,N,N,N,N,N,Y,N,N,Y,N,N,Y,N,N,N,N,N,Y,N,N,N,Y,Y,Y,N,Y,Y,N,N,Y,Y,N,Y,N,N,N,Y,14.705,[6N 22N 26Y 10N ],13.6667,0.0706
Y,N,Y,N,Y,N,N,Y,N,N,Y,N,N,Y,N,N,N,N,Y,N,N,N,N,Y,Y,N,Y,Y,Y,N,N,Y,Y,N,Y,N,Y,N,N,14.869,[6N 22N 26N 3Y ],14.3777,0.0330
Y,N,Y,N,Y,N,N,Y,N,N,Y,N,N,Y,N,N,Y,N,N,N,N,N,N,Y,Y,N,Y,Y,N,N,Y,Y,Y,N,Y,Y,N,N,N,13.550,[6N 22N 26N 3Y ],14.3777,0.0611
Y,N,N,N,N,N,N,Y,N,N,Y,Y,N,Y,Y,N,N,N,N,N,N,N,N,Y,Y,N,Y,Y,N,N,Y,Y,Y,N,Y,Y,N,N,N,15.468,[6N 22N 26N 3N ],14.9307,0.0347
Y,N,Y,N,N,N,Y,Y,N,N,Y,Y,N,Y,N,Y,N,N,N,N,N,N,N,Y,Y,N,Y,Y,Y,N,N,Y,Y,N,Y,Y,N,N,N,14.052,[6N 22N 26N 3Y ],14.3777,0.0232
Y,N,Y,N,N,N,Y,Y,Y,N,Y,N,N,Y,N,N,N,N,N,N,N,N,N,Y,Y,Y,N,Y,Y,N,N,Y,Y,N,Y,N,N,N,Y,15.659,[6N 22N 26Y 10N ],13.6667,0.1272
Y,N,N,N,N,N,N,Y,Y,N,Y,N,N,Y,N,N,N,N,N,N,N,N,N,Y,Y,Y,N,Y,N,N,Y,Y,Y,N,Y,Y,N,N,N,14.514,[6N 22N 26Y 10N ],13.6667,0.0584
Y,Y,N,N,N,N,N,Y,N,N,Y,Y,N,Y,Y,N,N,N,N,N,N,N,N,Y,Y,N,Y,Y,Y,N,N,Y,Y,N,Y,Y,N,N,N,15.417,[6N 22N 26N 3N ],14.9307,0.0315
Y,N,N,N,N,N,N,Y,N,N,Y,N,N,Y,N,N,Y,N,N,N,Y,N,N,Y,Y,N,Y,Y,N,Y,N,Y,Y,N,Y,Y,N,N,N,14.925,[6N 22N 26N 3N ],14.9307,0.0004
Y,N,Y,Y,N,N,N,Y,N,N,Y,N,N,Y,N,N,N,Y,N,N,N,N,N,Y,Y,Y,N,Y,Y,N,N,Y,Y,N,Y,Y,N,N,N,13.236,[6N 22N 26Y 10N ],13.6667,0.0325
Y,N,Y,N,Y,N,N,Y,N,N,Y,N,N,Y,N,N,N,N,N,Y,N,N,N,Y,Y,Y,N,Y,Y,N,N,Y,Y,N,Y,N,Y,N,N,14.621,[6N 22N 26Y 10N ],13.6667,0.0653
Y,N,N,N,N,N,N,Y,N,Y,Y,N,N,Y,N,N,N,N,N,Y,N,N,N,Y,Y,N,Y,Y,Y,N,N,Y,Y,N,Y,N,Y,N,N,15.627,[6N 22N 26N 3N ],14.9307,0.0446
Y,N,N,N,N,N,N,Y,N,N,Y,N,Y,Y,N,N,Y,N,N,N,N,N,Y,Y,Y,Y,N,Y,Y,N,N,Y,Y,N,Y,Y,N,N,N,13.724,[6N 22N 26Y 10N ],13.6667,0.0042
Y,N,N,N,N,N,N,Y,N,N,Y,N,N,Y,N,Y,N,N,N,Y,N,N,N,Y,Y,Y,N,Y,N,Y,N,Y,Y,N,Y,Y,N,N,N,14.717,[6N 22N 26Y 10N ],13.6667,0.0714
Y,N,N,N,N,N,N,Y,N,N,Y,N,N,Y,N,N,N,N,N,N,N,N,N,Y,Y,Y,N,Y,N,N,Y,Y,N,Y,Y,N,N,Y,N,15.376,[6N 22N 26Y 10N ],13.6667,0.1112
Y,Y,N,N,N,N,N,Y,N,N,Y,N,N,Y,N,N,N,N,N,Y,N,N,N,Y,Y,Y,N,Y,N,N,Y,Y,Y,N,Y,Y,N,N,N,13.946,[6N 22N 26Y 10N ],13.6667,0.0200
Y,N,N,N,N,N,N,Y,Y,N,Y,N,N,Y,N,N,N,N,Y,N,N,Y,N,Y,Y,N,Y,Y,Y,N,N,Y,Y,N,Y,Y,N,N,N,15.611,[6N 22Y 29Y ],13.8765,0.1111
Y,N,N,N,N,N,N,Y,N,N,Y,N,Y,Y,N,N,N,N,N,N,N,N,Y,Y,Y,N,Y,Y,Y,N,N,Y,Y,N,Y,Y,N,N,N,13.128,[6N 22N 26N 3N ],14.9307,0.1373
Y,N,Y,Y,N,N,N,Y,N,N,Y,N,N,Y,N,N,N,Y,N,N,N,N,Y,Y,Y,Y,N,Y,Y,N,N,Y,Y,N,Y,Y,N,N,N,14.542,[6N 22N 26Y 10N ],13.6667,0.0602
Y,N,N,N,N,N,N,Y,N,N,Y,N,N,Y,N,N,N,N,N,N,Y,N,N,Y,Y,N,Y,Y,Y,N,N,Y,Y,N,Y,N,N,N,Y,13.288,[6N 22N 26N 3N ],14.9307,0.1236
Y,N,N,N,N,N,N,Y,N,N,Y,N,Y,Y,N,N,N,N,N,Y,N,N,N,Y,Y,Y,N,Y,Y,N,N,Y,Y,N,Y,Y,N,N,N,14.459,[6N 22N 26Y 10N ],13.6667,0.0548
Y,N,N,N,N,N,N,Y,N,N,Y,N,N,Y,N,N,N,N,N,Y,Y,N,N,Y,Y,N,Y,Y,Y,N,N,Y,Y,N,Y,N,N,Y,N,14.837,[6N 22N 26N 3N ],14.9307,0.0063
Y,N,Y,Y,N,N,N,Y,N,N,Y,N,N,Y,N,N,N,Y,N,N,N,N,N,Y,Y,N,Y,Y,N,Y,N,Y,Y,N,Y,Y,N,N,N,13.269,[6N 22N 26N 3Y ],14.3777,0.0836
Y,N,N,N,N,N,N,Y,N,N,Y,N,N,Y,N,N,N,N,N,N,N,Y,N,Y,Y,N,Y,Y,N,N,Y,Y,Y,N,Y,Y,N,N,N,14.328,[6N 22Y 29N ],13.7242,0.0421
Y,N,N,N,N,N,N,Y,N,N,Y,N,N,Y,Y,N,Y,N,N,N,N,N,N,Y,Y,N,Y,Y,Y,N,N,Y,Y,N,Y,N,N,N,Y,14.935,[6N 22N 26N 3N ],14.9307,0.0003
Y,Y,N,N,N,N,N,Y,N,N,Y,N,N,Y,Y,Y,N,N,N,N,N,N,N,Y,Y,Y,N,Y,Y,N,N,Y,Y,N,Y,Y,N,N,N,14.978,[6N 22N 26Y 10N ],13.6667,0.0876
Y,Y,Y,N,N,Y,N,Y,Y,N,Y,Y,Y,Y,Y,Y,Y,Y,Y,Y,Y,Y,Y,Y,Y,Y,N,Y,Y,N,N,Y,N,Y,Y,N,N,N,Y,14.508,[6Y ],15.0588,0.0380
Y,N,N,N,N,N,N,Y,Y,Y,Y,N,N,Y,N,N,N,N,N,N,N,Y,N,Y,Y,N,Y,Y,Y,N,N,Y,Y,N,Y,Y,N,N,N,14.793,[6N 22Y 29Y ],13.8765,0.0620
Y,N,Y,Y,N,N,N,Y,N,N,Y,N,N,Y,N,N,Y,N,N,N,Y,N,N,Y,Y,Y,N,Y,Y,N,N,Y,Y,N,Y,Y,N,N,N,14.089,[6N 22N 26Y 10N ],13.6667,0.0300
Y,N,N,N,N,N,N,Y,N,N,Y,N,N,Y,Y,N,N,N,N,Y,N,N,N,Y,Y,N,Y,Y,Y,N,N,Y,Y,N,Y,N,Y,N,N,15.552,[6N 22N 26N 3N ],14.9307,0.0400
Y,N,Y,N,Y,N,N,Y,N,N,Y,N,N,Y,Y,N,N,N,N,Y,N,N,N,Y,Y,N,Y,Y,Y,N,N,Y,Y,N,Y,Y,N,N,N,14.894,[6N 22N 26N 3Y ],14.3777,0.0347
Y,N,Y,N,N,N,Y,Y,N,N,Y,N,N,Y,N,N,N,N,N,N,N,Y,N,Y,Y,N,Y,Y,N,Y,N,Y,Y,N,Y,Y,N,N,N,14.498,[6N 22Y 29N ],13.7242,0.0534
Y,N,N,N,N,N,N,Y,Y,N,Y,N,N,Y,Y,N,N,N,N,N,N,Y,N,Y,Y,Y,N,Y,Y,N,N,Y,Y,N,Y,Y,N,N,N,14.752,[6N 22Y 29Y ],13.8765,0.0593
Y,N,Y,Y,N,N,N,Y,N,N,Y,N,N,Y,N,N,Y,N,N,N,N,N,N,Y,Y,N,Y,Y,Y,N,N,Y,Y,N,Y,Y,N,N,N,14.661,[6N 22N 26N 3Y ],14.3777,0.0193
Y,N,N,N,N,N,N,Y,N,Y,Y,N,Y,Y,N,N,N,N,N,N,N,N,N,Y,Y,N,Y,Y,Y,N,N,Y,Y,N,Y,N,N,N,Y,14.750,[6N 22N 26N 3N ],14.9307,0.0122
Y,Y,Y,N,N,N,Y,Y,Y,N,Y,N,N,Y,N,N,N,N,N,N,N,N,N,Y,Y,N,Y,Y,Y,N,N,Y,Y,N,Y,Y,N,N,N,13.296,[6N 22N 26N 3Y ],14.3777,0.0814
Y,N,N,N,N,N,N,Y,N,N,Y,Y,N,Y,N,N,N,Y,N,N,N,N,N,Y,Y,Y,N,Y,N,Y,N,Y,Y,N,Y,Y,N,N,N,13.853,[6N 22N 26Y 10N ],13.6667,0.0135
Y,N,N,N,N,N,N,Y,N,N,Y,N,N,Y,N,N,N,Y,N,Y,N,N,N,Y,Y,N,Y,Y,Y,N,N,Y,N,Y,Y,Y,N,N,N,14.989,[6N 22N 26N 3N ],14.9307,0.0039
Y,N,N,N,N,N,N,Y,N,Y,Y,N,N,Y,N,N,N,N,N,N,Y,N,N,Y,Y,N,Y,Y,Y,N,N,Y,N,Y,Y,Y,N,N,N,14.809,[6N 22N 26N 3N ],14.9307,0.0082
Y,N,Y,N,N,N,Y,Y,N,N,Y,N,N,Y,N,N,N,Y,N,N,N,N,N,Y,Y,N,Y,Y,N,Y,N,Y,Y,N,Y,N,Y,N,N,14.500,[6N 22N 26N 3Y ],14.3777,0.0084
Y,N,N,N,N,N,N,Y,N,N,Y,Y,N,Y,N,N,N,Y,N,Y,N,N,N,Y,Y,N,Y,Y,Y,N,N,Y,Y,N,Y,Y,N,N,N,13.212,[6N 22N 26N 3N ],14.9307,0.1301
Y,N,N,N,N,N,N,Y,N,N,Y,Y,N,Y,N,N,Y,N,N,N,N,N,N,Y,Y,N,Y,Y,Y,N,N,Y,Y,N,Y,N,N,N,Y,14.530,[6N 22N 26N 3N ],14.9307,0.0276
Y,N,Y,N,N,N,Y,Y,N,Y,Y,N,N,Y,N,N,N,N,N,N,N,N,N,Y,Y,Y,N,Y,Y,N,N,Y,Y,N,Y,N,N,N,Y,15.998,[6N 22N 26Y 10Y ],14.5610,0.0898
Y,N,Y,N,N,Y,N,Y,N,N,Y,N,Y,Y,N,N,Y,N,N,N,N,N,N,Y,Y,Y,N,Y,Y,N,N,Y,Y,N,Y,Y,N,N,N,16.021,[6Y ],15.0588,0.0601
Y,N,N,N,N,N,N,Y,Y,N,Y,N,Y,Y,N,N,Y,N,N,N,N,N,N,Y,Y,N,Y,Y,Y,N,N,Y,Y,N,Y,Y,N,N,N,14.556,[6N 22N 26N 3N ],14.9307,0.0257
Y,N,N,N,N,N,N,Y,N,N,Y,N,N,Y,N,N,N,Y,N,N,N,N,N,Y,Y,Y,N,Y,Y,N,N,Y,Y,N,Y,N,Y,N,N,14.439,[6N 22N 26Y 10N ],13.6667,0.0535
Y,N,N,N,N,N,N,Y,N,Y,Y,N,N,Y,N,N,N,N,N,N,N,N,N,Y,Y,Y,N,Y,Y,N,N,Y,Y,N,Y,N,N,N,Y,14.175,[6N 22N 26Y 10Y ],14.5610,0.0272
Y,N,N,N,N,N,N,Y,Y,N,Y,Y,N,Y,N,N,N,N,N,N,N,N,N,Y,Y,N,Y,Y,Y,N,N,Y,Y,N,Y,Y,N,N,N,13.122,[6N 22N 26N 3N ],14.9307,0.1378
Y,N,Y,N,N,Y,N,Y,N,N,Y,N,N,Y,N,N,N,N,Y,N,N,N,N,Y,Y,Y,N,Y,Y,N,N,Y,Y,N,Y,N,Y,N,N,15.855,[6Y ],15.0588,0.0502
Y,Y,N,N,N,N,N,Y,N,N,Y,Y,N,Y,N,N,N,N,N,N,N,N,N,Y,Y,Y,N,Y,N,Y,N,Y,Y,N,Y,Y,N,N,N,14.288,[6N 22N 26Y 10N ],13.6667,0.0435
Y,N,N,N,N,N,N,Y,N,N,Y,N,N,Y,N,N,Y,N,N,N,Y,N,N,Y,Y,Y,N,Y,Y,N,N,Y,Y,N,Y,N,N,N,Y,13.982,[6N 22N 26Y 10N ],13.6667,0.0226
Y,Y,N,N,N,N,N,Y,N,N,Y,N,N,Y,N,N,N,N,N,N,N,N,N,Y,Y,Y,N,Y,Y,N,N,Y,Y,N,Y,N,N,N,Y,14.747,[6N 22N 26Y 10N ],13.6667,0.0733
Y,N,N,N,N,N,N,Y,Y,N,Y,N,N,Y,N,N,N,N,N,Y,N,N,N,Y,Y,N,Y,Y,Y,N,N,Y,N,Y,Y,Y,N,N,N,15.482,[6N 22N 26N 3N ],14.9307,0.0356
Y,Y,Y,Y,N,N,N,Y,N,N,Y,Y,N,Y,N,N,N,N,N,N,N,N,N,Y,Y,N,Y,Y,Y,N,N,Y,Y,N,Y,Y,N,N,N,13.788,[6N 22N 26N 3Y ],14.3777,0.0428
Y,Y,Y,N,N,N,Y,Y,Y,Y,Y,Y,N,Y,Y,Y,Y,Y,Y,Y,Y,Y,Y,Y,Y,Y,N,Y,N,Y,N,Y,Y,N,Y,Y,N,N,N,13.435,[6N 22Y 29N ],13.7242,0.0215
Y,N,N,N,N,N,N,Y,N,N,Y,N,N,Y,N,Y,N,N,N,N,Y,N,N,Y,Y,N,Y,Y,Y,N,N,Y,Y,N,Y,N,N,Y,N,15.432,[6N 22N 26N 3N ],14.9307,0.0325
Y,N,N,N,N,N,N,Y,N,N,Y,N,N,Y,N,Y,N,N,N,Y,N,N,N,Y,Y,Y,N,Y,Y,N,N,Y,N,Y,Y,Y,N,N,N,13.862,[6N 22N 26Y 10N ],13.6667,0.0141
Y,N,N,N,N,N,N,Y,N,N,Y,N,N,Y,N,N,N,N,N,N,Y,N,Y,Y,Y,N,Y,Y,Y,N,N,Y,Y,N,Y,N,Y,N,N,14.338,[6N 22N 26N 3N ],14.9307,0.0413
Y,N,N,N,N,N,N,Y,N,N,Y,N,N,Y,N,N,N,N,N,Y,N,N,N,Y,Y,N,Y,Y,Y,N,N,Y,Y,N,Y,N,Y,N,N,13.775,[6N 22N 26N 3N ],14.9307,0.0839
Y,N,N,N,N,N,N,Y,N,N,Y,N,Y,Y,N,N,Y,N,N,N,N,N,N,Y,Y,N,Y,Y,N,Y,N,Y,Y,N,Y,Y,N,N,N,14.984,[6N 22N 26N 3N ],14.9307,0.0036
Y,Y,N,N,N,N,N,Y,N,N,Y,N,N,Y,N,Y,N,N,N,N,Y,N,N,Y,Y,N,Y,Y,Y,N,N,Y,Y,N,Y,Y,N,N,N,14.663,[6N 22N 26N 3N ],14.9307,0.0183
Y,N,N,N,N,N,N,Y,Y,N,Y,N,N,Y,N,N,N,Y,N,N,N,N,N,Y,Y,Y,N,Y,Y,N,N,Y,Y,N,Y,N,N,N,Y,13.960,[6N 22N 26Y 10N ],13.6667,0.0210
Y,N,N,N,N,N,N,Y,N,N,Y,N,Y,Y,Y,N,N,N,N,N,N,N,N,Y,Y,Y,N,Y,Y,N,N,Y,Y,N,Y,N,N,N,Y,13.601,[6N 22N 26Y 10N ],13.6667,0.0048
Y,N,N,N,N,N,N,Y,N,N,Y,N,N,Y,N,N,N,N,N,Y,Y,Y,N,Y,Y,Y,N,Y,Y,N,N,Y,Y,N,Y,Y,N,N,N,13.929,[6N 22Y 29Y ],13.8765,0.0038
Y,N,N,N,N,N,N,Y,N,N,Y,N,Y,Y,Y,N,N,N,N,N,N,N,N,Y,Y,Y,N,Y,N,N,Y,Y,Y,N,Y,Y,N,N,N,13.972,[6N 22N 26Y 10N ],13.6667,0.0219
Y,N,Y,N,Y,N,N,Y,N,N,Y,N,N,Y,N,N,N,N,N,N,N,N,N,Y,Y,Y,N,Y,Y,N,N,Y,N,Y,Y,Y,N,N,N,14.763,[6N 22N 26Y 10N ],13.6667,0.0743
Y,N,Y,N,N,N,Y,Y,N,N,Y,N,N,Y,Y,N,N,N,N,N,N,N,Y,Y,Y,N,Y,Y,Y,N,N,Y,Y,N,Y,Y,N,N,N,13.759,[6N 22N 26N 3Y ],14.3777,0.0450
Y,N,N,N,N,N,N,Y,N,N,Y,N,N,Y,Y,N,Y,N,N,N,N,N,N,Y,Y,Y,N,Y,Y,N,N,Y,N,Y,Y,Y,N,N,N,13.912,[6N 22N 26Y 10N ],13.6667,0.0176
Y,N,N,N,N,N,N,Y,N,N,Y,N,N,Y,N,N,N,N,N,N,N,N,N,Y,Y,N,Y,Y,N,N,Y,Y,Y,N,Y,N,N,N,Y,15.175,[6N 22N 26N 3N ],14.9307,0.0161
Y,N,Y,N,N,Y,N,Y,N,N,Y,N,N,Y,N,N,Y,N,N,N,N,Y,N,Y,Y,N,Y,Y,Y,N,N,Y,Y,N,Y,Y,N,N,N,13.649,[6Y ],15.0588,0.1033
Y,N,Y,N,N,Y,N,Y,N,Y,Y,N,N,Y,N,N,N,N,N,N,N,N,N,Y,Y,N,Y,Y,Y,N,N,Y,Y,N,Y,N,Y,N,N,15.317,[6Y ],15.0588,0.0169
Y,N,Y,N,N,Y,N,Y,N,N,Y,N,N,Y,N,N,N,N,N,Y,N,N,N,Y,Y,Y,N,Y,N,Y,N,Y,Y,N,Y,Y,N,N,N,15.829,[6Y ],15.0588,0.0487
Y,N,N,N,N,N,N,Y,N,N,Y,N,N,Y,N,N,N,N,Y,Y,Y,N,N,Y,Y,Y,N,Y,Y,N,N,Y,Y,N,Y,Y,N,N,N,14.203,[6N 22N 26Y 10N ],13.6667,0.0378
Y,N,N,N,N,N,N,Y,N,Y,Y,N,N,Y,N,N,N,N,Y,N,N,N,N,Y,Y,N,Y,Y,Y,N,N,Y,Y,N,Y,Y,N,N,N,13.192,[6N 22N 26N 3N ],14.9307,0.1318
Y,N,N,N,N,N,N,Y,N,N,Y,N,N,Y,N,Y,Y,N,N,N,N,N,N,Y,Y,N,Y,Y,Y,N,N,Y,Y,N,Y,N,N,N,Y,15.113,[6N 22N 26N 3N ],14.9307,0.0121
Y,N,Y,N,Y,N,N,Y,N,N,Y,Y,N,Y,N,N,N,N,N,N,N,N,N,Y,Y,Y,N,Y,Y,N,N,Y,N,Y,Y,Y,N,N,N,14.761,[6N 22N 26Y 10N ],13.6667,0.0741
Y,N,Y,N,N,Y,N,Y,N,N,Y,N,N,Y,N,N,N,N,N,N,N,Y,N,Y,Y,Y,N,Y,Y,N,N,Y,Y,N,Y,Y,N,N,N,14.576,[6Y ],15.0588,0.0331
Y,N,Y,N,N,Y,N,Y,N,N,Y,N,N,Y,N,N,N,N,N,N,N,N,N,Y,Y,Y,N,Y,N,Y,N,Y,Y,N,Y,Y,N,N,N,15.074,[6Y ],15.0588,0.0010
Y,Y,Y,N,Y,N,N,Y,Y,Y,Y,Y,Y,Y,Y,N,Y,Y,Y,Y,Y,Y,Y,Y,Y,Y,N,Y,N,N,Y,Y,Y,N,Y,Y,N,N,N,14.588,[6N 22Y 29N ],13.7242,0.0592
Y,Y,Y,N,Y,N,N,Y,N,N,Y,N,N,Y,N,N,N,N,Y,N,N,N,N,Y,Y,Y,N,Y,Y,N,N,Y,Y,N,Y,Y,N,N,N,16.087,[6N 22N 26Y 10N ],13.6667,0.1505
Y,N,N,N,N,N,N,Y,N,N,Y,N,N,Y,N,N,N,N,N,N,Y,N,N,Y,Y,Y,N,Y,Y,N,N,Y,Y,N,Y,N,N,N,Y,14.015,[6N 22N 26Y 10N ],13.6667,0.0249
Y,N,Y,N,N,Y,N,Y,N,N,Y,N,N,Y,N,N,N,N,N,N,Y,Y,N,Y,Y,Y,N,Y,Y,N,N,Y,Y,N,Y,Y,N,N,N,15.400,[6Y ],15.0588,0.0222
Y,Y,Y,N,N,N,Y,Y,Y,Y,Y,Y,N,Y,Y,Y,Y,Y,Y,Y,Y,Y,Y,Y,Y,Y,N,Y,Y,N,N,Y,N,Y,Y,N,N,N,Y,14.317,[6N 22Y 29Y ],13.8765,0.0308
Y,N,Y,N,N,Y,N,Y,N,N,Y,N,N,Y,N,N,N,N,N,N,Y,N,N,Y,Y,N,Y,Y,N,N,Y,Y,Y,N,Y,Y,N,N,N,15.125,[6Y ],15.0588,0.0044
Y,N,N,N,N,N,N,Y,N,N,Y,N,N,Y,N,N,N,Y,N,N,N,N,N,Y,Y,N,Y,Y,N,N,Y,Y,Y,N,Y,N,N,N,Y,13.724,[6N 22N 26N 3N ],14.9307,0.0879
Y,N,Y,Y,N,N,N,Y,N,N,Y,Y,N,Y,N,N,N,N,N,N,N,Y,N,Y,Y,Y,N,Y,Y,N,N,Y,Y,N,Y,Y,N,N,N,14.000,[6N 22Y 29Y ],13.8765,0.0088
Y,N,Y,N,Y,N,N,Y,N,N,Y,N,N,Y,N,N,N,N,N,N,N,Y,Y,Y,Y,Y,N,Y,Y,N,N,Y,Y,N,Y,Y,N,N,N,16.254,[6N 22Y 29Y ],13.8765,0.1463
Y,Y,N,N,N,N,N,Y,N,N,Y,N,N,Y,N,N,Y,N,N,N,N,N,N,Y,Y,Y,N,Y,Y,N,N,Y,Y,N,Y,N,Y,N,N,13.511,[6N 22N 26Y 10N ],13.6667,0.0115
Y,N,Y,N,N,Y,N,Y,N,N,Y,N,Y,Y,N,N,N,N,N,N,N,N,N,Y,Y,N,Y,Y,Y,N,N,Y,Y,N,Y,N,N,N,Y,14.962,[6Y ],15.0588,0.0065
Y,N,N,N,N,N,N,Y,N,Y,Y,N,Y,Y,N,N,N,Y,N,N,N,N,N,Y,Y,Y,N,Y,Y,N,N,Y,Y,N,Y,Y,N,N,N,15.305,[6N 22N 26Y 10Y ],14.5610,0.0486
Y,N,Y,N,Y,N,N,Y,N,N,Y,N,N,Y,N,N,N,N,N,N,Y,N,N,Y,Y,N,Y,Y,Y,N,N,Y,Y,N,Y,N,N,Y,N,13.976,[6N 22N 26N 3Y ],14.3777,0.0287
Y,N,Y,N,N,N,Y,Y,N,N,Y,N,N,Y,N,N,N,Y,N,N,N,N,N,Y,Y,Y,N,Y,Y,N,N,Y,Y,N,Y,N,Y,N,N,15.590,[6N 22N 26Y 10N ],13.6667,0.1234
Y,N,N,N,N,N,N,Y,N,N,Y,N,N,Y,Y,N,N,N,N,N,Y,Y,N,Y,Y,Y,N,Y,Y,N,N,Y,Y,N,Y,Y,N,N,N,14.279,[6N 22Y 29Y ],13.8765,0.0282
Y,N,N,N,N,N,N,Y,Y,N,Y,N,Y,Y,N,N,N,N,N,N,N,N,N,Y,Y,Y,N,Y,Y,N,N,Y,Y,N,Y,Y,N,N,N,14.334,[6N 22N 26Y 10N ],13.6667,0.0466
Y,N,N,N,N,N,N,Y,N,N,Y,N,N,Y,N,N,N,Y,N,N,N,N,Y,Y,Y,Y,N,Y,Y,N,N,Y,Y,N,Y,N,Y,N,N,13.061,[6N 22N 26Y 10N ],13.6667,0.0464
Y,Y,Y,N,N,Y,N,Y,N,N,Y,N,Y,Y,N,N,N,N,N,N,N,N,N,Y,Y,N,Y,Y,Y,N,N,Y,Y,N,Y,Y,N,N,N,15.211,[6Y ],15.0588,0.0100
Y,Y,N,N,N,N,N,Y,N,N,Y,N,N,Y,N,N,N,N,N,N,N,Y,N,Y,Y,Y,N,Y,Y,N,N,Y,Y,N,Y,Y,N,N,N,14.155,[6N 22Y 29Y ],13.8765,0.0197
Y,N,N,N,N,N,N,Y,N,N,Y,N,N,Y,Y,N,N,Y,N,N,N,N,N,Y,Y,N,Y,Y,N,N,Y,Y,Y,N,Y,Y,N,N,N,15.173,[6N 22N 26N 3N ],14.9307,0.0160
Y,N,N,N,N,N,N,Y,N,N,Y,N,N,Y,N,N,N,N,N,Y,N,Y,N,Y,Y,Y,N,Y,Y,N,N,Y,Y,N,Y,Y,N,N,N,14.130,[6N 22Y 29Y ],13.8765,0.0179
Y,N,N,N,N,N,N,Y,Y,N,Y,N,N,Y,N,Y,N,N,N,N,N,N,N,Y,Y,N,Y,Y,N,N,Y,Y,Y,N,Y,Y,N,N,N,15.397,[6N 22N 26N 3N ],14.9307,0.0303
Y,N,N,N,N,N,N,Y,N,N,Y,N,N,Y,N,N,Y,N,N,N,Y,N,N,Y,Y,Y,N,Y,Y,N,N,Y,Y,N,Y,Y,N,N,N,14.266,[6N 22N 26Y 10N ],13.6667,0.0420
Y,N,N,N,N,N,N,Y,N,N,Y,N,N,Y,Y,N,Y,N,Y,N,N,N,N,Y,Y,N,Y,Y,Y,N,N,Y,Y,N,Y,Y,N,N,N,13.885,[6N 22N 26N 3N ],14.9307,0.0753
Y,Y,Y,N,N,Y,N,Y,Y,Y,Y,Y,Y,Y,Y,Y,Y,Y,Y,Y,Y,Y,Y,Y,Y,N,Y,Y,Y,N,N,Y,N,Y,Y,N,N,Y,N,15.458,[6Y ],15.0588,0.0258
Y,N,Y,N,Y,N,N,Y,N,N,Y,N,N,Y,N,N,N,N,N,N,N,N,N,Y,Y,Y,N,Y,N,N,Y,Y,Y,N,Y,N,N,N,Y,14.715,[6N 22N 26Y 10N ],13.6667,0.0712
Y,N,N,N,N,N,N,Y,N,N,Y,N,N,Y,N,N,N,Y,N,N,N,N,Y,Y,Y,N,Y,Y,N,Y,N,Y,Y,N,Y,Y,N,N,N,14.830,[6N 22N 26N 3N ],14.9307,0.0068
N,N,N,N,N,N,N,N,N,N,N,Y,N,N,N,N,N,N,N,N,N,N,N,N,N,Y,N,N,Y,N,N,N,Y,N,Y,Y,N,N,N,13.611,[6N 22N 26Y 10N ],13.6667,0.0041
Y,N,N,N,N,N,N,Y,N,N,Y,N,N,Y,N,N,N,N,N,N,N,N,Y,Y,Y,Y,N,Y,N,Y,N,Y,Y,N,Y,N,Y,N,N,13.272,[6N 22N 26Y 10N ],13.6667,0.0297
Y,N,Y,N,Y,N,N,Y,N,Y,Y,N,N,Y,N,N,N,N,N,N,N,N,N,Y,Y,N,Y,Y,N,N,Y,Y,Y,N,Y,Y,N,N,N,14.407,[6N 22N 26N 3Y ],14.3777,0.0020
Y,N,Y,Y,N,N,N,Y,N,N,Y,N,N,Y,N,N,N,N,N,Y,N,N,N,Y,Y,Y,N,Y,Y,N,N,Y,Y,N,Y,N,N,N,Y,13.259,[6N 22N 26Y 10N ],13.6667,0.0307
Y,N,Y,N,N,N,Y,Y,N,N,Y,N,N,Y,N,N,N,N,N,N,N,N,N,Y,Y,Y,N,Y,N,N,Y,Y,N,Y,Y,N,N,N,Y,13.312,[6N 22N 26Y 10N ],13.6667,0.0266
Y,N,Y,N,Y,N,N,Y,N,N,Y,N,N,Y,N,N,Y,N,Y,N,N,N,N,Y,Y,Y,N,Y,Y,N,N,Y,Y,N,Y,Y,N,N,N,16.269,[6N 22N 26Y 10N ],13.6667,0.1600
Y,N,N,N,N,N,N,Y,N,N,Y,N,N,Y,N,Y,N,N,N,N,N,N,Y,Y,Y,N,Y,Y,N,Y,N,Y,Y,N,Y,Y,N,N,N,15.001,[6N 22N 26N 3N ],14.9307,0.0047
Y,N,N,N,N,N,N,Y,N,N,Y,N,N,Y,N,N,Y,N,Y,N,N,N,N,Y,Y,N,Y,Y,Y,N,N,Y,Y,N,Y,N,Y,N,N,15.624,[6N 22N 26N 3N ],14.9307,0.0444
Y,Y,Y,Y,N,N,N,Y,N,N,Y,N,N,Y,N,N,N,N,N,N,N,Y,N,Y,Y,N,Y,Y,Y,N,N,Y,Y,N,Y,Y,N,N,N,13.459,[6N 22Y 29Y ],13.8765,0.0310
Y,N,N,N,N,N,N,Y,N,N,Y,N,N,Y,N,N,N,N,N,N,N,N,Y,Y,Y,N,Y,Y,Y,N,N,Y,Y,N,Y,N,N,Y,N,13.472,[6N 22N 26N 3N ],14.9307,0.1083
Y,N,Y,N,Y,N,N,Y,N,N,Y,N,N,Y,N,Y,Y,N,N,N,N,N,N,Y,Y,N,Y,Y,Y,N,N,Y,Y,N,Y,Y,N,N,N,14.625,[6N 22N 26N 3Y ],14.3777,0.0169
Y,N,Y,N,N,Y,N,Y,N,N,Y,N,N,Y,N,N,N,N,N,N,N,N,Y,Y,Y,N,Y,Y,Y,N,N,Y,Y,N,Y,Y,N,N,N,14.639,[6Y ],15.0588,0.0287
Y,Y,N,N,N,N,N,Y,N,Y,Y,N,N,Y,N,N,Y,N,N,N,N,N,N,Y,Y,Y,N,Y,Y,N,N,Y,Y,N,Y,Y,N,N,N,15.031,[6N 22N 26Y 10Y ],14.5610,0.0313
Y,N,N,N,N,N,N,Y,N,N,Y,N,N,Y,N,N,Y,N,N,N,N,N,Y,Y,Y,N,Y,Y,Y,N,N,Y,N,Y,Y,Y,N,N,N,15.701,[6N 22N 26N 3N ],14.9307,0.0491
Y,N,N,N,N,N,N,Y,N,N,Y,Y,N,Y,Y,N,N,N,Y,N,N,N,N,Y,Y,Y,N,Y,Y,N,N,Y,Y,N,Y,Y,N,N,N,14.000,[6N 22N 26Y 10N ],13.6667,0.0238
Y,N,N,N,N,N,N,Y,N,N,Y,Y,N,Y,N,N,N,N,N,N,Y,N,N,Y,Y,N,Y,Y,Y,N,N,Y,Y,N,Y,N,N,N,Y,14.122,[6N 22N 26N 3N ],14.9307,0.0573
Y,N,Y,N,N,N,Y,Y,N,Y,Y,N,N,Y,N,N,N,N,N,N,N,N,N,Y,Y,N,Y,Y,Y,N,N,Y,Y,N,Y,N,Y,N,N,13.756,[6N 22N 26N 3Y ],14.3777,0.0452
Y,N,N,N,N,N,N,Y,N,N,Y,N,Y,Y,N,Y,N,Y,N,N,N,N,N,Y,Y,Y,N,Y,Y,N,N,Y,Y,N,Y,Y,N,N,N,13.255,[6N 22N 26Y 10N ],13.6667,0.0311
Y,N,Y,N,N,Y,N,Y,N,Y,Y,N,N,Y,N,N,N,Y,N,N,N,N,N,Y,Y,N,Y,Y,Y,N,N,Y,Y,N,Y,Y,N,N,N,13.787,[6Y ],15.0588,0.0922
Y,N,Y,N,N,N,Y,Y,N,N,Y,N,N,Y,N,N,N,N,N,N,N,Y,N,Y,Y,N,Y,Y,Y,N,N,Y,Y,N,Y,Y,N,N,N,14.301,[6N 22Y 29Y ],13.8765,0.0297
Y,Y,Y,N,N,N,Y,Y,Y,Y,Y,Y,Y,Y,Y,Y,N,Y,Y,Y,Y,Y,Y,Y,Y,Y,N,Y,N,N,Y,Y,Y,N,Y,N,N,Y,N,12.835,[6N 22Y 29N ],13.7242,0.0693
Y,N,Y,N,Y,N,N,Y,Y,N,Y,N,N,Y,N,N,N,Y,N,N,N,N,N,Y,Y,N,Y,Y,Y,N,N,Y,Y,N,Y,Y,N,N,N,14.185,[6N 22N 26N 3Y ],14.3777,0.0136
Y,N,N,N,N,N,N,Y,Y,N,Y,N,N,Y,N,N,N,N,N,N,N,N,N,Y,Y,N,Y,Y,Y,N,N,Y,N,Y,Y,N,N,N,Y,15.257,[6N 22N 26N 3N ],14.9307,0.0214
Y,N,N,N,N,N,N,Y,N,N,Y,N,N,Y,N,N,Y,N,Y,N,N,N,N,Y,Y,N,Y,Y,N,Y,N,Y,Y,N,Y,Y,N,N,N,15.865,[6N 22N 26N 3N ],14.9307,0.0589
Y,N,N,N,N,N,N,Y,N,N,Y,Y,Y,Y,N,N,N,N,N,N,N,N,N,Y,Y,Y,N,Y,Y,N,N,Y,Y,N,Y,Y,N,N,N,14.347,[6N 22N 26Y 10N ],13.6667,0.0474
Y,Y,N,N,N,N,N,Y,N,N,Y,N,N,Y,N,N,N,N,N,N,N,N,N,Y,Y,Y,N,Y,N,Y,N,Y,N,Y,Y,Y,N,N,N,13.226,[6N 22N 26Y 10N ],13.6667,0.0333
Y,N,Y,N,N,N,Y,Y,Y,N,Y,N,N,Y,N,N,N,Y,N,N,N,N,N,Y,Y,N,Y,Y,Y,N,N,Y,Y,N,Y,Y,N,N,N,14.627,[6N 22N 26N 3Y ],14.3777,0.0170
Y,Y,Y,Y,N,N,N,Y,Y,Y,Y,Y,Y,Y,Y,Y,N,Y,Y,Y,Y,Y,Y,Y,Y,Y,N,Y,Y,N,N,Y,N,Y,Y,N,N,N,Y,14.611,[6N 22Y 29Y ],13.8765,0.0503
Y,N,Y,N,N,N,Y,Y,N,N,Y,N,N,Y,N,N,N,N,Y,N,N,N,N,Y,Y,N,Y,Y,Y,N,N,Y,Y,N,Y,Y,N,N,N,13.854,[6N 22N 26N 3Y ],14.3777,0.0378
N,N,N,N,N,N,N,N,N,N,N,N,N,N,N,N,N,N,N,N,N,N,N,N,N,Y,N,N,N,N,Y,N,Y,N,Y,Y,N,N,N,13.359,[6N 22N 26Y 10N ],13.6667,0.0230
Y,N,N,N,N,N,N,Y,Y,N,Y,N,N,Y,N,N,N,N,N,Y,N,N,N,Y,Y,N,Y,Y,Y,N,N,Y,Y,N,Y,Y,N,N,N,13.541,[6N 22N 26N 3N ],14.9307,0.1026
Y,N,N,N,N,N,N,Y,N,N,Y,N,Y,Y,N,Y,N,N,N,N,N,N,N,Y,Y,N,Y,Y,Y,N,N,Y,N,Y,Y,Y,N,N,N,14.723,[6N 22N 26N 3N ],14.9307,0.0141
Y,N,N,N,N,N,N,Y,N,N,Y,N,N,Y,N,Y,N,Y,N,N,N,N,N,Y,Y,Y,N,Y,N,N,Y,Y,Y,N,Y,Y,N,N,N,14.326,[6N 22N 26Y 10N ],13.6667,0.0460
Y,N,N,N,N,N,N,Y,Y,N,Y,N,N,Y,N,N,N,N,N,N,N,N,N,Y,Y,N,Y,Y,Y,N,N,Y,N,Y,Y,N,N,Y,N,14.410,[6N 22N 26N 3N ],14.9307,0.0361
Y,N,Y,N,Y,N,N,Y,Y,N,Y,N,N,Y,N,N,N,N,N,N,N,N,N,Y,Y,Y,N,Y,Y,N,N,Y,Y,N,Y,N,Y,N,N,14.912,[6N 22N 26Y 10N ],13.6667,0.0835
Y,N,Y,N,Y,N,N,Y,N,N,Y,N,Y,Y,N,N,N,N,N,N,N,N,N,Y,Y,N,Y,Y,Y,N,N,Y,Y,N,Y,Y,N,N,N,14.340,[6N 22N 26N 3Y ],14.3777,0.0026
Y,N,N,N,N,N,N,Y,N,N,Y,Y,Y,Y,N,N,N,N,N,N,N,N,Y,Y,Y,Y,N,Y,Y,N,N,Y,Y,N,Y,Y,N,N,N,13.934,[6N 22N 26Y 10N ],13.6667,0.0192
Y,N,Y,Y,N,N,N,Y,N,N,Y,N,N,Y,N,N,N,N,Y,N,N,N,N,Y,Y,N,Y,Y,Y,N,N,Y,Y,N,Y,N,N,N,Y,13.938,[6N 22N 26N 3Y ],14.3777,0.0315
Y,N,N,N,N,N,N,Y,N,N,Y,N,N,Y,N,N,N,Y,Y,N,N,N,N,Y,Y,Y,N,Y,Y,N,N,Y,Y,N,Y,Y,N,N,N,14.602,[6N 22N 26Y 10N ],13.6667,0.0641
Y,N,Y,N,N,Y,N,Y,N,N,Y,N,N,Y,N,N,N,N,N,N,N,N,Y,Y,Y,Y,N,Y,Y,N,N,Y,N,Y,Y,Y,N,N,N,15.532,[6Y ],15.0588,0.0305
Y,N,Y,N,Y,N,N,Y,N,N,Y,N,N,Y,N,N,N,N,N,N,N,N,N,Y,Y,Y,N,Y,Y,N,N,Y,N,Y,Y,N,N,Y,N,14.368,[6N 22N 26Y 10N ],13.6667,0.0488
Y,Y,Y,N,Y,N,N,Y,Y,Y,Y,Y,Y,Y,Y,Y,Y,Y,Y,N,Y,Y,Y,Y,Y,Y,N,Y,N,N,Y,Y,Y,N,Y,N,Y,N,N,14.562,[6N 22Y 29N ],13.7242,0.0575
Y,N,N,N,N,N,N,Y,N,N,Y,N,N,Y,N,N,N,Y,N,N,N,N,N,Y,Y,Y,N,Y,N,N,Y,Y,N,Y,Y,Y,N,N,N,14.514,[6N 22N 26Y 10N ],13.6667,0.0584
Y,Y,Y,N,N,Y,N,Y,Y,Y,Y,Y,Y,Y,Y,Y,Y,Y,Y,N,Y,Y,Y,Y,Y,Y,N,Y,N,N,Y,Y,Y,N,Y,Y,N,N,N,14.647,[6Y ],15.0588,0.0281
Y,N,Y,N,Y,N,N,Y,N,N,Y,N,N,Y,N,N,N,N,N,N,N,N,Y,Y,Y,N,Y,Y,Y,N,N,Y,N,Y,Y,Y,N,N,N,15.186,[6N 22N 26N 3Y ],14.3777,0.0532
Y,N,N,N,N,N,N,Y,N,N,Y,N,Y,Y,N,N,N,N,N,N,N,N,N,Y,Y,Y,N,Y,Y,N,N,Y,N,Y,Y,N,Y,N,N,14.050,[6N 22N 26Y 10N ],13.6667,0.0273
Y,Y,Y,N,N,N,Y,Y,Y,Y,Y,Y,Y,Y,Y,Y,Y,Y,N,Y,Y,Y,Y,Y,Y,Y,N,Y,Y,N,N,Y,N,Y,Y,N,N,N,Y,14.163,[6N 22Y 29Y ],13.8765,0.0202
Y,N,N,N,N,N,N,Y,N,Y,Y,N,N,Y,N,N,N,N,N,Y,N,Y,N,Y,Y,N,Y,Y,Y,N,N,Y,Y,N,Y,Y,N,N,N,13.113,[6N 22Y 29Y ],13.8765,0.0582
Y,N,Y,N,N,N,Y,Y,N,N,Y,N,N,Y,N,N,N,Y,N,N,N,Y,N,Y,Y,Y,N,Y,Y,N,N,Y,Y,N,Y,Y,N,N,N,16.345,[6N 22Y 29Y ],13.8765,0.1510
Y,N,Y,N,N,Y,N,Y,N,N,Y,Y,N,Y,N,N,N,N,N,N,Y,N,N,Y,Y,Y,N,Y,Y,N,N,Y,Y,N,Y,Y,N,N,N,16.110,[6Y ],15.0588,0.0652
Y,N,Y,N,N,N,Y,Y,N,N,Y,N,N,Y,N,N,N,Y,N,Y,N,N,N,Y,Y,Y,N,Y,Y,N,N,Y,Y,N,Y,Y,N,N,N,16.325,[6N 22N 26Y 10N ],13.6667,0.1628
Y,N,N,N,N,N,N,Y,N,N,Y,N,N,Y,N,N,N,Y,N,N,Y,N,N,Y,Y,N,Y,Y,Y,N,N,Y,Y,N,Y,N,N,Y,N,14.922,[6N 22N 26N 3N ],14.9307,0.0006
Y,N,N,N,N,N,N,Y,N,N,Y,N,Y,Y,N,N,N,N,N,N,N,N,N,Y,Y,N,Y,Y,N,N,Y,Y,Y,N,Y,N,Y,N,N,14.604,[6N 22N 26N 3N ],14.9307,0.0224
Y,N,Y,N,N,Y,N,Y,N,Y,Y,N,N,Y,N,N,N,N,N,N,N,N,N,Y,Y,N,Y,Y,Y,N,N,Y,Y,N,Y,N,N,N,Y,14.961,[6Y ],15.0588,0.0065
Y,N,N,N,N,N,N,Y,N,N,Y,N,N,Y,N,N,N,N,N,N,Y,N,Y,Y,Y,N,Y,Y,Y,N,N,Y,Y,N,Y,N,N,N,Y,14.042,[6N 22N 26N 3N ],14.9307,0.0633
Y,N,Y,N,N,Y,N,Y,N,N,Y,N,Y,Y,N,N,Y,N,N,N,N,N,N,Y,Y,N,Y,Y,Y,N,N,Y,Y,N,Y,Y,N,N,N,15.759,[6Y ],15.0588,0.0444
Y,N,N,N,N,N,N,Y,N,N,Y,Y,Y,Y,N,N,Y,N,N,N,N,N,N,Y,Y,N,Y,Y,Y,N,N,Y,Y,N,Y,Y,N,N,N,15.698,[6N 22N 26N 3N ],14.9307,0.0489
Y,N,Y,N,Y,N,N,Y,N,N,Y,N,N,Y,N,N,N,N,N,N,N,Y,N,Y,Y,Y,N,Y,N,Y,N,Y,Y,N,Y,Y,N,N,N,14.479,[6N 22Y 29N ],13.7242,0.0521
Y,Y,Y,Y,N,N,N,Y,Y,Y,Y,Y,Y,Y,Y,N,Y,Y,Y,Y,Y,Y,Y,Y,Y,N,Y,Y,N,Y,N,Y,N,Y,Y,N,N,N,Y,14.996,[6N 22Y 29N ],13.7242,0.0848
Y,N,Y,N,N,N,Y,Y,N,Y,Y,N,N,Y,N,N,N,N,N,N,Y,N,N,Y,Y,Y,N,Y,Y,N,N,Y,Y,N,Y,Y,N,N,N,16.581,[6N 22N 26Y 10Y ],14.5610,0.1218
Y,N,Y,N,Y,N,N,Y,N,N,Y,N,N,Y,N,N,N,Y,N,N,N,N,Y,Y,Y,N,Y,Y,Y,N,N,Y,Y,N,Y,Y,N,N,N,15.438,[6N 22N 26N 3Y ],14.3777,0.0687
Y,Y,Y,N,Y,N,N,Y,Y,Y,Y,Y,Y,Y,Y,Y,N,Y,Y,Y,Y,Y,Y,Y,Y,Y,N,Y,Y,N,N,Y,Y,N,Y,N,Y,N,N,14.386,[6N 22Y 29Y ],13.8765,0.0354
Y,Y,N,N,N,N,N,Y,Y,N,Y,N,N,Y,N,N,N,N,N,N,N,N,N,Y,Y,N,Y,Y,N,Y,N,Y,Y,N,Y,Y,N,N,N,15.150,[6N 22N 26N 3N ],14.9307,0.0145
Y,N,Y,N,Y,N,N,Y,Y,Y,Y,Y,Y,Y,Y,Y,Y,Y,Y,Y,Y,Y,Y,Y,Y,Y,N,Y,Y,N,N,Y,N,Y,Y,N,N,N,Y,14.694,[6N 22Y 29Y ],13.8765,0.0556
Y,Y,Y,N,N,N,Y,Y,Y,N,Y,Y,Y,Y,Y,Y,Y,Y,Y,Y,Y,Y,Y,Y,Y,Y,N,Y,N,N,Y,Y,Y,N,Y,N,N,Y,N,13.178,[6N 22Y 29N ],13.7242,0.0415
Y,N,N,N,N,N,N,Y,N,N,Y,N,N,Y,N,N,N,N,Y,N,Y,N,N,Y,Y,N,Y,Y,Y,N,N,Y,Y,N,Y,N,N,Y,N,14.983,[6N 22N 26N 3N ],14.9307,0.0035
Y,Y,Y,N,Y,N,N,Y,Y,N,Y,Y,Y,Y,Y,Y,Y,Y,Y,Y,Y,Y,Y,Y,Y,Y,N,Y,Y,N,N,Y,Y,N,Y,N,Y,N,N,14.466,[6N 22Y 29Y ],13.8765,0.0408
Y,N,N,N,N,N,N,Y,N,N,Y,Y,N,Y,Y,N,N,Y,N,N,N,N,N,Y,Y,N,Y,Y,Y,N,N,Y,Y,N,Y,Y,N,N,N,14.043,[6N 22N 26N 3N ],14.9307,0.0632
Y,Y,Y,N,N,N,Y,Y,Y,N,Y,Y,Y,Y,Y,Y,Y,Y,Y,Y,Y,Y,Y,Y,Y,Y,N,Y,N,N,Y,Y,Y,N,Y,N,Y,N,N,13.024,[6N 22Y 29N ],13.7242,0.0538
Y,N,Y,N,N,Y,N,Y,N,N,Y,N,N,Y,Y,N,N,N,N,N,N,N,N,Y,Y,N,Y,Y,Y,N,N,Y,Y,N,Y,Y,N,N,N,14.519,[6Y ],15.0588,0.0372
Y,N,N,N,N,N,N,Y,Y,Y,Y,N,N,Y,N,N,Y,N,N,N,N,N,N,Y,Y,N,Y,Y,Y,N,N,Y,Y,N,Y,Y,N,N,N,16.296,[6N 22N 26N 3N ],14.9307,0.0838
Y,N,Y,Y,N,N,N,Y,N,N,Y,Y,N,Y,N,N,N,N,N,N,N,Y,N,Y,Y,N,Y,Y,Y,N,N,Y,Y,N,Y,Y,N,N,N,14.131,[6N 22Y 29Y ],13.8765,0.0180
Y,Y,Y,Y,N,N,N,Y,Y,N,Y,Y,Y,Y,Y,Y,Y,Y,Y,Y,Y,Y,Y,Y,Y,Y,N,Y,N,N,Y,Y,Y,N,Y,N,Y,N,N,13.705,[6N 22Y 29N ],13.7242,0.0014
Y,N,Y,Y,N,N,N,Y,N,N,Y,N,N,Y,N,N,N,N,N,N,N,N,N,Y,Y,Y,N,Y,Y,N,N,Y,N,Y,Y,N,Y,N,N,13.785,[6N 22N 26Y 10N ],13.6667,0.0086
Y,N,Y,N,N,Y,N,Y,Y,N,Y,N,N,Y,N,N,Y,N,N,N,N,N,N,Y,Y,N,Y,Y,Y,N,N,Y,Y,N,Y,Y,N,N,N,15.025,[6Y ],15.0588,0.0023
Y,N,N,N,N,N,N,Y,N,N,Y,N,N,Y,N,Y,N,N,N,N,N,Y,N,Y,Y,N,Y,Y,Y,N,N,Y,Y,N,Y,N,Y,N,N,15.743,[6N 22Y 29Y ],13.8765,0.1186
Y,N,N,N,N,N,N,Y,N,N,Y,N,N,Y,N,N,N,N,N,N,N,Y,Y,Y,Y,Y,N,Y,Y,N,N,Y,N,Y,Y,Y,N,N,N,13.579,[6N 22Y 29Y ],13.8765,0.0219
Y,N,Y,N,N,N,Y,Y,N,N,Y,N,N,Y,N,N,N,N,N,N,N,N,N,Y,Y,N,Y,Y,Y,N,N,Y,N,Y,Y,N,N,Y,N,14.236,[6N 22N 26N 3Y ],14.3777,0.0100
Y,N,Y,N,Y,N,N,Y,N,N,Y,N,Y,Y,N,N,N,Y,N,N,N,N,N,Y,Y,N,Y,Y,Y,N,N,Y,Y,N,Y,Y,N,N,N,14.842,[6N 22N 26N 3Y ],14.3777,0.0313
Y,N,N,N,N,N,N,Y,N,Y,Y,N,N,Y,N,N,N,Y,Y,N,N,N,N,Y,Y,Y,N,Y,Y,N,N,Y,Y,N,Y,Y,N,N,N,14.731,[6N 22N 26Y 10Y ],14.5610,0.0115
Y,N,N,N,N,N,N,Y,Y,N,Y,N,N,Y,Y,N,N,N,N,N,Y,N,N,Y,Y,Y,N,Y,Y,N,N,Y,Y,N,Y,Y,N,N,N,15.192,[6N 22N 26Y 10N ],13.6667,0.1004
Y,N,N,N,N,N,N,Y,N,N,Y,N,N,Y,Y,N,Y,N,N,N,N,N,N,Y,Y,N,Y,Y,Y,N,N,Y,Y,N,Y,N,N,Y,N,14.577,[6N 22N 26N 3N ],14.9307,0.0243
Y,N,N,N,N,N,N,Y,N,N,Y,N,N,Y,N,N,N,N,N,N,N,N,Y,Y,Y,Y,N,Y,N,Y,N,Y,N,Y,Y,Y,N,N,N,13.605,[6N 22N 26Y 10N ],13.6667,0.0045
Y,N,N,N,N,N,N,Y,Y,N,Y,N,N,Y,N,N,N,N,N,Y,N,N,N,Y,Y,N,Y,Y,Y,N,N,Y,Y,N,Y,N,Y,N,N,14.806,[6N 22N 26N 3N ],14.9307,0.0084
Y,N,Y,N,N,N,Y,Y,N,N,Y,N,N,Y,N,Y,N,Y,N,N,N,N,N,Y,Y,Y,N,Y,Y,N,N,Y,Y,N,Y,Y,N,N,N,16.106,[6N 22N 26Y 10N ],13.6667,0.1515
Y,N,Y,N,N,Y,N,Y,N,N,Y,Y,N,Y,N,N,N,N,N,N,N,Y,N,Y,Y,Y,N,Y,Y,N,N,Y,Y,N,Y,Y,N,N,N,15.868,[6Y ],15.0588,0.0510
Y,N,N,N,N,N,N,Y,N,N,Y,N,N,Y,N,N,N,N,Y,N,N,N,N,Y,Y,Y,N,Y,N,N,Y,Y,Y,N,Y,N,Y,N,N,14.144,[6N 22N 26Y 10N ],13.6667,0.0337
Y,N,Y,N,N,Y,N,Y,N,N,Y,N,N,Y,N,N,N,N,N,N,N,N,N,Y,Y,N,Y,Y,N,Y,N,Y,Y,N,Y,Y,N,N,N,14.819,[6Y ],15.0588,0.0162
Y,N,Y,N,N,N,Y,Y,N,N,Y,N,N,Y,N,N,N,N,Y,N,N,N,Y,Y,Y,N,Y,Y,Y,N,N,Y,Y,N,Y,Y,N,N,N,14.390,[6N 22N 26N 3Y ],14.3777,0.0009
Y,Y,Y,N,Y,N,N,Y,Y,N,Y,Y,Y,Y,Y,Y,Y,Y,Y,Y,Y,Y,Y,Y,Y,Y,N,Y,N,N,Y,Y,Y,N,Y,N,N,Y,N,14.176,[6N 22Y 29N ],13.7242,0.0319
Y,Y,N,N,N,N,N,Y,N,N,Y,N,N,Y,N,Y,N,Y,N,N,N,N,N,Y,Y,Y,N,Y,Y,N,N,Y,Y,N,Y,Y,N,N,N,15.002,[6N 22N 26Y 10N ],13.6667,0.0890
Y,N,N,N,N,N,N,Y,N,Y,Y,N,N,Y,N,N,N,N,N,N,N,N,N,Y,Y,Y,N,Y,N,N,Y,Y,Y,N,Y,N,Y,N,N,14.819,[6N 22N 26Y 10Y ],14.5610,0.0174
Y,N,Y,N,N,Y,N,Y,N,N,Y,N,N,Y,N,N,Y,N,N,N,N,N,N,Y,Y,N,Y,Y,Y,N,N,Y,N,Y,Y,Y,N,N,N,15.100,[6Y ],15.0588,0.0027
Y,N,Y,N,N,Y,N,Y,N,N,Y,Y,N,Y,N,N,N,N,N,N,N,N,N,Y,Y,N,Y,Y,Y,N,N,Y,Y,N,Y,N,N,N,Y,14.535,[6Y ],15.0588,0.0360
Y,N,Y,Y,N,N,N,Y,N,N,Y,N,N,Y,N,N,N,N,N,Y,N,Y,N,Y,Y,Y,N,Y,Y,N,N,Y,Y,N,Y,Y,N,N,N,14.765,[6N 22Y 29Y ],13.8765,0.0602
Y,N,Y,Y,N,N,N,Y,N,N,Y,N,N,Y,N,N,N,N,N,N,N,N,N,Y,Y,Y,N,Y,Y,N,N,Y,Y,N,Y,N,N,Y,N,15.427,[6N 22N 26Y 10N ],13.6667,0.1141
Y,N,N,N,N,N,N,Y,N,N,Y,Y,Y,Y,Y,N,N,N,N,N,N,N,N,Y,Y,Y,N,Y,Y,N,N,Y,Y,N,Y,Y,N,N,N,14.789,[6N 22N 26Y 10N ],13.6667,0.0759
Y,N,N,N,N,N,N,Y,N,N,Y,N,N,Y,N,Y,N,Y,N,N,N,N,N,Y,Y,N,Y,Y,Y,N,N,Y,Y,N,Y,N,N,Y,N,15.585,[6N 22N 26N 3N ],14.9307,0.0420
N,N,N,N,N,N,N,N,N,N,N,N,Y,N,N,N,N,N,N,N,N,N,N,N,N,Y,N,N,Y,N,N,N,Y,N,Y,Y,N,N,N,15.721,[6N 22N 26Y 10N ],13.6667,0.1307
Y,N,Y,N,N,N,Y,Y,N,N,Y,N,N,Y,N,N,Y,N,N,N,N,N,N,Y,Y,N,Y,Y,N,Y,N,Y,Y,N,Y,N,Y,N,N,13.968,[6N 22N 26N 3Y ],14.3777,0.0293
Y,N,Y,N,Y,N,N,Y,N,Y,Y,N,N,Y,N,N,N,N,N,N,N,N,N,Y,Y,N,Y,Y,N,Y,N,Y,Y,N,Y,Y,N,N,N,14.149,[6N 22N 26N 3Y ],14.3777,0.0162
Y,N,N,N,N,N,N,Y,Y,N,Y,N,N,Y,N,N,N,N,Y,N,N,N,Y,Y,Y,Y,N,Y,Y,N,N,Y,Y,N,Y,Y,N,N,N,14.414,[6N 22N 26Y 10N ],13.6667,0.0518
Y,Y,N,N,N,N,N,Y,N,N,Y,N,N,Y,N,N,N,N,N,N,N,Y,Y,Y,Y,N,Y,Y,Y,N,N,Y,Y,N,Y,Y,N,N,N,15.120,[6N 22Y 29Y ],13.8765,0.0822
Y,N,N,N,N,N,N,Y,N,N,Y,N,N,Y,N,N,Y,Y,N,N,N,N,N,Y,Y,N,Y,Y,Y,N,N,Y,Y,N,Y,Y,N,N,N,13.573,[6N 22N 26N 3N ],14.9307,0.1000
Y,N,N,N,N,N,N,Y,N,N,Y,N,Y,Y,N,N,N,N,N,N,Y,N,N,Y,Y,Y,N,Y,Y,N,N,Y,Y,N,Y,N,Y,N,N,13.544,[6N 22N 26Y 10N ],13.6667,0.0091
Y,N,Y,Y,N,N,N,Y,N,N,Y,N,N,Y,N,Y,N,N,N,N,N,N,N,Y,Y,Y,N,Y,Y,N,N,Y,Y,N,Y,N,Y,N,N,13.875,[6N 22N 26Y 10N ],13.6667,0.0150
Y,N,N,N,N,N,N,Y,N,N,Y,N,N,Y,N,N,N,Y,N,N,N,N,N,Y,Y,Y,N,Y,N,N,Y,Y,Y,N,Y,N,N,N,Y,14.242,[6N 22N 26Y 10N ],13.6667,0.0404
Y,Y,Y,N,N,N,Y,Y,Y,Y,Y,Y,Y,Y,Y,Y,Y,Y,Y,Y,N,Y,Y,Y,Y,N,Y,Y,N,Y,N,Y,N,Y,Y,N,N,N,Y,14.704,[6N 22Y 29N ],13.7242,0.0666
Y,N,Y,N,N,Y,N,Y,N,N,Y,N,N,Y,N,N,N,N,N,N,N,N,N,Y,Y,N,Y,Y,Y,N,N,Y,N,Y,Y,N,Y,N,N,15.138,[6Y ],15.0588,0.0052
Y,N,N,N,N,N,N,Y,Y,N,Y,N,N,Y,N,N,N,N,N,N,N,N,Y,Y,Y,Y,N,Y,Y,N,N,Y,N,Y,Y,Y,N,N,N,13.445,[6N 22N 26Y 10N ],13.6667,0.0165
Y,N,N,N,N,N,N,Y,N,N,Y,N,N,Y,N,N,Y,N,N,N,N,Y,N,Y,Y,N,Y,Y,Y,N,N,Y,N,Y,Y,Y,N,N,N,15.437,[6N 22Y 29Y ],13.8765,0.1011
Y,N,Y,N,N,Y,N,Y,N,N,Y,N,N,Y,N,N,N,N,N,N,N,N,N,Y,Y,Y,N,Y,N,Y,N,Y,N,Y,Y,Y,N,N,N,13.970,[6Y ],15.0588,0.0779
Y,N,N,N,N,N,N,Y,N,N,Y,N,N,Y,N,Y,N,N,N,N,Y,N,N,Y,Y,Y,N,Y,Y,N,N,Y,Y,N,Y,Y,N,N,N,14.381,[6N 22N 26Y 10N ],13.6667,0.0497
Y,N,N,N,N,N,N,Y,N,N,Y,N,N,Y,N,N,N,N,N,N,N,N,Y,Y,Y,Y,N,Y,N,N,Y,Y,Y,N,Y,N,Y,N,N,13.366,[6N 22N 26Y 10N ],13.6667,0.0225
Y,Y,N,N,N,N,N,Y,N,N,Y,Y,N,Y,N,N,Y,N,N,N,N,N,N,Y,Y,N,Y,Y,Y,N,N,Y,Y,N,Y,Y,N,N,N,15.148,[6N 22N 26N 3N ],14.9307,0.0143
Y,Y,N,N,N,N,N,Y,N,N,Y,N,N,Y,N,N,N,N,N,N,N,N,Y,Y,Y,Y,N,Y,Y,N,N,Y,Y,N,Y,N,Y,N,N,13.726,[6N 22N 26Y 10N ],13.6667,0.0043
Y,N,N,N,N,N,N,Y,Y,N,Y,N,N,Y,N,N,N,N,N,N,N,N,N,Y,Y,N,Y,Y,N,N,Y,Y,N,Y,Y,Y,N,N,N,15.313,[6N 22N 26N 3N ],14.9307,0.0250
Y,N,Y,N,N,N,Y,Y,N,N,Y,N,N,Y,N,N,N,N,N,N,Y,N,N,Y,Y,Y,N,Y,Y,N,N,Y,Y,N,Y,N,N,N,Y,16.578,[6N 22N 26Y 10N ],13.6667,0.1756
Y,N,Y,N,N,Y,N,Y,N,N,Y,N,N,Y,N,Y,Y,N,N,N,N,N,N,Y,Y,Y,N,Y,Y,N,N,Y,Y,N,Y,Y,N,N,N,15.719,[6Y ],15.0588,0.0420
Y,Y,N,N,N,N,N,Y,N,N,Y,N,N,Y,N,Y,N,N,Y,N,N,N,N,Y,Y,N,Y,Y,Y,N,N,Y,Y,N,Y,Y,N,N,N,13.002,[6N 22N 26N 3N ],14.9307,0.1483
Y,N,N,N,N,N,N,Y,N,N,Y,N,Y,Y,N,N,N,N,N,Y,N,N,N,Y,Y,N,Y,Y,N,N,Y,Y,Y,N,Y,Y,N,N,N,15.088,[6N 22N 26N 3N ],14.9307,0.0104
Y,N,N,N,N,N,N,Y,Y,N,Y,Y,N,Y,N,N,N,N,N,N,N,Y,N,Y,Y,Y,N,Y,Y,N,N,Y,Y,N,Y,Y,N,N,N,14.699,[6N 22Y 29Y ],13.8765,0.0560
Y,N,N,N,N,N,N,Y,Y,N,Y,Y,N,Y,N,N,Y,N,N,N,N,N,N,Y,Y,N,Y,Y,Y,N,N,Y,Y,N,Y,Y,N,N,N,14.409,[6N 22N 26N 3N ],14.9307,0.0362
Y,N,N,N,N,N,N,Y,N,N,Y,N,N,Y,N,N,N,Y,N,N,N,N,N,Y,Y,N,Y,Y,N,N,Y,Y,Y,N,Y,N,Y,N,N,15.917,[6N 22N 26N 3N ],14.9307,0.0620
Y,N,N,N,N,N,N,Y,N,N,Y,N,N,Y,N,N,N,N,N,Y,N,N,N,Y,Y,N,Y,Y,Y,N,N,Y,N,Y,Y,Y,N,N,N,13.186,[6N 22N 26N 3N ],14.9307,0.1323
Y,N,N,N,N,N,N,Y,N,N,Y,Y,N,Y,N,N,N,N,N,N,N,N,N,Y,Y,Y,N,Y,Y,N,N,Y,Y,N,Y,N,N,N,Y,14.063,[6N 22N 26Y 10N ],13.6667,0.0282
Y,N,Y,Y,N,N,N,Y,N,N,Y,N,Y,Y,N,N,N,N,N,N,N,N,N,Y,Y,Y,N,Y,Y,N,N,Y,Y,N,Y,N,N,Y,N,13.778,[6N 22N 26Y 10N ],13.6667,0.0081
Y,N,Y,Y,N,N,N,Y,N,N,Y,N,N,Y,N,N,Y,N,N,N,N,N,N,Y,Y,N,Y,Y,Y,N,N,Y,N,Y,Y,Y,N,N,N,13.754,[6N 22N 26N 3Y ],14.3777,0.0453
Y,N,Y,Y,N,N,N,Y,N,N,Y,Y,N,Y,N,N,N,N,N,Y,N,N,N,Y,Y,N,Y,Y,Y,N,N,Y,Y,N,Y,Y,N,N,N,14.670,[6N 22N 26N 3Y ],14.3777,0.0199
Y,Y,N,N,N,N,N,Y,N,N,Y,N,N,Y,Y,N,N,N,N,N,N,N,N,Y,Y,N,Y,Y,Y,N,N,Y,N,Y,Y,Y,N,N,N,14.989,[6N 22N 26N 3N ],14.9307,0.0039
Y,Y,Y,N,N,Y,N,Y,Y,Y,Y,Y,Y,Y,N,Y,Y,Y,Y,Y,Y,Y,Y,Y,Y,N,Y,Y,Y,N,N,Y,N,Y,Y,N,N,Y,N,14.300,[6Y ],15.0588,0.0531
Y,N,Y,N,N,Y,N,Y,N,N,Y,N,N,Y,N,N,N,N,N,Y,N,N,Y,Y,Y,Y,N,Y,Y,N,N,Y,Y,N,Y,Y,N,N,N,15.035,[6Y ],15.0588,0.0016
Y,N,Y,N,N,Y,N,Y,N,N,Y,N,N,Y,N,N,N,N,N,N,Y,N,N,Y,Y,Y,N,Y,Y,N,N,Y,N,Y,Y,Y,N,N,N,15.988,[6Y ],15.0588,0.0581
Y,N,Y,N,N,Y,N,Y,N,N,Y,N,Y,Y,N,N,N,Y,N,N,N,N,N,Y,Y,Y,N,Y,Y,N,N,Y,Y,N,Y,Y,N,N,N,15.780,[6Y ],15.0588,0.0457
Y,N,Y,N,N,N,Y,Y,N,N,Y,N,N,Y,N,N,Y,N,N,N,N,N,Y,Y,Y,N,Y,Y,Y,N,N,Y,Y,N,Y,Y,N,N,N,14.054,[6N 22N 26N 3Y ],14.3777,0.0230
Y,N,N,N,N,N,N,Y,Y,N,Y,N,N,Y,Y,N,Y,N,N,N,N,N,N,Y,Y,Y,N,Y,Y,N,N,Y,Y,N,Y,Y,N,N,N,14.186,[6N 22N 26Y 10N ],13.6667,0.0366
Y,N,N,N,N,N,N,Y,N,N,Y,Y,N,Y,N,Y,N,N,N,N,N,N,N,Y,Y,Y,N,Y,Y,N,N,Y,Y,N,Y,N,N,N,Y,13.622,[6N 22N 26Y 10N ],13.6667,0.0033
Y,Y,N,N,N,N,N,Y,N,N,Y,N,N,Y,N,N,Y,N,N,Y,N,N,N,Y,Y,N,Y,Y,Y,N,N,Y,Y,N,Y,Y,N,N,N,15.357,[6N 22N 26N 3N ],14.9307,0.0278
Y,N,Y,N,N,N,Y,Y,N,N,Y,N,N,Y,N,N,N,N,N,N,N,N,Y,Y,Y,N,Y,Y,N,N,Y,Y,Y,N,Y,N,N,Y,N,13.930,[6N 22N 26N 3Y ],14.3777,0.0321
Y,N,N,N,N,N,N,Y,Y,N,Y,N,N,Y,N,N,N,N,N,N,Y,N,N,Y,Y,N,Y,Y,Y,N,N,Y,Y,N,Y,N,N,N,Y,14.892,[6N 22N 26N 3N ],14.9307,0.0026
Y,N,Y,N,N,N,Y,Y,N,N,Y,Y,Y,Y,N,N,N,N,N,N,N,N,N,Y,Y,Y,N,Y,Y,N,N,Y,Y,N,Y,Y,N,N,N,16.379,[6N 22N 26Y 10N ],13.6667,0.1656
Y,N,Y,Y,N,N,N,Y,N,N,Y,N,Y,Y,N,N,N,Y,N,N,N,N,N,Y,Y,N,Y,Y,Y,N,N,Y,Y,N,Y,Y,N,N,N,15.763,[6N 22N 26N 3Y ],14.3777,0.0879
Y,Y,Y,N,Y,N,N,Y,N,N,Y,N,N,Y,N,N,N,N,N,Y,N,N,N,Y,Y,Y,N,Y,Y,N,N,Y,Y,N,Y,Y,N,N,N,16.060,[6N 22N 26Y 10N ],13.6667,0.1490
Y,Y,Y,N,N,N,Y,Y,Y,Y,Y,Y,Y,Y,Y,Y,Y,Y,Y,Y,Y,Y,N,Y,Y,Y,N,Y,N,N,Y,Y,Y,N,Y,N,N,Y,N,13.078,[6N 22Y 29N ],13.7242,0.0494
Y,N,N,N,N,N,N,Y,N,N,Y,Y,N,Y,N,Y,N,N,N,N,N,N,N,Y,Y,N,Y,Y,Y,N,N,Y,Y,N,Y,Y,N,N,N,13.634,[6N 22N 26N 3N ],14.9307,0.0951
Y,N,Y,N,N,N,Y,Y,N,Y,Y,N,N,Y,N,N,N,N,N,N,N,N,Y,Y,Y,N,Y,Y,Y,N,N,Y,Y,N,Y,Y,N,N,N,14.643,[6N 22N 26N 3Y ],14.3777,0.0181
Y,N,Y,N,N,Y,N,Y,N,N,Y,N,N,Y,N,N,N,N,N,N,Y,N,N,Y,Y,N,Y,Y,Y,N,N,Y,N,Y,Y,Y,N,N,N,14.564,[6Y ],15.0588,0.0340
Y,N,Y,N,N,N,Y,Y,N,Y,Y,N,N,Y,N,N,N,N,N,N,N,N,N,Y,Y,N,Y,Y,N,N,Y,Y,Y,N,Y,Y,N,N,N,14.275,[6N 22N 26N 3Y ],14.3777,0.0072
Y,N,N,N,N,N,N,Y,N,N,Y,N,N,Y,N,N,Y,N,Y,N,N,N,N,Y,Y,Y,N,Y,Y,N,N,Y,Y,N,Y,N,Y,N,N,13.886,[6N 22N 26Y 10N ],13.6667,0.0158
Y,N,Y,N,Y,N,N,Y,N,N,Y,N,N,Y,N,Y,N,N,N,N,Y,N,N,Y,Y,N,Y,Y,Y,N,N,Y,Y,N,Y,Y,N,N,N,14.707,[6N 22N 26N 3Y ],14.3777,0.0224
Y,N,Y,N,Y,N,N,Y,N,N,Y,Y,N,Y,N,N,N,N,N,N,N,N,Y,Y,Y,Y,N,Y,Y,N,N,Y,Y,N,Y,Y,N,N,N,15.960,[6N 22N 26Y 10N ],13.6667,0.1437
Y,N,Y,N,N,N,Y,Y,N,N,Y,N,N,Y,Y,N,N,N,Y,N,N,N,N,Y,Y,N,Y,Y,Y,N,N,Y,Y,N,Y,Y,N,N,N,14.483,[6N 22N 26N 3Y ],14.3777,0.0073
Y,Y,N,N,N,N,N,Y,N,Y,Y,N,N,Y,N,Y,N,N,N,N,N,N,N,Y,Y,N,Y,Y,Y,N,N,Y,Y,N,Y,Y,N,N,N,15.118,[6N 22N 26N 3N ],14.9307,0.0124
Y,N,N,N,N,N,N,Y,N,N,Y,N,N,Y,Y,N,N,N,N,Y,Y,N,N,Y,Y,Y,N,Y,Y,N,N,Y,Y,N,Y,Y,N,N,N,13.926,[6N 22N 26Y 10N ],13.6667,0.0186
Y,Y,Y,N,N,Y,N,Y,Y,Y,Y,Y,N,Y,Y,Y,Y,Y,Y,Y,Y,Y,Y,Y,Y,N,Y,Y,Y,N,N,Y,N,Y,Y,N,N,Y,N,14.445,[6Y ],15.0588,0.0425
Y,Y,Y,Y,N,N,N,Y,Y,Y,Y,Y,Y,Y,Y,Y,Y,Y,Y,Y,N,Y,Y,Y,Y,Y,N,Y,N,N,Y,Y,Y,N,Y,Y,N,N,N,13.369,[6N 22Y 29N ],13.7242,0.0266
Y,N,N,N,N,N,N,Y,N,N,Y,N,Y,Y,Y,N,N,N,N,N,N,N,N,Y,Y,N,Y,Y,Y,N,N,Y,Y,N,Y,N,Y,N,N,14.610,[6N 22N 26N 3N ],14.9307,0.0219
Y,Y,N,N,N,N,N,Y,N,N,Y,N,N,Y,N,N,N,N,Y,N,N,N,N,Y,Y,Y,N,Y,Y,N,N,Y,Y,N,Y,Y,N,N,N,14.123,[6N 22N 26Y 10N ],13.6667,0.0323
Y,N,N,N,N,N,N,Y,N,N,Y,N,Y,Y,N,Y,N,N,Y,N,N,N,N,Y,Y,Y,N,Y,Y,N,N,Y,Y,N,Y,Y,N,N,N,13.578,[6N 22N 26Y 10N ],13.6667,0.0065
Y,Y,N,N,N,N,N,Y,Y,N,Y,N,N,Y,N,N,N,N,Y,N,N,N,N,Y,Y,Y,N,Y,Y,N,N,Y,Y,N,Y,Y,N,N,N,16.257,[6N 22N 26Y 10N ],13.6667,0.1593
Y,N,Y,Y,N,N,N,Y,N,N,Y,N,Y,Y,N,N,N,N,N,N,N,N,N,Y,Y,N,Y,Y,N,Y,N,Y,Y,N,Y,Y,N,N,N,13.535,[6N 22N 26N 3Y ],14.3777,0.0623
Y,N,N,N,N,N,N,Y,N,N,Y,Y,N,Y,N,N,N,N,N,N,N,N,N,Y,Y,N,Y,Y,Y,N,N,Y,Y,N,Y,N,Y,N,N,13.832,[6N 22N 26N 3N ],14.9307,0.0794
Y,N,N,N,N,N,N,Y,N,N,Y,N,N,Y,N,N,N,N,Y,N,N,Y,N,Y,Y,Y,N,Y,Y,N,N,Y,Y,N,Y,N,Y,N,N,13.064,[6N 22Y 29Y ],13.8765,0.0622
Y,N,Y,Y,N,N,N,Y,N,N,Y,N,N,Y,N,Y,N,N,N,Y,N,N,N,Y,Y,N,Y,Y,Y,N,N,Y,Y,N,Y,Y,N,N,N,15.308,[6N 22N 26N 3Y ],14.3777,0.0608
Y,N,Y,N,Y,N,N,Y,N,N,Y,N,N,Y,N,N,N,N,N,N,N,N,N,Y,Y,Y,N,Y,Y,N,N,Y,Y,N,Y,Y,N,N,N,15.253,[6N 22N 26Y 10N ],13.6667,0.1040
Y,Y,Y,N,N,Y,N,Y,N,N,Y,N,N,Y,N,N,N,N,N,Y,N,N,N,Y,Y,Y,N,Y,Y,N,N,Y,Y,N,Y,Y,N,N,N,15.820,[6Y ],15.0588,0.0481
Y,N,Y,N,N,Y,N,Y,N,N,Y,N,N,Y,N,N,N,N,N,N,N,N,N,Y,Y,Y,N,Y,Y,N,N,Y,N,Y,Y,N,N,N,Y,14.523,[6Y ],15.0588,0.0369
Y,N,Y,N,N,N,Y,Y,N,N,Y,N,N,Y,N,N,N,Y,N,N,N,N,N,Y,Y,Y,N,Y,Y,N,N,Y,Y,N,Y,N,N,Y,N,16.150,[6N 22N 26Y 10N ],13.6667,0.1538
Y,N,N,N,N,N,N,Y,N,Y,Y,Y,N,Y,N,N,Y,N,N,N,N,N,N,Y,Y,N,Y,Y,Y,N,N,Y,Y,N,Y,Y,N,N,N,15.215,[6N 22N 26N 3N ],14.9307,0.0187
Y,N,Y,Y,N,N,N,Y,Y,N,Y,N,N,Y,N,N,N,N,N,N,N,N,N,Y,Y,Y,N,Y,N,Y,N,Y,Y,N,Y,Y,N,N,N,14.297,[6N 22N 26Y 10N ],13.6667,0.0441
Y,N,Y,N,N,N,Y,Y,N,N,Y,N,N,Y,Y,N,N,N,N,N,N,N,N,Y,Y,N,Y,Y,Y,N,N,Y,Y,N,Y,Y,N,N,N,14.462,[6N 22N 26N 3Y ],14.3777,0.0058
Y,Y,Y,Y,N,N,N,Y,Y,Y,Y,Y,Y,Y,Y,N,Y,Y,Y,Y,Y,Y,Y,Y,Y,Y,N,Y,Y,N,N,Y,N,Y,Y,N,N,N,Y,14.637,[6N 22Y 29Y ],13.8765,0.0520
Y,N,N,N,N,N,N,Y,N,N,Y,N,N,Y,Y,N,N,N,N,N,N,Y,N,Y,Y,Y,N,Y,N,Y,N,Y,Y,N,Y,Y,N,N,N,13.856,[6N 22Y 29N ],13.7242,0.0095
Y,N,N,N,N,N,N,Y,Y,N,Y,N,N,Y,Y,N,N,N,N,N,N,N,N,Y,Y,Y,N,Y,Y,N,N,Y,N,Y,Y,Y,N,N,N,14.240,[6N 22N 26Y 10N ],13.6667,0.0403
Y,N,N,N,N,N,N,Y,N,N,Y,N,N,Y,N,N,N,N,N,Y,N,N,N,Y,Y,N,Y,Y,Y,N,N,Y,N,Y,Y,N,N,N,Y,15.073,[6N 22N 26N 3N ],14.9307,0.0094
Y,N,N,N,N,N,N,Y,N,N,Y,Y,N,Y,Y,N,N,N,N,N,N,N,N,Y,Y,Y,N,Y,Y,N,N,Y,Y,N,Y,N,N,N,Y,13.842,[6N 22N 26Y 10N ],13.6667,0.0127
Y,N,Y,Y,N,N,N,Y,N,N,Y,N,N,Y,N,N,N,N,N,N,N,Y,N,Y,Y,Y,N,Y,Y,N,N,Y,Y,N,Y,Y,N,N,N,14.465,[6N 22Y 29Y ],13.8765,0.0407
Y,Y,Y,N,Y,N,N,Y,Y,Y,Y,Y,Y,Y,Y,Y,Y,Y,Y,Y,N,Y,Y,Y,Y,N,Y,Y,N,Y,N,Y,N,Y,Y,N,N,N,Y,13.399,[6N 22Y 29N ],13.7242,0.0243
Y,N,N,N,N,N,N,Y,Y,Y,Y,N,N,Y,N,N,N,N,N,N,N,N,N,Y,Y,Y,N,Y,Y,N,N,Y,Y,N,Y,N,N,Y,N,14.039,[6N 22N 26Y 10Y ],14.5610,0.0372
Y,N,N,N,N,N,N,Y,N,N,Y,N,N,Y,N,N,N,N,N,N,N,Y,N,Y,Y,N,Y,Y,Y,N,N,Y,Y,N,Y,N,N,Y,N,14.004,[6N 22Y 29Y ],13.8765,0.0091
Y,Y,N,N,N,N,N,Y,N,N,Y,N,Y,Y,N,N,Y,N,N,N,N,N,N,Y,Y,Y,N,Y,Y,N,N,Y,Y,N,Y,Y,N,N,N,15.087,[6N 22N 26Y 10N ],13.6667,0.0941
Y,N,Y,N,N,N,Y,Y,N,N,Y,N,N,Y,N,N,N,N,N,N,N,Y,N,Y,Y,Y,N,Y,Y,N,N,Y,Y,N,Y,N,N,Y,N,16.281,[6N 22Y 29Y ],13.8765,0.1477
Y,N,N,N,N,N,N,Y,N,N,Y,N,N,Y,N,N,N,N,N,Y,N,N,N,Y,Y,Y,N,Y,Y,N,N,Y,N,Y,Y,N,Y,N,N,13.119,[6N 22N 26Y 10N ],13.6667,0.0417
Y,Y,Y,N,Y,N,N,Y,Y,Y,Y,Y,Y,Y,Y,Y,Y,Y,Y,Y,Y,N,Y,Y,Y,Y,N,Y,N,N,Y,Y,Y,N,Y,N,Y,N,N,14.286,[6N 22N 26Y 10Y ],14.5610,0.0192
Y,N,Y,N,N,N,Y,Y,N,N,Y,N,Y,Y,N,N,N,N,N,N,Y,N,N,Y,Y,Y,N,Y,Y,N,N,Y,Y,N,Y,Y,N,N,N,16.267,[6N 22N 26Y 10N ],13.6667,0.1599
Y,Y,Y,Y,N,N,N,Y,Y,Y,Y,Y,Y,Y,Y,Y,Y,Y,N,Y,Y,Y,Y,Y,Y,Y,N,Y,Y,N,N,Y,N,Y,Y,N,N,N,Y,14.493,[6N 22Y 29Y ],13.8765,0.0425
Y,N,N,N,N,N,N,Y,N,N,Y,N,Y,Y,Y,Y,N,N,N,N,N,N,N,Y,Y,Y,N,Y,Y,N,N,Y,Y,N,Y,Y,N,N,N,14.977,[6N 22N 26Y 10N ],13.6667,0.0875
Y,N,N,N,N,N,N,Y,Y,N,Y,N,N,Y,N,N,N,Y,N,N,N,N,N,Y,Y,N,Y,Y,Y,N,N,Y,Y,N,Y,Y,N,N,N,13.536,[6N 22N 26N 3N ],14.9307,0.1030
Y,N,Y,Y,N,N,N,Y,N,N,Y,N,N,Y,N,N,N,Y,N,N,N,N,N,Y,Y,N,Y,Y,N,N,Y,Y,Y,N,Y,Y,N,N,N,13.398,[6N 22N 26N 3Y ],14.3777,0.0731
Y,N,N,N,N,N,N,Y,Y,N,Y,Y,N,Y,N,Y,N,N,N,N,N,N,N,Y,Y,N,Y,Y,Y,N,N,Y,Y,N,Y,Y,N,N,N,14.499,[6N 22N 26N 3N ],14.9307,0.0298
Y,N,Y,Y,N,N,N,Y,N,N,Y,Y,N,Y,N,N,N,N,N,N,N,N,N,Y,Y,Y,N,Y,Y,N,N,Y,N,Y,Y,Y,N,N,N,13.650,[6N 22N 26Y 10N ],13.6667,0.0012
Y,Y,Y,N,N,N,Y,Y,Y,Y,Y,Y,Y,Y,Y,Y,Y,Y,Y,Y,Y,Y,N,Y,Y,Y,N,Y,N,Y,N,Y,Y,N,Y,Y,N,N,N,13.128,[6N 22Y 29N ],13.7242,0.0454
Y,N,N,N,N,N,N,Y,N,N,Y,N,N,Y,N,N,N,Y,N,N,N,N,Y,Y,Y,Y,N,Y,N,Y,N,Y,Y,N,Y,Y,N,N,N,14.050,[6N 22N 26Y 10N ],13.6667,0.0273
Y,Y,Y,Y,N,N,N,Y,N,N,Y,N,N,Y,N,N,N,N,N,N,N,N,N,Y,Y,N,Y,Y,Y,N,N,Y,Y,N,Y,N,N,Y,N,13.623,[6N 22N 26N 3Y ],14.3777,0.0554
Y,N,N,N,N,N,N,Y,N,N,Y,N,N,Y,Y,N,N,N,N,N,N,N,N,Y,Y,Y,N,Y,Y,N,N,Y,Y,N,Y,N,N,N,Y,14.154,[6N 22N 26Y 10N ],13.6667,0.0344
Y,N,N,N,N,N,N,Y,N,N,Y,N,N,Y,N,N,N,N,Y,N,N,N,N,Y,Y,N,Y,Y,Y,N,N,Y,Y,N,Y,N,N,N,Y,13.170,[6N 22N 26N 3N ],14.9307,0.1337
Y,N,N,N,N,N,N,Y,N,N,Y,N,N,Y,N,N,N,N,N,Y,N,N,Y,Y,Y,N,Y,Y,Y,N,N,Y,Y,N,Y,N,N,N,Y,14.673,[6N 22N 26N 3N ],14.9307,0.0176
Y,N,Y,N,N,Y,N,Y,N,N,Y,N,N,Y,N,Y,N,N,N,N,N,Y,N,Y,Y,N,Y,Y,Y,N,N,Y,Y,N,Y,Y,N,N,N,13.487,[6Y ],15.0588,0.1165
Y,Y,N,N,N,N,N,Y,N,Y,Y,N,N,Y,N,N,N,N,N,N,N,N,N,Y,Y,N,Y,Y,Y,N,N,Y,Y,N,Y,N,N,Y,N,13.778,[6N 22N 26N 3N ],14.9307,0.0837
Y,N,N,N,N,N,N,Y,N,Y,Y,N,N,Y,N,N,N,N,N,Y,N,N,N,Y,Y,Y,N,Y,Y,N,N,Y,Y,N,Y,N,N,Y,N,13.176,[6N 22N 26Y 10Y ],14.5610,0.1051
Y,N,Y,N,N,Y,N,Y,N,N,Y,N,N,Y,N,N,N,N,N,N,N,N,Y,Y,Y,Y,N,Y,Y,N,N,Y,Y,N,Y,Y,N,N,N,14.233,[6Y ],15.0588,0.0580
Y,N,N,N,N,N,N,Y,N,N,Y,N,N,Y,N,Y,N,N,N,N,N,N,N,Y,Y,Y,N,Y,Y,N,N,Y,N,Y,Y,N,Y,N,N,13.736,[6N 22N 26Y 10N ],13.6667,0.0050
Y,N,Y,N,Y,N,N,Y,N,Y,Y,N,N,Y,N,N,N,N,N,N,N,N,N,Y,Y,Y,N,Y,Y,N,N,Y,Y,N,Y,N,N,N,Y,15.921,[6N 22N 26Y 10Y ],14.5610,0.0854
Y,Y,Y,N,N,Y,N,Y,N,Y,Y,Y,Y,Y,Y,Y,Y,Y,Y,Y,Y,Y,Y,Y,Y,Y,N,Y,N,N,Y,Y,Y,N,Y,N,Y,N,N,14.810,[6Y ],15.0588,0.0168
Y,N,Y,N,N,N,Y,Y,N,N,Y,N,N,Y,N,N,N,N,Y,N,N,N,N,Y,Y,Y,N,Y,Y,N,N,Y,N,Y,Y,Y,N,N,N,15.447,[6N 22N 26Y 10N ],13.6667,0.1153
Y,N,Y,N,Y,N,N,Y,N,N,Y,N,Y,Y,N,N,N,N,Y,N,N,N,N,Y,Y,Y,N,Y,Y,N,N,Y,Y,N,Y,Y,N,N,N,16.168,[6N 22N 26Y 10N ],13.6667,0.1547
Y,Y,Y,N,N,N,Y,Y,Y,Y,Y,Y,N,Y,Y,Y,Y,Y,Y,Y,Y,Y,Y,Y,Y,Y,N,Y,N,N,Y,Y,N,Y,Y,Y,N,N,N,14.315,[6N 22Y 29N ],13.7242,0.0413
Y,Y,N,N,N,N,N,Y,N,N,Y,N,Y,Y,N,N,N,N,N,N,N,N,N,Y,Y,N,Y,Y,Y,N,N,Y,Y,N,Y,N,Y,N,N,13.944,[6N 22N 26N 3N ],14.9307,0.0708
Y,Y,N,N,N,N,N,Y,N,N,Y,N,N,Y,N,N,N,N,Y,N,N,N,N,Y,Y,N,Y,Y,Y,N,N,Y,Y,N,Y,N,N,Y,N,15.701,[6N 22N 26N 3N ],14.9307,0.0491
Y,N,Y,Y,N,N,N,Y,N,N,Y,N,N,Y,Y,N,Y,N,N,N,N,N,N,Y,Y,N,Y,Y,Y,N,N,Y,Y,N,Y,Y,N,N,N,14.228,[6N 22N 26N 3Y ],14.3777,0.0105
Y,N,Y,N,N,Y,N,Y,N,N,Y,N,N,Y,N,N,Y,N,N,N,N,N,N,Y,Y,Y,N,Y,Y,N,N,Y,Y,N,Y,N,Y,N,N,13.946,[6Y ],15.0588,0.0798
Y,N,Y,N,N,Y,N,Y,N,N,Y,N,N,Y,Y,N,N,N,N,N,N,N,N,Y,Y,Y,N,Y,Y,N,N,Y,Y,N,Y,N,Y,N,N,15.955,[6Y ],15.0588,0.0562
N,N,N,N,N,N,N,N,N,N,N,N,N,N,N,N,N,N,N,N,N,N,Y,N,N,Y,N,N,Y,N,N,N,Y,N,Y,Y,N,N,N,14.349,[6N 22N 26Y 10N ],13.6667,0.0476
Y,Y,Y,Y,N,N,N,Y,Y,N,Y,Y,Y,Y,Y,Y,Y,Y,Y,Y,Y,Y,Y,Y,Y,Y,N,Y,Y,N,N,Y,N,Y,Y,N,N,N,Y,14.747,[6N 22Y 29Y ],13.8765,0.0590
Y,N,N,N,N,N,N,Y,N,N,Y,N,N,Y,Y,N,N,N,Y,N,N,N,N,Y,Y,N,Y,Y,Y,N,N,Y,N,Y,Y,Y,N,N,N,15.247,[6N 22N 26N 3N ],14.9307,0.0207
Y,Y,Y,N,Y,N,N,Y,Y,Y,Y,Y,Y,Y,Y,Y,Y,Y,Y,Y,N,Y,Y,Y,Y,Y,N,Y,Y,N,N,Y,Y,N,Y,N,Y,N,N,14.502,[6N 22Y 29Y ],13.8765,0.0431
Y,N,N,N,N,N,N,Y,N,N,Y,N,N,Y,Y,N,N,Y,N,N,N,N,N,Y,Y,N,Y,Y,Y,N,N,Y,Y,N,Y,N,N,N,Y,15.131,[6N 22N 26N 3N ],14.9307,0.0132
Y,Y,Y,N,N,N,Y,Y,N,N,Y,N,N,Y,N,N,N,N,N,N,N,N,N,Y,Y,N,Y,Y,Y,N,N,Y,N,Y,Y,Y,N,N,N,13.876,[6N 22N 26N 3Y ],14.3777,0.0362
Y,N,N,N,N,N,N,Y,N,N,Y,Y,N,Y,N,Y,N,N,N,N,N,N,N,Y,Y,N,Y,Y,Y,N,N,Y,N,Y,Y,Y,N,N,N,15.195,[6N 22N 26N 3N ],14.9307,0.0174
Y,N,Y,Y,N,N,N,Y,N,N,Y,N,N,Y,N,N,N,Y,N,N,N,N,N,Y,Y,Y,N,Y,Y,N,N,Y,N,Y,Y,Y,N,N,N,13.953,[6N 22N 26Y 10N ],13.6667,0.0205
Y,N,N,N,N,N,N,Y,N,N,Y,N,N,Y,N,N,N,N,N,N,Y,N,N,Y,Y,Y,N,Y,Y,N,N,Y,N,Y,Y,N,Y,N,N,14.178,[6N 22N 26Y 10N ],13.6667,0.0361
Y,N,N,N,N,N,N,Y,N,N,Y,N,N,Y,N,N,N,N,N,N,N,Y,N,Y,Y,N,Y,Y,Y,N,N,Y,N,Y,Y,N,Y,N,N,15.204,[6N 22Y 29Y ],13.8765,0.0873
Y,N,N,N,N,N,N,Y,N,N,Y,N,N,Y,N,Y,N,Y,N,N,N,N,N,Y,Y,Y,N,Y,Y,N,N,Y,Y,N,Y,N,N,Y,N,13.614,[6N 22N 26Y 10N ],13.6667,0.0039
Y,Y,Y,N,Y,N,N,Y,Y,Y,Y,Y,Y,Y,Y,Y,Y,Y,N,Y,Y,Y,Y,Y,Y,N,Y,Y,N,Y,N,Y,Y,N,Y,N,N,Y,N,13.972,[6N 22Y 29N ],13.7242,0.0177
Y,N,Y,N,N,N,Y,Y,N,N,Y,N,N,Y,N,N,N,N,N,N,N,N,N,Y,Y,Y,N,Y,N,Y,N,Y,Y,N,Y,Y,N,N,N,15.645,[6N 22N 26Y 10N ],13.6667,0.1265
Y,N,Y,N,N,Y,N,Y,N,N,Y,N,N,Y,N,N,Y,N,N,N,N,N,N,Y,Y,Y,N,Y,Y,N,N,Y,N,Y,Y,Y,N,N,N,15.429,[6Y ],15.0588,0.0240
Y,Y,Y,N,N,Y,N,Y,N,N,Y,N,N,Y,N,N,N,N,N,N,N,N,N,Y,Y,Y,N,Y,Y,N,N,Y,Y,N,Y,Y,N,N,N,14.493,[6Y ],15.0588,0.0390
Y,N,N,N,N,N,N,Y,N,N,Y,Y,N,Y,N,N,N,N,N,N,N,N,Y,Y,Y,N,Y,Y,Y,N,N,Y,Y,N,Y,N,N,Y,N,14.583,[6N 22N 26N 3N ],14.9307,0.0238
Y,N,Y,N,N,Y,N,Y,Y,N,Y,N,N,Y,N,N,N,N,N,N,N,N,N,Y,Y,N,Y,Y,N,N,Y,Y,Y,N,Y,Y,N,N,N,14.560,[6Y ],15.0588,0.0343
Y,N,N,N,N,N,N,Y,N,N,Y,N,N,Y,N,N,N,N,N,N,N,Y,N,Y,Y,Y,N,Y,Y,N,N,Y,Y,N,Y,N,Y,N,N,14.440,[6N 22Y 29Y ],13.8765,0.0390
Y,Y,Y,N,Y,N,N,Y,Y,Y,Y,N,Y,Y,Y,Y,Y,Y,Y,Y,Y,Y,Y,Y,Y,Y,N,Y,N,N,Y,Y,Y,N,Y,Y,N,N,N,14.209,[6N 22Y 29N ],13.7242,0.0341
Y,Y,N,N,N,N,N,Y,N,N,Y,N,N,Y,N,N,N,N,N,N,N,N,N,Y,Y,Y,N,Y,N,N,Y,Y,Y,N,Y,N,Y,N,N,14.619,[6N 22N 26Y 10N ],13.6667,0.0651
Y,N,N,N,N,N,N,Y,Y,Y,Y,N,N,Y,N,Y,N,N,N,N,N,N,N,Y,Y,N,Y,Y,N,N,Y,Y,Y,N,Y,Y,N,N,N,14.048,[6N 22N 26N 3N ],14.9307,0.0628
Y,N,N,N,N,N,N,Y,N,N,Y,N,N,Y,N,N,Y,N,Y,N,N,N,N,Y,Y,N,Y,Y,N,N,Y,Y,Y,N,Y,Y,N,N,N,15.473,[6N 22N 26N 3N ],14.9307,0.0351
Y,Y,N,N,N,N,N,Y,N,N,Y,N,N,Y,N,Y,N,N,N,N,N,N,N,Y,Y,N,Y,Y,Y,N,N,Y,Y,N,Y,N,Y,N,N,14.432,[6N 22N 26N 3N ],14.9307,0.0346
Y,N,Y,N,N,N,Y,Y,N,N,Y,N,N,Y,N,N,N,N,N,N,N,Y,N,Y,Y,Y,N,Y,Y,N,N,Y,N,Y,Y,Y,N,N,N,15.258,[6N 22Y 29Y ],13.8765,0.0905
Y,N,Y,N,N,Y,N,Y,N,N,Y,N,N,Y,N,N,N,N,N,N,N,N,Y,Y,Y,Y,N,Y,Y,N,N,Y,Y,N,Y,N,N,Y,N,16.096,[6Y ],15.0588,0.0644
Y,N,Y,N,N,Y,N,Y,N,N,Y,N,N,Y,N,N,N,N,N,N,N,N,Y,Y,Y,Y,N,Y,Y,N,N,Y,Y,N,Y,N,N,N,Y,16.568,[6Y ],15.0588,0.0911
Y,Y,N,N,N,N,N,Y,N,N,Y,N,N,Y,N,N,N,N,Y,N,N,N,N,Y,Y,Y,N,Y,Y,N,N,Y,Y,N,Y,N,N,N,Y,14.095,[6N 22N 26Y 10N ],13.6667,0.0304
Y,N,Y,N,N,N,Y,Y,N,N,Y,N,N,Y,N,N,N,N,N,N,N,N,N,Y,Y,Y,N,Y,Y,N,N,Y,N,Y,Y,Y,N,N,N,14.885,[6N 22N 26Y 10N ],13.6667,0.0818
Y,N,Y,N,N,N,Y,Y,N,N,Y,N,Y,Y,N,N,N,N,N,N,N,N,N,Y,Y,N,Y,Y,N,Y,N,Y,Y,N,Y,Y,N,N,N,14.788,[6N 22N 26N 3Y ],14.3777,0.0277
Y,N,Y,Y,N,N,N,Y,N,N,Y,N,N,Y,N,N,N,N,N,N,N,N,Y,Y,Y,Y,N,Y,Y,N,N,Y,Y,N,Y,Y,N,N,N,14.759,[6N 22N 26Y 10N ],13.6667,0.0740
Y,Y,Y,Y,N,N,N,Y,N,N,Y,N,N,Y,N,N,N,N,Y,N,N,N,N,Y,Y,N,Y,Y,Y,N,N,Y,Y,N,Y,Y,N,N,N,13.659,[6N 22N 26N 3Y ],14.3777,0.0526
Y,N,Y,N,N,Y,N,Y,Y,N,Y,N,N,Y,Y,N,N,N,N,N,N,N,N,Y,Y,N,Y,Y,Y,N,N,Y,Y,N,Y,Y,N,N,N,15.163,[6Y ],15.0588,0.0069
Y,Y,Y,N,N,Y,N,Y,Y,Y,Y,Y,Y,Y,Y,Y,Y,Y,Y,Y,Y,Y,Y,Y,Y,N,Y,Y,Y,N,N,Y,N,Y,Y,N,Y,N,N,14.705,[6Y ],15.0588,0.0241
Y,N,Y,Y,N,N,N,Y,N,N,Y,N,N,Y,N,N,N,N,N,N,N,N,N,Y,Y,N,Y,Y,Y,N,N,Y,Y,N,Y,N,N,Y,N,14.792,[6N 22N 26N 3Y ],14.3777,0.0280
Y,Y,Y,N,N,N,Y,Y,Y,Y,Y,Y,Y,Y,Y,Y,Y,Y,Y,N,Y,Y,Y,Y,Y,Y,N,Y,N,N,Y,Y,N,Y,Y,Y,N,N,N,14.253,[6N 22Y 29N ],13.7242,0.0371
Y,N,Y,N,N,Y,N,Y,Y,N,Y,N,N,Y,N,N,N,N,Y,N,N,N,N,Y,Y,Y,N,Y,Y,N,N,Y,Y,N,Y,Y,N,N,N,15.610,[6Y ],15.0588,0.0353
Y,N,N,N,N,N,N,Y,N,N,Y,N,Y,Y,Y,N,N,N,N,N,N,N,N,Y,Y,N,Y,Y,N,N,Y,Y,Y,N,Y,Y,N,N,N,14.578,[6N 22N 26N 3N ],14.9307,0.0242
Y,N,N,N,N,N,N,Y,N,N,Y,Y,N,Y,N,N,N,N,N,N,N,N,Y,Y,Y,N,Y,Y,Y,N,N,Y,N,Y,Y,Y,N,N,N,15.405,[6N 22N 26N 3N ],14.9307,0.0308
Y,N,N,N,N,N,N,Y,N,N,Y,N,N,Y,N,N,N,N,N,Y,N,N,N,Y,Y,Y,N,Y,N,N,Y,Y,Y,N,Y,Y,N,N,N,14.232,[6N 22N 26Y 10N ],13.6667,0.0397
Y,N,Y,N,N,Y,N,Y,N,N,Y,N,N,Y,N,N,N,N,N,N,N,Y,N,Y,Y,N,Y,Y,Y,N,N,Y,Y,N,Y,N,Y,N,N,14.317,[6Y ],15.0588,0.0518
Y,N,N,N,N,N,N,Y,N,N,Y,N,N,Y,N,N,Y,Y,N,N,N,N,N,Y,Y,N,Y,Y,Y,N,N,Y,Y,N,Y,N,Y,N,N,15.799,[6N 22N 26N 3N ],14.9307,0.0550
Y,N,N,N,N,N,N,Y,Y,N,Y,Y,N,Y,N,Y,N,N,N,N,N,N,N,Y,Y,Y,N,Y,Y,N,N,Y,Y,N,Y,Y,N,N,N,15.014,[6N 22N 26Y 10N ],13.6667,0.0897
Y,N,N,N,N,N,N,Y,Y,N,Y,N,N,Y,N,N,N,Y,N,N,N,N,Y,Y,Y,N,Y,Y,Y,N,N,Y,Y,N,Y,Y,N,N,N,15.421,[6N 22N 26N 3N ],14.9307,0.0318
Y,N,Y,N,Y,N,N,Y,N,Y,Y,N,N,Y,N,N,N,N,Y,N,N,N,N,Y,Y,N,Y,Y,Y,N,N,Y,Y,N,Y,Y,N,N,N,13.247,[6N 22N 26N 3Y ],14.3777,0.0854
Y,N,N,N,N,N,N,Y,N,N,Y,N,N,Y,N,N,N,N,N,N,Y,N,N,Y,Y,Y,N,Y,N,N,Y,Y,Y,N,Y,N,N,N,Y,14.216,[6N 22N 26Y 10N ],13.6667,0.0386
Y,N,Y,Y,N,N,N,Y,N,N,Y,N,N,Y,Y,N,N,Y,N,N,N,N,N,Y,Y,Y,N,Y,Y,N,N,Y,Y,N,Y,Y,N,N,N,14.044,[6N 22N 26Y 10N ],13.6667,0.0269
Y,N,N,N,N,N,N,Y,N,N,Y,N,N,Y,Y,Y,Y,N,N,N,N,N,N,Y,Y,Y,N,Y,Y,N,N,Y,Y,N,Y,Y,N,N,N,13.249,[6N 22N 26Y 10N ],13.6667,0.0315
Y,Y,Y,N,N,Y,N,Y,Y,Y,Y,Y,Y,Y,Y,Y,Y,N,Y,Y,Y,Y,Y,Y,Y,Y,N,Y,N,N,Y,Y,Y,N,Y,N,N,Y,N,14.212,[6Y ],15.0588,0.0596
Y,N,Y,Y,N,N,N,Y,N,N,Y,N,N,Y,N,N,Y,N,N,N,N,N,N,Y,Y,Y,N,Y,Y,N,N,Y,Y,N,Y,N,Y,N,N,13.493,[6N 22N 26Y 10N ],13.6667,0.0129
Y,N,N,N,N,N,N,Y,N,Y,Y,N,N,Y,N,N,N,N,Y,N,N,N,Y,Y,Y,Y,N,Y,Y,N,N,Y,Y,N,Y,Y,N,N,N,14.563,[6N 22N 26Y 10Y ],14.5610,0.0001
Y,N,Y,Y,N,N,N,Y,N,N,Y,N,N,Y,N,N,N,N,N,N,N,N,N,Y,Y,Y,N,Y,N,N,Y,Y,Y,N,Y,N,N,Y,N,14.938,[6N 22N 26Y 10N ],13.6667,0.0851
Y,N,Y,N,N,N,Y,Y,N,Y,Y,N,N,Y,N,N,N,N,N,N,N,N,N,Y,Y,N,Y,Y,Y,N,N,Y,Y,N,Y,N,N,N,Y,13.698,[6N 22N 26N 3Y ],14.3777,0.0496
Y,N,N,N,N,N,N,Y,N,N,Y,N,Y,Y,N,N,N,N,N,N,N,N,N,Y,Y,N,Y,Y,N,N,Y,Y,N,Y,Y,Y,N,N,N,14.816,[6N 22N 26N 3N ],14.9307,0.0077
Y,N,Y,N,N,Y,N,Y,N,N,Y,Y,N,Y,N,N,N,N,N,N,N,Y,N,Y,Y,N,Y,Y,Y,N,N,Y,Y,N,Y,Y,N,N,N,14.741,[6Y ],15.0588,0.0216
Y,N,N,N,N,N,N,Y,N,N,Y,N,N,Y,N,Y,N,N,N,N,N,N,N,Y,Y,N,Y,Y,Y,N,N,Y,Y,N,Y,N,Y,N,N,13.683,[6N 22N 26N 3N ],14.9307,0.0912
Y,N,Y,N,N,Y,N,Y,N,N,Y,N,N,Y,N,N,N,N,N,N,N,N,N,Y,Y,Y,N,Y,N,N,Y,Y,Y,N,Y,N,N,N,Y,14.836,[6Y ],15.0588,0.0150
Y,Y,N,N,N,N,N,Y,N,Y,Y,N,N,Y,N,N,N,N,N,N,N,N,N,Y,Y,N,Y,Y,Y,N,N,Y,Y,N,Y,Y,N,N,N,13.406,[6N 22N 26N 3N ],14.9307,0.1137
Y,N,N,N,N,N,N,Y,N,N,Y,Y,N,Y,N,N,N,N,N,N,N,N,N,Y,Y,N,Y,Y,Y,N,N,Y,N,Y,Y,N,Y,N,N,14.235,[6N 22N 26N 3N ],14.9307,0.0489
Y,Y,Y,N,N,Y,N,Y,N,Y,Y,Y,Y,Y,Y,Y,Y,Y,Y,Y,Y,Y,Y,Y,Y,N,Y,Y,N,N,Y,Y,Y,N,Y,N,N,N,Y,14.202,[6Y ],15.0588,0.0603
Y,N,Y,N,N,N,Y,Y,N,N,Y,N,N,Y,N,N,N,Y,N,N,N,N,N,Y,Y,N,Y,Y,Y,N,N,Y,Y,N,Y,N,N,Y,N,14.474,[6N 22N 26N 3Y ],14.3777,0.0067
Y,N,N,N,N,N,N,Y,N,N,Y,N,N,Y,N,N,N,Y,Y,N,N,N,N,Y,Y,N,Y,Y,N,Y,N,Y,Y,N,Y,Y,N,N,N,15.024,[6N 22N 26N 3N ],14.9307,0.0062
Y,N,N,N,N,N,N,Y,N,Y,Y,N,N,Y,N,N,N,N,N,N,N,N,Y,Y,Y,Y,N,Y,Y,N,N,Y,N,Y,Y,Y,N,N,N,13.262,[6N 22N 26Y 10Y ],14.5610,0.0979
Y,N,N,N,N,N,N,Y,N,N,Y,N,Y,Y,N,N,N,N,N,N,N,Y,N,Y,Y,N,Y,Y,N,N,Y,Y,Y,N,Y,Y,N,N,N,15.284,[6N 22Y 29N ],13.7242,0.1021
Y,Y,Y,Y,N,N,N,Y,N,N,Y,N,Y,Y,N,N,N,N,N,N,N,N,N,Y,Y,N,Y,Y,Y,N,N,Y,Y,N,Y,Y,N,N,N,13.292,[6N 22N 26N 3Y ],14.3777,0.0817
Y,N,N,N,N,N,N,Y,N,N,Y,Y,Y,Y,N,N,N,N,N,N,N,N,N,Y,Y,N,Y,Y,Y,N,N,Y,N,Y,Y,Y,N,N,N,15.988,[6N 22N 26N 3N ],14.9307,0.0661
Y,N,Y,Y,N,N,N,Y,N,Y,Y,N,N,Y,N,N,N,N,N,N,N,Y,N,Y,Y,N,Y,Y,Y,N,N,Y,Y,N,Y,Y,N,N,N,13.904,[6N 22Y 29Y ],13.8765,0.0020
Y,N,N,N,N,N,N,Y,N,N,Y,N,N,Y,N,Y,N,N,N,N,Y,N,N,Y,Y,Y,N,Y,Y,N,N,Y,Y,N,Y,N,Y,N,N,13.574,[6N 22N 26Y 10N ],13.6667,0.0068
Y,Y,N,N,N,N,N,Y,Y,N,Y,N,N,Y,N,N,N,N,N,Y,N,N,N,Y,Y,N,Y,Y,Y,N,N,Y,Y,N,Y,Y,N,N,N,15.326,[6N 22N 26N 3N ],14.9307,0.0258
Y,N,Y,N,N,Y,N,Y,N,N,Y,N,N,Y,N,N,N,N,N,Y,Y,N,N,Y,Y,N,Y,Y,Y,N,N,Y,Y,N,Y,Y,N,N,N,15.150,[6Y ],15.0588,0.0060
Y,N,N,N,N,N,N,Y,N,N,Y,N,Y,Y,N,N,N,N,N,N,N,N,N,Y,Y,N,Y,Y,Y,N,N,Y,N,Y,Y,N,N,Y,N,15.525,[6N 22N 26N 3N ],14.9307,0.0383
Y,Y,Y,Y,N,N,N,Y,N,N,Y,N,N,Y,N,N,N,N,N,N,N,N,N,Y,Y,N,Y,Y,Y,N,N,Y,Y,N,Y,Y,N,N,N,13.611,[6N 22N 26N 3Y ],14.3777,0.0563
Y,N,Y,N,Y,N,N,Y,N,N,Y,N,N,Y,Y,N,N,N,N,N,Y,N,N,Y,Y,N,Y,Y,Y,N,N,Y,Y,N,Y,Y,N,N,N,14.742,[6N 22N 26N 3Y ],14.3777,0.0247
Y,N,N,N,N,N,N,Y,N,N,Y,N,Y,Y,N,N,Y,N,N,N,N,N,N,Y,Y,N,Y,Y,N,N,Y,Y,Y,N,Y,Y,N,N,N,15.301,[6N 22N 26N 3N ],14.9307,0.0242
Y,Y,Y,N,N,N,Y,Y,Y,Y,Y,Y,Y,Y,Y,Y,Y,Y,Y,Y,Y,Y,N,Y,Y,N,Y,Y,N,N,Y,Y,Y,N,Y,N,N,N,Y,14.399,[6N 22Y 29N ],13.7242,0.0469
Y,N,Y,N,N,Y,N,Y,N,N,Y,N,N,Y,N,N,N,N,N,N,N,N,N,Y,Y,Y,N,Y,N,Y,N,Y,Y,N,Y,N,N,N,Y,14.958,[6Y ],15.0588,0.0067
Y,N,N,N,N,N,N,Y,N,Y,Y,Y,N,Y,N,N,N,N,N,Y,N,N,N,Y,Y,N,Y,Y,Y,N,N,Y,Y,N,Y,Y,N,N,N,14.450,[6N 22N 26N 3N ],14.9307,0.0333
Y,N,Y,N,N,N,Y,Y,N,N,Y,N,N,Y,N,N,N,N,Y,N,N,Y,N,Y,Y,N,Y,Y,Y,N,N,Y,Y,N,Y,Y,N,N,N,13.766,[6N 22Y 29Y ],13.8765,0.0080
Y,N,N,N,N,N,N,Y,N,N,Y,N,N,Y,N,N,Y,N,N,N,N,N,Y,Y,Y,N,Y,Y,N,Y,N,Y,Y,N,Y,Y,N,N,N,15.013,[6N 22N 26N 3N ],14.9307,0.0055
Y,Y,Y,N,N,Y,N,Y,N,Y,Y,Y,Y,Y,Y,Y,Y,Y,Y,Y,Y,Y,Y,Y,Y,N,Y,Y,N,Y,N,Y,N,Y,Y,N,N,N,Y,14.907,[6Y ],15.0588,0.0102
Y,Y,Y,Y,N,N,N,Y,N,Y,Y,Y,Y,Y,Y,Y,Y,Y,Y,Y,Y,Y,Y,Y,Y,Y,N,Y,N,N,Y,Y,Y,N,Y,N,N,Y,N,13.387,[6N 22Y 29N ],13.7242,0.0252
Y,N,N,N,N,N,N,Y,N,N,Y,N,N,Y,N,Y,N,N,N,N,N,N,N,Y,Y,Y,N,Y,Y,N,N,Y,Y,N,Y,N,Y,N,N,14.136,[6N 22N 26Y 10N ],13.6667,0.0332
Y,N,Y,N,N,N,Y,Y,N,N,Y,N,N,Y,N,N,N,N,N,Y,N,N,N,Y,Y,N,Y,Y,N,Y,N,Y,Y,N,Y,Y,N,N,N,14.204,[6N 22N 26N 3Y ],14.3777,0.0122
Y,N,Y,N,Y,N,N,Y,N,N,Y,N,N,Y,N,Y,N,N,N,N,N,N,N,Y,Y,N,Y,Y,Y,N,N,Y,Y,N,Y,N,Y,N,N,14.981,[6N 22N 26N 3Y ],14.3777,0.0403
Y,Y,N,N,N,N,N,Y,N,N,Y,N,N,Y,N,N,N,N,N,Y,N,Y,N,Y,Y,N,Y,Y,Y,N,N,Y,Y,N,Y,Y,N,N,N,14.535,[6N 22Y 29Y ],13.8765,0.0453
Y,N,N,N,N,N,N,Y,Y,N,Y,N,N,Y,N,N,Y,N,N,N,N,Y,N,Y,Y,Y,N,Y,Y,N,N,Y,Y,N,Y,Y,N,N,N,14.378,[6N 22Y 29Y ],13.8765,0.0349
Y,N,Y,N,N,Y,N,Y,N,N,Y,N,N,Y,N,N,N,N,N,N,N,N,N,Y,Y,Y,N,Y,Y,N,N,Y,Y,N,Y,Y,N,N,N,15.015,[6Y ],15.0588,0.0029
Y,N,N,N,N,N,N,Y,N,N,Y,N,N,Y,N,N,N,N,N,Y,N,N,N,Y,Y,Y,N,Y,Y,N,N,Y,Y,N,Y,N,Y,N,N,14.495,[6N 22N 26Y 10N ],13.6667,0.0571
Y,N,Y,N,Y,N,N,Y,N,N,Y,N,N,Y,Y,N,N,N,N,N,N,N,Y,Y,Y,N,Y,Y,Y,N,N,Y,Y,N,Y,Y,N,N,N,14.644,[6N 22N 26N 3Y ],14.3777,0.0182
Y,N,Y,N,Y,N,N,Y,N,N,Y,N,N,Y,N,Y,N,N,N,N,N,N,N,Y,Y,N,Y,Y,N,Y,N,Y,Y,N,Y,Y,N,N,N,14.055,[6N 22N 26N 3Y ],14.3777,0.0230
Y,Y,N,N,N,N,N,Y,N,N,Y,Y,N,Y,N,N,N,N,Y,N,N,N,N,Y,Y,Y,N,Y,Y,N,N,Y,Y,N,Y,Y,N,N,N,15.034,[6N 22N 26Y 10N ],13.6667,0.0909
Y,N,Y,N,N,N,Y,Y,N,N,Y,N,N,Y,N,N,N,N,Y,N,N,N,N,Y,Y,N,Y,Y,Y,N,N,Y,N,Y,Y,Y,N,N,N,14.282,[6N 22N 26N 3Y ],14.3777,0.0067
Y,N,N,N,N,N,N,Y,N,N,Y,Y,N,Y,Y,N,N,N,N,N,N,Y,N,Y,Y,Y,N,Y,Y,N,N,Y,Y,N,Y,Y,N,N,N,14.282,[6N 22Y 29Y ],13.8765,0.0284
Y,N,N,N,N,N,N,Y,N,Y,Y,N,Y,Y,N,N,Y,N,N,N,N,N,N,Y,Y,N,Y,Y,Y,N,N,Y,Y,N,Y,Y,N,N,N,16.116,[6N 22N 26N 3N ],14.9307,0.0736
Y,N,Y,N,N,Y,N,Y,N,N,Y,N,N,Y,N,N,N,N,Y,N,N,N,N,Y,Y,N,Y,Y,N,Y,N,Y,Y,N,Y,Y,N,N,N,13.515,[6Y ],15.0588,0.1142
Y,N,Y,N,N,N,Y,Y,N,N,Y,N,N,Y,Y,N,N,N,N,Y,N,N,N,Y,Y,Y,N,Y,Y,N,N,Y,Y,N,Y,Y,N,N,N,15.930,[6N 22N 26Y 10N ],13.6667,0.1421
Y,N,Y,Y,N,N,N,Y,Y,Y,Y,Y,Y,Y,Y,Y,Y,Y,Y,Y,Y,Y,Y,Y,Y,Y,N,Y,N,N,Y,Y,Y,N,Y,N,Y,N,N,14.410,[6N 22Y 29N ],13.7242,0.0476
Y,N,N,N,N,N,N,Y,N,N,Y,Y,N,Y,N,N,N,N,N,N,N,Y,N,Y,Y,N,Y,Y,Y,N,N,Y,Y,N,Y,N,Y,N,N,15.128,[6N 22Y 29Y ],13.8765,0.0827
Y,N,N,N,N,N,N,Y,N,N,Y,N,N,Y,N,N,N,Y,Y,N,N,Y,N,Y,Y,Y,N,Y,Y,N,N,Y,Y,N,Y,Y,N,N,N,14.200,[6N 22Y 29Y ],13.8765,0.0228
Y,N,Y,Y,N,N,N,Y,N,N,Y,N,N,Y,N,N,N,N,N,N,N,Y,N,Y,Y,N,Y,Y,Y,N,N,Y,Y,N,Y,Y,N,N,N,14.493,[6N 22Y 29Y ],13.8765,0.0425
Y,N,N,N,N,N,N,Y,N,N,Y,N,N,Y,N,N,N,Y,N,N,N,Y,N,Y,Y,Y,N,Y,Y,N,N,Y,Y,N,Y,N,N,Y,N,13.767,[6N 22Y 29Y ],13.8765,0.0080
Y,N,N,N,N,N,N,Y,N,Y,Y,Y,N,Y,N,N,N,Y,N,N,N,N,N,Y,Y,N,Y,Y,Y,N,N,Y,Y,N,Y,Y,N,N,N,14.701,[6N 22N 26N 3N ],14.9307,0.0156
Y,N,Y,N,Y,N,N,Y,N,Y,Y,N,N,Y,N,N,N,N,N,N,N,N,N,Y,Y,N,Y,Y,Y,N,N,Y,Y,N,Y,N,Y,N,N,14.451,[6N 22N 26N 3Y ],14.3777,0.0051
Y,Y,Y,Y,N,N,N,Y,Y,N,Y,Y,Y,Y,Y,Y,Y,Y,Y,Y,Y,Y,Y,Y,Y,N,Y,Y,N,Y,N,Y,N,Y,Y,N,N,N,Y,15.032,[6N 22Y 29N ],13.7242,0.0870
Y,N,N,N,N,N,N,Y,N,N,Y,Y,Y,Y,N,N,N,N,N,N,N,N,N,Y,Y,N,Y,Y,Y,N,N,Y,Y,N,Y,N,N,Y,N,14.519,[6N 22N 26N 3N ],14.9307,0.0284
Y,N,N,N,N,N,N,Y,N,N,Y,N,N,Y,N,N,N,N,N,N,N,N,Y,Y,Y,Y,N,Y,Y,N,N,Y,N,Y,Y,N,N,Y,N,14.255,[6N 22N 26Y 10N ],13.6667,0.0413
Y,Y,Y,N,Y,N,N,Y,Y,Y,Y,Y,Y,Y,Y,Y,Y,Y,Y,Y,N,Y,Y,Y,Y,Y,N,Y,N,N,Y,Y,Y,N,Y,Y,N,N,N,14.558,[6N 22Y 29N ],13.7242,0.0573
Y,N,Y,N,N,N,Y,Y,N,N,Y,N,N,Y,N,N,Y,Y,N,N,N,N,N,Y,Y,Y,N,Y,Y,N,N,Y,Y,N,Y,Y,N,N,N,16.493,[6N 22N 26Y 10N ],13.6667,0.1714
Y,N,N,N,N,N,N,Y,N,N,Y,N,Y,Y,N,N,N,N,N,N,Y,N,N,Y,Y,N,Y,Y,Y,N,N,Y,N,Y,Y,Y,N,N,N,15.404,[6N 22N 26N 3N ],14.9307,0.0307
Y,N,N,N,N,N,N,Y,N,N,Y,N,N,Y,Y,N,N,N,Y,Y,N,N,N,Y,Y,N,Y,Y,Y,N,N,Y,Y,N,Y,Y,N,N,N,13.950,[6N 22N 26N 3N ],14.9307,0.0703
Y,N,N,N,N,N,N,Y,N,Y,Y,N,N,Y,N,N,N,N,N,N,N,Y,N,Y,Y,N,Y,Y,Y,N,N,Y,Y,N,Y,N,N,N,Y,14.452,[6N 22Y 29Y ],13.8765,0.0398
Y,N,Y,N,Y,N,N,Y,Y,N,Y,N,N,Y,N,N,N,N,N,N,N,Y,N,Y,Y,Y,N,Y,Y,N,N,Y,Y,N,Y,Y,N,N,N,15.947,[6N 22Y 29Y ],13.8765,0.1298
Y,N,Y,N,N,N,Y,Y,Y,N,Y,N,N,Y,N,N,N,N,N,N,N,N,N,Y,Y,N,Y,Y,Y,N,N,Y,Y,N,Y,Y,N,N,N,13.963,[6N 22N 26N 3Y ],14.3777,0.0297
Y,N,N,N,N,N,N,Y,Y,N,Y,N,Y,Y,N,N,N,N,N,N,N,N,N,Y,Y,N,Y,Y,Y,N,N,Y,N,Y,Y,Y,N,N,N,15.135,[6N 22N 26N 3N ],14.9307,0.0135
Y,N,N,N,N,N,N,Y,N,N,Y,N,N,Y,N,N,N,Y,Y,N,N,N,Y,Y,Y,N,Y,Y,Y,N,N,Y,Y,N,Y,Y,N,N,N,13.696,[6N 22N 26N 3N ],14.9307,0.0901
Y,N,Y,N,N,Y,N,Y,N,N,Y,N,N,Y,N,N,N,Y,Y,N,N,N,N,Y,Y,N,Y,Y,Y,N,N,Y,Y,N,Y,Y,N,N,N,13.902,[6Y ],15.0588,0.0832
Y,N,N,N,N,N,N,Y,Y,N,Y,N,N,Y,N,N,N,N,N,N,N,N,N,Y,Y,N,Y,Y,N,Y,N,Y,Y,N,Y,N,N,Y,N,14.459,[6N 22N 26N 3N ],14.9307,0.0326
Y,N,N,N,N,N,N,Y,N,N,Y,N,N,Y,N,N,N,N,N,Y,N,N,Y,Y,Y,Y,N,Y,N,Y,N,Y,Y,N,Y,Y,N,N,N,13.648,[6N 22N 26Y 10N ],13.6667,0.0014
Y,Y,Y,N,Y,N,N,Y,Y,Y,Y,Y,N,Y,Y,Y,Y,Y,Y,Y,Y,Y,Y,Y,Y,Y,N,Y,N,N,Y,Y,Y,N,Y,N,N,Y,N,14.553,[6N 22Y 29N ],13.7242,0.0569
Y,N,Y,N,N,N,Y,Y,N,N,Y,N,N,Y,N,N,N,N,N,Y,N,N,N,Y,Y,N,Y,Y,N,N,Y,Y,Y,N,Y,Y,N,N,N,14.704,[6N 22N 26N 3Y ],14.3777,0.0222
Y,N,Y,N,N,Y,N,Y,Y,N,Y,N,N,Y,N,N,N,N,N,Y,N,N,N,Y,Y,N,Y,Y,Y,N,N,Y,Y,N,Y,Y,N,N,N,15.201,[6Y ],15.0588,0.0094
Y,Y,N,N,N,N,N,Y,N,N,Y,N,N,Y,N,N,N,N,N,N,N,Y,Y,Y,Y,Y,N,Y,Y,N,N,Y,Y,N,Y,Y,N,N,N,15.217,[6N 22Y 29Y ],13.8765,0.0881
Y,N,Y,N,N,N,Y,Y,N,N,Y,N,N,Y,N,N,N,N,N,N,N,N,N,Y,Y,N,Y,Y,N,N,Y,Y,Y,N,Y,Y,N,N,N,14.223,[6N 22N 26N 3Y ],14.3777,0.0109
Y,Y,Y,N,N,Y,N,Y,N,N,Y,N,N,Y,N,N,N,N,Y,N,N,N,N,Y,Y,N,Y,Y,Y,N,N,Y,Y,N,Y,Y,N,N,N,13.897,[6Y ],15.0588,0.0836
Y,N,N,N,N,N,N,Y,N,N,Y,N,N,Y,Y,N,N,N,N,N,Y,N,N,Y,Y,N,Y,Y,N,N,Y,Y,Y,N,Y,Y,N,N,N,16.021,[6N 22N 26N 3N ],14.9307,0.0681
Y,N,Y,N,N,N,Y,Y,N,N,Y,N,Y,Y,N,N,N,N,N,N,N,N,N,Y,Y,Y,N,Y,Y,N,N,Y,Y,N,Y,N,N,N,Y,16.211,[6N 22N 26Y 10N ],13.6667,0.1570
Y,N,Y,Y,N,N,N,Y,N,N,Y,N,Y,Y,N,N,N,N,N,N,N,N,N,Y,Y,Y,N,Y,Y,N,N,Y,Y,N,Y,N,N,N,Y,13.834,[6N 22N 26Y 10N ],13.6667,0.0121
Y,N,Y,N,N,N,Y,Y,N,N,Y,N,N,Y,N,N,N,Y,N,N,N,N,N,Y,Y,Y,N,Y,Y,N,N,Y,Y,N,Y,Y,N,N,N,14.451,[6N 22N 26Y 10N ],13.6667,0.0543
Y,N,Y,N,Y,N,N,Y,N,Y,Y,N,N,Y,N,N,N,N,N,N,N,N,N,Y,Y,Y,N,Y,N,Y,N,Y,Y,N,Y,Y,N,N,N,14.441,[6N 22N 26Y 10Y ],14.5610,0.0083
Y,N,N,N,N,N,N,Y,N,N,Y,N,N,Y,N,N,Y,N,N,N,N,Y,N,Y,Y,Y,N,Y,N,Y,N,Y,Y,N,Y,Y,N,N,N,14.594,[6N 22Y 29N ],13.7242,0.0596
Y,N,Y,N,Y,N,N,Y,N,N,Y,N,N,Y,N,N,N,N,N,Y,Y,N,N,Y,Y,N,Y,Y,Y,N,N,Y,Y,N,Y,Y,N,N,N,14.343,[6N 22N 26N 3Y ],14.3777,0.0024
Y,N,Y,N,N,N,Y,Y,Y,N,Y,N,N,Y,N,N,N,N,N,N,N,N,N,Y,Y,N,Y,Y,N,N,Y,Y,Y,N,Y,Y,N,N,N,14.658,[6N 22N 26N 3Y ],14.3777,0.0191
Y,Y,Y,Y,N,N,N,Y,N,N,Y,N,N,Y,N,N,N,N,N,N,N,N,N,Y,Y,N,Y,Y,Y,N,N,Y,Y,N,Y,N,Y,N,N,13.616,[6N 22N 26N 3Y ],14.3777,0.0559
Y,N,Y,N,N,Y,N,Y,N,N,Y,N,N,Y,N,N,Y,N,N,N,N,Y,N,Y,Y,Y,N,Y,Y,N,N,Y,Y,N,Y,Y,N,N,N,15.011,[6Y ],15.0588,0.0032
Y,N,N,N,N,N,N,Y,N,N,Y,N,N,Y,N,N,N,Y,N,N,N,N,N,Y,Y,N,Y,Y,Y,N,N,Y,N,Y,Y,N,N,N,Y,15.512,[6N 22N 26N 3N ],14.9307,0.0375
Y,N,Y,Y,N,N,N,Y,Y,N,Y,N,N,Y,N,N,N,N,N,N,N,N,N,Y,Y,N,Y,Y,N,N,Y,Y,Y,N,Y,Y,N,N,N,13.981,[6N 22N 26N 3Y ],14.3777,0.0284
Y,Y,Y,N,Y,N,N,Y,Y,Y,Y,Y,Y,Y,N,Y,Y,Y,Y,Y,Y,Y,Y,Y,Y,N,Y,Y,N,Y,N,Y,Y,N,Y,N,N,Y,N,13.055,[6N 22Y 29N ],13.7242,0.0513
Y,Y,Y,Y,N,N,N,Y,Y,Y,Y,Y,Y,Y,Y,Y,Y,Y,Y,Y,N,Y,Y,Y,Y,Y,N,Y,N,N,Y,Y,Y,N,Y,N,N,Y,N,13.368,[6N 22Y 29N ],13.7242,0.0266
Y,N,Y,N,N,N,Y,Y,N,N,Y,N,N,Y,N,N,Y,N,N,N,N,N,N,Y,Y,N,Y,Y,Y,N,N,Y,Y,N,Y,N,N,Y,N,14.524,[6N 22N 26N 3Y ],14.3777,0.0101
Y,N,Y,N,Y,N,N,Y,N,N,Y,N,N,Y,Y,Y,N,N,N,N,N,N,N,Y,Y,N,Y,Y,Y,N,N,Y,Y,N,Y,Y,N,N,N,14.041,[6N 22N 26N 3Y ],14.3777,0.0240
Y,N,N,N,N,N,N,Y,N,N,Y,N,N,Y,N,N,N,N,N,N,Y,N,N,Y,Y,Y,N,Y,Y,N,N,Y,Y,N,Y,Y,N,N,N,14.528,[6N 22N 26Y 10N ],13.6667,0.0593
Y,N,N,N,N,N,N,Y,N,Y,Y,N,N,Y,N,N,N,N,N,N,N,N,Y,Y,Y,N,Y,Y,Y,N,N,Y,N,Y,Y,Y,N,N,N,15.716,[6N 22N 26N 3N ],14.9307,0.0500
Y,N,N,N,N,N,N,Y,N,N,Y,Y,N,Y,N,N,Y,N,N,N,N,N,N,Y,Y,Y,N,Y,Y,N,N,Y,Y,N,Y,N,N,N,Y,14.292,[6N 22N 26Y 10N ],13.6667,0.0438
Y,N,Y,N,N,N,Y,Y,N,N,Y,N,Y,Y,N,N,N,N,N,N,N,N,N,Y,Y,N,Y,Y,Y,N,N,Y,Y,N,Y,Y,N,N,N,14.034,[6N 22N 26N 3Y ],14.3777,0.0245
Y,N,Y,N,Y,N,N,Y,N,N,Y,Y,N,Y,N,N,N,N,Y,N,N,N,N,Y,Y,N,Y,Y,Y,N,N,Y,Y,N,Y,Y,N,N,N,15.419,[6N 22N 26N 3Y ],14.3777,0.0675
Y,N,N,N,N,N,N,Y,N,Y,Y,N,N,Y,N,N,N,N,N,Y,N,N,N,Y,Y,N,Y,Y,Y,N,N,Y,Y,N,Y,N,N,N,Y,14.610,[6N 22N 26N 3N ],14.9307,0.0219
Y,N,N,N,N,N,N,Y,Y,N,Y,N,N,Y,N,N,Y,N,N,N,N,N,N,Y,Y,N,Y,Y,N,Y,N,Y,Y,N,Y,Y,N,N,N,13.723,[6N 22N 26N 3N ],14.9307,0.0880
Y,N,N,N,N,N,N,Y,N,N,Y,N,N,Y,N,N,N,Y,Y,Y,N,N,N,Y,Y,Y,N,Y,Y,N,N,Y,Y,N,Y,Y,N,N,N,13.641,[6N 22N 26Y 10N ],13.6667,0.0019
Y,N,N,N,N,N,N,Y,N,N,Y,Y,N,Y,N,N,N,N,Y,N,N,N,N,Y,Y,N,Y,Y,N,N,Y,Y,Y,N,Y,Y,N,N,N,15.165,[6N 22N 26N 3N ],14.9307,0.0155
Y,N,N,N,N,N,N,Y,N,N,Y,N,N,Y,N,N,N,Y,N,N,N,N,N,Y,Y,N,Y,Y,Y,N,N,Y,Y,N,Y,N,N,Y,N,13.820,[6N 22N 26N 3N ],14.9307,0.0804
Y,N,N,N,N,N,N,Y,N,N,Y,N,N,Y,N,N,N,N,N,N,Y,N,N,Y,Y,N,Y,Y,Y,N,N,Y,N,Y,Y,N,N,N,Y,15.106,[6N 22N 26N 3N ],14.9307,0.0116
Y,N,N,N,N,N,N,Y,N,N,Y,Y,N,Y,N,N,N,N,Y,N,N,N,N,Y,Y,N,Y,Y,Y,N,N,Y,Y,N,Y,N,N,Y,N,13.649,[6N 22N 26N 3N ],14.9307,0.0939
Y,Y,N,N,N,N,N,Y,N,N,Y,N,N,Y,N,N,N,N,N,Y,N,N,N,Y,Y,N,Y,Y,Y,N,N,Y,Y,N,Y,N,N,Y,N,15.316,[6N 22N 26N 3N ],14.9307,0.0252
Y,N,N,N,N,N,N,Y,N,N,Y,N,N,Y,N,N,N,N,N,Y,N,N,Y,Y,Y,N,Y,Y,N,Y,N,Y,Y,N,Y,Y,N,N,N,14.397,[6N 22N 26N 3N ],14.9307,0.0371
Y,Y,Y,N,N,Y,N,Y,Y,Y,Y,Y,Y,Y,Y,Y,Y,Y,Y,Y,Y,N,Y,Y,Y,N,Y,Y,Y,N,N,Y,N,Y,Y,N,Y,N,N,13.949,[6Y ],15.0588,0.0796
Y,N,N,N,N,N,N,Y,N,N,Y,N,N,Y,N,N,N,N,N,N,N,Y,N,Y,Y,N,Y,Y,Y,N,N,Y,Y,N,Y,N,N,N,Y,13.649,[6N 22Y 29Y ],13.8765,0.0167
Y,N,N,N,N,N,N,Y,N,N,Y,Y,N,Y,N,N,N,N,N,N,Y,N,N,Y,Y,N,Y,Y,N,Y,N,Y,Y,N,Y,Y,N,N,N,15.560,[6N 22N 26N 3N ],14.9307,0.0404
Y,N,Y,N,N,N,Y,Y,N,N,Y,N,N,Y,Y,N,Y,N,N,N,N,N,N,Y,Y,Y,N,Y,Y,N,N,Y,Y,N,Y,Y,N,N,N,16.126,[6N 22N 26Y 10N ],13.6667,0.1525
Y,N,Y,Y,N,N,N,Y,N,Y,Y,Y,N,Y,N,N,N,N,N,N,N,N,N,Y,Y,Y,N,Y,Y,N,N,Y,Y,N,Y,Y,N,N,N,14.114,[6N 22N 26Y 10Y ],14.5610,0.0317
Y,N,N,N,N,N,N,Y,N,N,Y,N,N,Y,N,Y,N,N,Y,N,N,Y,N,Y,Y,Y,N,Y,Y,N,N,Y,Y,N,Y,Y,N,N,N,14.061,[6N 22Y 29Y ],13.8765,0.0131
Y,Y,Y,N,N,N,Y,Y,N,N,Y,N,N,Y,N,N,N,N,N,N,N,Y,N,Y,Y,Y,N,Y,Y,N,N,Y,Y,N,Y,Y,N,N,N,16.093,[6N 22Y 29Y ],13.8765,0.1377
Y,N,Y,Y,N,N,N,Y,N,Y,Y,N,N,Y,N,N,N,N,N,N,N,N,N,Y,Y,Y,N,Y,N,N,Y,Y,Y,N,Y,Y,N,N,N,13.687,[6N 22N 26Y 10Y ],14.5610,0.0639
Y,N,Y,N,N,Y,N,Y,N,Y,Y,N,N,Y,N,N,N,N,N,N,N,N,N,Y,Y,Y,N,Y,Y,N,N,Y,Y,N,Y,N,Y,N,N,15.821,[6Y ],15.0588,0.0482
Y,N,N,N,N,N,N,Y,N,N,Y,N,N,Y,N,N,N,N,N,N,N,N,N,Y,Y,Y,N,Y,N,N,Y,Y,Y,N,Y,N,N,Y,N,14.880,[6N 22N 26Y 10N ],13.6667,0.0815
Y,N,N,N,N,N,N,Y,N,N,Y,N,N,Y,N,N,N,N,N,Y,N,N,N,Y,Y,N,Y,Y,N,N,Y,Y,N,Y,Y,Y,N,N,N,14.692,[6N 22N 26N 3N ],14.9307,0.0162
Y,Y,Y,N,N,Y,N,Y,Y,N,Y,Y,Y,Y,Y,Y,Y,Y,Y,Y,Y,Y,Y,Y,Y,Y,N,Y,N,N,Y,Y,Y,N,Y,N,N,Y,N,14.746,[6Y ],15.0588,0.0212
Y,N,Y,Y,N,N,N,Y,Y,N,Y,Y,N,Y,N,N,N,N,N,N,N,N,N,Y,Y,N,Y,Y,Y,N,N,Y,Y,N,Y,Y,N,N,N,13.816,[6N 22N 26N 3Y ],14.3777,0.0407
Y,N,N,N,N,N,N,Y,N,N,Y,N,N,Y,N,N,N,N,Y,N,N,N,N,Y,Y,Y,N,Y,Y,N,N,Y,Y,N,Y,N,Y,N,N,14.581,[6N 22N 26Y 10N ],13.6667,0.0627
Y,N,N,N,N,N,N,Y,N,N,Y,N,N,Y,N,N,N,N,Y,N,N,Y,N,Y,Y,N,Y,Y,Y,N,N,Y,N,Y,Y,Y,N,N,N,15.206,[6N 22Y 29Y ],13.8765,0.0874
Y,N,N,N,N,N,N,Y,N,N,Y,N,N,Y,Y,N,N,N,N,Y,N,N,N,Y,Y,N,Y,Y,N,N,Y,Y,Y,N,Y,Y,N,N,N,14.556,[6N 22N 26N 3N ],14.9307,0.0257
Y,Y,N,N,N,N,N,Y,N,N,Y,N,N,Y,N,N,N,N,N,N,N,Y,N,Y,Y,Y,N,Y,Y,N,N,Y,Y,N,Y,N,N,N,Y,14.179,[6N 22Y 29Y ],13.8765,0.0213
Y,N,N,N,N,N,N,Y,N,N,Y,N,N,Y,N,N,Y,N,Y,N,N,N,N,Y,Y,Y,N,Y,Y,N,N,Y,Y,N,Y,Y,N,N,N,14.332,[6N 22N 26Y 10N ],13.6667,0.0464
Y,N,N,N,N,N,N,Y,Y,N,Y,N,N,Y,N,N,N,N,N,N,N,Y,N,Y,Y,N,Y,Y,Y,N,N,Y,Y,N,Y,N,N,Y,N,14.658,[6N 22Y 29Y ],13.8765,0.0533
Y,N,Y,Y,N,N,N,Y,Y,N,Y,N,N,Y,N,N,N,N,N,N,N,N,N,Y,Y,Y,N,Y,Y,N,N,Y,Y,N,Y,Y,N,N,N,13.727,[6N 22N 26Y 10N ],13.6667,0.0044
Y,N,N,N,N,N,N,Y,N,Y,Y,N,Y,Y,N,N,N,N,N,Y,N,N,N,Y,Y,Y,N,Y,Y,N,N,Y,Y,N,Y,Y,N,N,N,14.988,[6N 22N 26Y 10Y ],14.5610,0.0285
Y,N,N,N,N,N,N,Y,N,N,Y,N,N,Y,N,N,N,N,N,Y,N,Y,N,Y,Y,Y,N,Y,N,Y,N,Y,Y,N,Y,Y,N,N,N,13.552,[6N 22Y 29N ],13.7242,0.0127
Y,N,N,N,N,N,N,Y,N,N,Y,N,N,Y,N,N,N,N,Y,N,N,N,N,Y,Y,Y,N,Y,N,N,Y,Y,Y,N,Y,N,N,Y,N,13.344,[6N 22N 26Y 10N ],13.6667,0.0242
Y,N,N,N,N,N,N,Y,N,Y,Y,N,N,Y,N,N,N,N,Y,N,N,N,N,Y,Y,Y,N,Y,Y,N,N,Y,Y,N,Y,N,N,Y,N,13.232,[6N 22N 26Y 10Y ],14.5610,0.1004
Y,N,Y,Y,N,N,N,Y,N,N,Y,N,N,Y,N,N,N,N,Y,N,N,N,Y,Y,Y,Y,N,Y,Y,N,N,Y,Y,N,Y,Y,N,N,N,14.402,[6N 22N 26Y 10N ],13.6667,0.0511
Y,N,Y,N,N,N,Y,Y,N,N,Y,N,N,Y,Y,N,N,N,N,N,N,N,N,Y,Y,Y,N,Y,N,N,Y,Y,Y,N,Y,N,N,Y,N,13.370,[6N 22N 26Y 10N ],13.6667,0.0222
Y,N,Y,N,N,N,Y,Y,N,N,Y,N,Y,Y,N,Y,N,N,N,N,N,N,N,Y,Y,Y,N,Y,Y,N,N,Y,Y,N,Y,Y,N,N,N,15.912,[6N 22N 26Y 10N ],13.6667,0.1411
Y,N,N,N,N,N,N,Y,N,Y,Y,N,N,Y,N,N,N,N,N,N,N,N,N,Y,Y,N,Y,Y,Y,N,N,Y,N,Y,Y,N,Y,N,N,15.159,[6N 22N 26N 3N ],14.9307,0.0151
Y,N,Y,N,N,Y,N,Y,N,N,Y,N,N,Y,N,N,N,N,N,Y,N,N,N,Y,Y,Y,N,Y,Y,N,N,Y,Y,N,Y,N,N,Y,N,15.965,[6Y ],15.0588,0.0568
Y,Y,N,N,N,N,N,Y,N,N,Y,N,N,Y,N,Y,N,N,N,N,N,N,N,Y,Y,N,Y,Y,Y,N,N,Y,Y,N,Y,N,N,N,Y,14.308,[6N 22N 26N 3N ],14.9307,0.0435
Y,N,Y,N,Y,N,N,Y,N,N,Y,N,Y,Y,N,Y,N,N,N,N,N,N,N,Y,Y,N,Y,Y,Y,N,N,Y,Y,N,Y,Y,N,N,N,15.093,[6N 22N 26N 3Y ],14.3777,0.0474
Y,N,N,N,N,N,N,Y,Y,N,Y,N,N,Y,N,N,N,N,Y,N,N,N,N,Y,Y,Y,N,Y,Y,N,N,Y,Y,N,Y,Y,N,N,N,14.615,[6N 22N 26Y 10N ],13.6667,0.0649
Y,Y,N,N,N,N,N,Y,N,N,Y,N,N,Y,N,N,N,N,N,Y,N,N,Y,Y,Y,N,Y,Y,Y,N,N,Y,Y,N,Y,Y,N,N,N,14.802,[6N 22N 26N 3N ],14.9307,0.0087
Y,N,Y,N,N,Y,N,Y,Y,N,Y,N,N,Y,N,N,N,N,N,N,N,N,N,Y,Y,N,Y,Y,Y,N,N,Y,N,Y,Y,Y,N,N,N,14.926,[6Y ],15.0588,0.0089
Y,N,Y,N,Y,N,N,Y,N,N,Y,N,N,Y,N,N,N,N,N,N,N,N,N,Y,Y,N,Y,Y,Y,N,N,Y,N,Y,Y,Y,N,N,N,14.536,[6N 22N 26N 3Y ],14.3777,0.0109
Y,N,Y,Y,N,N,N,Y,N,N,Y,N,N,Y,N,N,N,N,Y,N,N,N,N,Y,Y,Y,N,Y,Y,N,N,Y,N,Y,Y,Y,N,N,N,13.963,[6N 22N 26Y 10N ],13.6667,0.0212
Y,Y,Y,N,N,N,Y,Y,Y,Y,Y,Y,Y,Y,Y,N,Y,Y,Y,Y,Y,Y,Y,Y,Y,Y,N,Y,N,N,Y,Y,N,Y,Y,Y,N,N,N,14.676,[6N 22Y 29N ],13.7242,0.0649
Y,Y,Y,N,Y,N,N,Y,Y,Y,Y,Y,Y,Y,Y,Y,N,Y,Y,Y,Y,Y,Y,Y,Y,N,Y,Y,N,Y,N,Y,Y,N,Y,N,N,Y,N,14.415,[6N 22Y 29N ],13.7242,0.0479
Y,N,N,N,N,N,N,Y,Y,N,Y,N,N,Y,N,Y,N,N,N,N,Y,N,N,Y,Y,Y,N,Y,Y,N,N,Y,Y,N,Y,Y,N,N,N,14.717,[6N 22N 26Y 10N ],13.6667,0.0714
Y,Y,N,N,N,N,N,Y,N,N,Y,N,N,Y,N,N,N,N,N,N,N,N,N,Y,Y,N,Y,Y,Y,N,N,Y,Y,N,Y,N,Y,N,N,13.731,[6N 22N 26N 3N ],14.9307,0.0874
Y,N,N,N,N,N,N,Y,N,N,Y,N,N,Y,N,N,N,Y,N,N,N,N,N,Y,Y,Y,N,Y,N,N,Y,Y,Y,N,Y,N,Y,N,N,14.088,[6N 22N 26Y 10N ],13.6667,0.0299
Y,N,Y,N,N,N,Y,Y,N,N,Y,N,N,Y,N,N,N,N,N,N,Y,N,N,Y,Y,Y,N,Y,Y,N,N,Y,Y,N,Y,Y,N,N,N,13.711,[6N 22N 26Y 10N ],13.6667,0.0032
Y,N,N,N,N,N,N,Y,N,N,Y,N,N,Y,N,N,N,N,N,N,Y,N,N,Y,Y,Y,N,Y,N,Y,N,Y,Y,N,Y,N,Y,N,N,13.243,[6N 22N 26Y 10N ],13.6667,0.0320
Y,N,N,N,N,N,N,Y,N,N,Y,N,N,Y,Y,N,N,N,N,N,N,N,N,Y,Y,Y,N,Y,N,Y,N,Y,Y,N,Y,N,Y,N,N,13.087,[6N 22N 26Y 10N ],13.6667,0.0443
Y,N,Y,N,N,N,Y,Y,N,N,Y,N,N,Y,N,N,Y,N,N,N,N,N,N,Y,Y,Y,N,Y,Y,N,N,Y,Y,N,Y,Y,N,N,N,14.449,[6N 22N 26Y 10N ],13.6667,0.0541
Y,Y,N,N,N,N,N,Y,Y,Y,Y,Y,Y,Y,Y,Y,Y,Y,Y,Y,Y,Y,Y,Y,Y,N,Y,Y,Y,N,N,Y,N,Y,Y,N,N,Y,N,14.569,[6N 22Y 29Y ],13.8765,0.0475
Y,Y,Y,Y,N,N,N,Y,Y,Y,Y,N,Y,Y,Y,Y,Y,Y,Y,Y,Y,Y,Y,Y,Y,Y,N,Y,N,N,Y,Y,Y,N,Y,Y,N,N,N,13.209,[6N 22Y 29N ],13.7242,0.0390
Y,N,N,N,N,N,N,Y,N,N,Y,Y,N,Y,N,N,N,Y,N,N,N,N,N,Y,Y,Y,N,Y,Y,N,N,Y,Y,N,Y,Y,N,N,N,14.424,[6N 22N 26Y 10N ],13.6667,0.0525
Y,N,Y,Y,N,N,N,Y,N,N,Y,N,Y,Y,N,N,N,N,N,Y,N,N,N,Y,Y,Y,N,Y,Y,N,N,Y,Y,N,Y,Y,N,N,N,13.868,[6N 22N 26Y 10N ],13.6667,0.0145
Y,N,Y,N,Y,N,N,Y,N,N,Y,N,N,Y,N,N,N,N,Y,Y,N,N,N,Y,Y,N,Y,Y,Y,N,N,Y,Y,N,Y,Y,N,N,N,14.209,[6N 22N 26N 3Y ],14.3777,0.0119
Y,N,N,N,N,N,N,Y,N,N,Y,N,N,Y,N,N,N,N,Y,N,Y,N,N,Y,Y,N,Y,Y,N,Y,N,Y,Y,N,Y,Y,N,N,N,15.262,[6N 22N 26N 3N ],14.9307,0.0217
Y,N,Y,N,Y,N,N,Y,N,N,Y,N,N,Y,N,N,N,Y,N,N,Y,N,N,Y,Y,Y,N,Y,Y,N,N,Y,Y,N,Y,Y,N,N,N,16.088,[6N 22N 26Y 10N ],13.6667,0.1505
Y,N,N,N,N,N,N,Y,N,N,Y,N,N,Y,N,Y,N,N,N,N,N,N,Y,Y,Y,N,Y,Y,Y,N,N,Y,N,Y,Y,Y,N,N,N,15.868,[6N 22N 26N 3N ],14.9307,0.0591
Y,Y,Y,Y,N,N,N,Y,N,N,Y,N,Y,Y,N,N,N,N,N,N,N,N,N,Y,Y,Y,N,Y,Y,N,N,Y,Y,N,Y,Y,N,N,N,13.516,[6N 22N 26Y 10N ],13.6667,0.0111
Y,Y,Y,Y,N,N,N,Y,N,N,Y,N,N,Y,N,Y,N,N,N,N,N,N,N,Y,Y,Y,N,Y,Y,N,N,Y,Y,N,Y,Y,N,N,N,14.088,[6N 22N 26Y 10N ],13.6667,0.0299
Y,Y,Y,N,N,Y,N,Y,Y,Y,Y,N,Y,Y,Y,Y,Y,Y,Y,Y,Y,Y,Y,Y,Y,Y,N,Y,Y,N,N,Y,N,Y,Y,N,N,N,Y,14.460,[6Y ],15.0588,0.0414
Y,N,N,N,N,N,N,Y,Y,N,Y,N,N,Y,N,N,N,Y,N,N,N,N,N,Y,Y,N,Y,Y,Y,N,N,Y,Y,N,Y,N,N,N,Y,14.765,[6N 22N 26N 3N ],14.9307,0.0112
Y,N,N,N,N,N,N,Y,N,N,Y,N,N,Y,N,Y,N,N,Y,N,N,N,N,Y,Y,Y,N,Y,N,N,Y,Y,Y,N,Y,Y,N,N,N,14.342,[6N 22N 26Y 10N ],13.6667,0.0471
Y,Y,N,N,N,N,N,Y,N,N,Y,N,N,Y,N,N,N,N,N,Y,N,N,N,Y,Y,Y,N,Y,N,Y,N,Y,Y,N,Y,Y,N,N,N,14.788,[6N 22N 26Y 10N ],13.6667,0.0758
Y,N,Y,N,N,N,Y,Y,N,Y,Y,N,N,Y,N,N,N,N,N,N,N,N,N,Y,Y,Y,N,Y,Y,N,N,Y,Y,N,Y,N,N,Y,N,16.106,[6N 22N 26Y 10Y ],14.5610,0.0959
Y,Y,Y,N,N,N,Y,Y,N,N,Y,N,N,Y,N,N,N,N,N,N,Y,N,N,Y,Y,Y,N,Y,Y,N,N,Y,Y,N,Y,Y,N,N,N,16.384,[6N 22N 26Y 10N ],13.6667,0.1659
Y,N,N,N,N,N,N,Y,N,Y,Y,N,N,Y,N,Y,N,N,Y,N,N,N,N,Y,Y,N,Y,Y,Y,N,N,Y,Y,N,Y,Y,N,N,N,14.922,[6N 22N 26N 3N ],14.9307,0.0006
Y,N,N,N,N,N,N,Y,N,N,Y,N,Y,Y,N,N,N,N,N,N,N,N,N,Y,Y,Y,N,Y,N,N,Y,Y,Y,N,Y,N,N,N,Y,13.452,[6N 22N 26Y 10N ],13.6667,0.0160
Y,N,N,N,N,N,N,Y,N,N,Y,N,N,Y,N,N,Y,N,N,N,N,N,N,Y,Y,Y,N,Y,Y,N,N,Y,N,Y,Y,N,Y,N,N,13.754,[6N 22N 26Y 10N ],13.6667,0.0063
Y,N,Y,Y,N,N,N,Y,Y,Y,Y,Y,Y,Y,Y,Y,Y,Y,Y,Y,Y,Y,Y,Y,Y,Y,N,Y,N,N,Y,Y,Y,N,Y,Y,N,N,N,14.590,[6N 22Y 29N ],13.7242,0.0593
Y,N,N,N,N,N,N,Y,N,N,Y,N,N,Y,Y,Y,N,N,N,N,N,N,N,Y,Y,N,Y,Y,Y,N,N,Y,N,Y,Y,Y,N,N,N,15.119,[6N 22N 26N 3N ],14.9307,0.0125
Y,N,N,N,N,N,N,Y,N,N,Y,Y,N,Y,N,N,Y,N,N,N,N,N,N,Y,Y,Y,N,Y,Y,N,N,Y,Y,N,Y,N,Y,N,N,14.009,[6N 22N 26Y 10N ],13.6667,0.0244
Y,N,N,N,N,N,N,Y,N,N,Y,N,N,Y,Y,N,N,N,N,N,Y,N,N,Y,Y,N,Y,Y,Y,N,N,Y,N,Y,Y,Y,N,N,N,15.176,[6N 22N 26N 3N ],14.9307,0.0162
Y,Y,N,N,N,N,N,Y,N,N,Y,N,N,Y,N,N,N,N,N,N,N,N,N,Y,Y,N,Y,Y,N,Y,N,Y,Y,N,Y,N,Y,N,N,14.393,[6N 22N 26N 3N ],14.9307,0.0374
Y,N,Y,Y,N,N,N,Y,N,N,Y,N,N,Y,N,Y,N,N,N,N,Y,N,N,Y,Y,Y,N,Y,Y,N,N,Y,Y,N,Y,Y,N,N,N,14.328,[6N 22N 26Y 10N ],13.6667,0.0462
Y,N,N,N,N,N,N,Y,N,Y,Y,N,N,Y,N,N,N,N,N,N,N,N,N,Y,Y,Y,N,Y,Y,N,N,Y,N,Y,Y,Y,N,N,N,14.338,[6N 22N 26Y 10Y ],14.5610,0.0156
Y,N,N,N,N,N,N,Y,N,N,Y,N,N,Y,N,N,Y,N,N,N,N,N,Y,Y,Y,Y,N,Y,Y,N,N,Y,N,Y,Y,Y,N,N,N,13.861,[6N 22N 26Y 10N ],13.6667,0.0140
Y,N,N,N,N,N,N,Y,N,N,Y,N,N,Y,N,N,N,N,Y,Y,N,N,N,Y,Y,N,Y,Y,Y,N,N,Y,N,Y,Y,Y,N,N,N,14.874,[6N 22N 26N 3N ],14.9307,0.0038
Y,N,Y,N,Y,N,N,Y,N,N,Y,N,N,Y,N,N,Y,N,N,N,N,N,N,Y,Y,N,Y,Y,Y,N,N,Y,Y,N,Y,N,N,N,Y,13.496,[6N 22N 26N 3Y ],14.3777,0.0653
Y,N,Y,Y,N,N,N,Y,N,N,Y,N,N,Y,N,Y,N,N,N,N,N,N,N,Y,Y,Y,N,Y,N,Y,N,Y,Y,N,Y,Y,N,N,N,13.019,[6N 22N 26Y 10N ],13.6667,0.0497
Y,N,N,N,N,N,N,Y,N,Y,Y,N,N,Y,N,N,N,Y,N,Y,N,N,N,Y,Y,N,Y,Y,Y,N,N,Y,Y,N,Y,Y,N,N,N,14.591,[6N 22N 26N 3N ],14.9307,0.0233
Y,N,N,N,N,N,N,Y,N,N,Y,N,N,Y,N,N,N,N,Y,N,N,N,Y,Y,Y,Y,N,Y,N,N,Y,Y,Y,N,Y,Y,N,N,N,14.653,[6N 22N 26Y 10N ],13.6667,0.0673
Y,N,Y,N,N,Y,N,Y,N,N,Y,N,N,Y,N,N,Y,N,N,N,N,N,N,Y,Y,Y,N,Y,Y,N,N,Y,Y,N,Y,N,N,Y,N,15.675,[6Y ],15.0588,0.0393
Y,Y,N,N,N,N,N,Y,N,N,Y,N,N,Y,N,N,Y,N,N,N,N,Y,N,Y,Y,Y,N,Y,Y,N,N,Y,Y,N,Y,Y,N,N,N,14.587,[6N 22Y 29Y ],13.8765,0.0487
Y,N,N,N,N,N,N,Y,N,Y,Y,N,N,Y,N,N,N,N,N,N,N,N,N,Y,Y,N,Y,Y,Y,N,N,Y,Y,N,Y,N,N,Y,N,13.639,[6N 22N 26N 3N ],14.9307,0.0947
Y,Y,Y,Y,N,N,N,Y,N,N,Y,N,N,Y,N,N,N,N,N,N,N,N,N,Y,Y,Y,N,Y,Y,N,N,Y,Y,N,Y,Y,N,N,N,14.597,[6N 22N 26Y 10N ],13.6667,0.0637
Y,N,N,N,N,N,N,Y,Y,N,Y,N,N,Y,N,N,N,N,N,N,N,N,Y,Y,Y,N,Y,Y,Y,N,N,Y,Y,N,Y,Y,N,N,N,13.754,[6N 22N 26N 3N ],14.9307,0.0856
Y,N,N,N,N,N,N,Y,N,N,Y,N,N,Y,N,N,N,N,Y,Y,N,N,N,Y,Y,Y,N,Y,N,N,Y,Y,Y,N,Y,Y,N,N,N,13.654,[6N 22N 26Y 10N ],13.6667,0.0009
Y,Y,Y,N,N,Y,N,Y,N,Y,Y,Y,Y,Y,Y,Y,Y,Y,Y,Y,Y,Y,Y,Y,Y,N,Y,Y,Y,N,N,Y,N,Y,Y,N,Y,N,N,14.260,[6Y ],15.0588,0.0560
Y,N,Y,N,N,Y,N,Y,N,N,Y,N,N,Y,N,Y,N,N,N,N,N,N,N,Y,Y,N,Y,Y,Y,N,N,Y,Y,N,Y,N,N,N,Y,14.344,[6Y ],15.0588,0.0498
Y,N,N,N,N,N,N,Y,Y,N,Y,N,N,Y,N,N,N,N,N,N,N,N,N,Y,Y,Y,N,Y,N,N,Y,Y,Y,N,Y,N,N,Y,N,13.614,[6N 22N 26Y 10N ],13.6667,0.0039
Y,N,Y,Y,N,N,N,Y,N,N,Y,N,N,Y,N,N,Y,N,N,N,N,N,N,Y,Y,Y,N,Y,Y,N,N,Y,Y,N,Y,N,N,Y,N,13.411,[6N 22N 26Y 10N ],13.6667,0.0191
Y,N,N,N,N,N,N,Y,N,N,Y,Y,N,Y,N,N,N,N,N,N,N,Y,N,Y,Y,Y,N,Y,Y,N,N,Y,Y,N,Y,N,Y,N,N,13.680,[6N 22Y 29Y ],13.8765,0.0144
Y,N,N,N,N,N,N,Y,Y,N,Y,N,Y,Y,N,N,N,N,N,Y,N,N,N,Y,Y,Y,N,Y,Y,N,N,Y,Y,N,Y,Y,N,N,N,14.849,[6N 22N 26Y 10N ],13.6667,0.0796
N,N,N,N,N,N,N,N,N,N,N,N,N,N,N,Y,N,N,N,N,N,N,N,N,N,Y,N,N,Y,N,N,N,Y,N,Y,Y,N,N,N,14.281,[6N 22N 26Y 10N ],13.6667,0.0430
Y,N,Y,N,N,Y,N,Y,N,N,Y,N,N,Y,N,N,N,Y,N,N,Y,N,N,Y,Y,Y,N,Y,Y,N,N,Y,Y,N,Y,Y,N,N,N,15.253,[6Y ],15.0588,0.0127
Y,N,Y,N,N,N,Y,Y,N,N,Y,Y,N,Y,N,N,N,N,N,N,N,N,N,Y,Y,N,Y,Y,Y,N,N,Y,Y,N,Y,N,Y,N,N,13.861,[6N 22N 26N 3Y ],14.3777,0.0373
Y,N,Y,N,N,N,Y,Y,N,N,Y,N,N,Y,N,N,Y,N,N,N,N,N,Y,Y,Y,Y,N,Y,Y,N,N,Y,Y,N,Y,Y,N,N,N,15.973,[6N 22N 26Y 10N ],13.6667,0.1444
Y,N,Y,Y,N,N,N,Y,N,N,Y,N,N,Y,N,N,N,N,N,N,N,N,N,Y,Y,Y,N,Y,Y,N,N,Y,N,Y,Y,N,N,Y,N,14.851,[6N 22N 26Y 10N ],13.6667,0.0797
Y,N,N,N,N,N,N,Y,Y,N,Y,N,N,Y,N,N,Y,N,N,N,N,N,N,Y,Y,Y,N,Y,Y,N,N,Y,Y,N,Y,N,Y,N,N,13.442,[6N 22N 26Y 10N ],13.6667,0.0167
Y,N,N,N,N,N,N,Y,N,N,Y,N,N,Y,Y,N,N,N,Y,N,N,Y,N,Y,Y,Y,N,Y,Y,N,N,Y,Y,N,Y,Y,N,N,N,13.670,[6N 22Y 29Y ],13.8765,0.0151
Y,N,N,N,N,N,N,Y,N,N,Y,N,Y,Y,N,N,N,N,N,N,N,Y,N,Y,Y,N,Y,Y,Y,N,N,Y,Y,N,Y,N,Y,N,N,14.401,[6N 22Y 29Y ],13.8765,0.0364
Y,N,N,N,N,N,N,Y,Y,N,Y,N,N,Y,N,Y,N,N,N,N,N,N,N,Y,Y,N,Y,Y,N,Y,N,Y,Y,N,Y,Y,N,N,N,13.172,[6N 22N 26N 3N ],14.9307,0.1335
Y,N,N,N,N,N,N,Y,N,N,Y,N,N,Y,N,N,N,N,Y,N,N,Y,N,Y,Y,N,Y,Y,Y,N,N,Y,Y,N,Y,N,Y,N,N,14.951,[6N 22Y 29Y ],13.8765,0.0719
Y,N,N,N,N,N,N,Y,N,N,Y,N,N,Y,N,N,N,N,N,Y,Y,N,N,Y,Y,Y,N,Y,Y,N,N,Y,Y,N,Y,N,Y,N,N,13.782,[6N 22N 26Y 10N ],13.6667,0.0084
Y,Y,Y,N,Y,N,N,Y,Y,Y,Y,Y,Y,Y,Y,Y,N,Y,Y,Y,Y,Y,Y,Y,Y,Y,N,Y,N,N,Y,Y,Y,N,Y,Y,N,N,N,14.365,[6N 22Y 29N ],13.7242,0.0446
Y,Y,Y,Y,N,N,N,Y,Y,Y,Y,Y,Y,Y,Y,Y,Y,Y,Y,Y,Y,Y,N,Y,Y,Y,N,Y,Y,N,N,Y,N,Y,Y,N,N,N,Y,13.267,[6N 22Y 29Y ],13.8765,0.0459
Y,N,Y,N,N,N,Y,Y,N,N,Y,N,Y,Y,N,N,Y,N,N,N,N,N,N,Y,Y,Y,N,Y,Y,N,N,Y,Y,N,Y,Y,N,N,N,15.818,[6N 22N 26Y 10N ],13.6667,0.1360
Y,N,Y,N,N,Y,N,Y,N,N,Y,N,N,Y,N,N,N,N,N,N,N,N,N,Y,Y,N,Y,Y,Y,N,N,Y,N,Y,Y,N,N,Y,N,15.480,[6Y ],15.0588,0.0272
Y,N,Y,N,Y,N,N,Y,N,Y,Y,N,N,Y,Y,N,N,N,N,N,N,N,N,Y,Y,Y,N,Y,Y,N,N,Y,Y,N,Y,Y,N,N,N,15.718,[6N 22N 26Y 10Y ],14.5610,0.0736
Y,N,N,N,N,N,N,Y,N,N,Y,N,Y,Y,N,N,Y,Y,N,N,N,N,N,Y,Y,Y,N,Y,Y,N,N,Y,Y,N,Y,Y,N,N,N,13.670,[6N 22N 26Y 10N ],13.6667,0.0002
Y,Y,N,N,N,N,N,Y,N,N,Y,N,N,Y,N,N,N,N,N,N,N,N,N,Y,Y,Y,N,Y,N,N,Y,Y,Y,N,Y,N,N,Y,N,13.810,[6N 22N 26Y 10N ],13.6667,0.0104
Y,Y,N,N,N,N,N,Y,N,N,Y,Y,Y,Y,N,N,N,N,N,N,N,N,N,Y,Y,N,Y,Y,Y,N,N,Y,Y,N,Y,Y,N,N,N,15.010,[6N 22N 26N 3N ],14.9307,0.0053
Y,Y,Y,Y,N,N,N,Y,Y,Y,Y,Y,N,Y,Y,Y,Y,Y,Y,Y,Y,Y,Y,Y,Y,Y,N,Y,N,N,Y,Y,Y,N,Y,N,Y,N,N,13.594,[6N 22Y 29N ],13.7242,0.0096
Y,N,N,N,N,N,N,Y,N,N,Y,N,N,Y,N,Y,N,N,N,N,N,N,N,Y,Y,N,Y,Y,N,N,Y,Y,Y,N,Y,Y,N,N,N,13.579,[6N 22N 26N 3N ],14.9307,0.0995
Y,N,N,N,N,N,N,Y,N,Y,Y,N,N,Y,Y,N,N,N,N,N,N,N,N,Y,Y,Y,N,Y,Y,N,N,Y,Y,N,Y,N,N,N,Y,14.201,[6N 22N 26Y 10Y ],14.5610,0.0254
Y,Y,N,N,N,N,N,Y,N,N,Y,N,N,Y,Y,N,N,Y,N,N,N,N,N,Y,Y,N,Y,Y,Y,N,N,Y,Y,N,Y,Y,N,N,N,14.297,[6N 22N 26N 3N ],14.9307,0.0443
Y,N,Y,N,N,N,Y,Y,N,N,Y,N,N,Y,N,N,N,N,N,N,N,N,N,Y,Y,N,Y,Y,N,Y,N,Y,Y,N,Y,N,N,Y,N,15.158,[6N 22N 26N 3Y ],14.3777,0.0515
Y,N,N,N,N,N,N,Y,N,N,Y,N,Y,Y,N,N,Y,N,Y,N,N,N,N,Y,Y,Y,N,Y,Y,N,N,Y,Y,N,Y,Y,N,N,N,13.906,[6N 22N 26Y 10N ],13.6667,0.0172
Y,Y,N,N,N,N,N,Y,N,N,Y,N,N,Y,N,N,Y,N,N,Y,N,N,N,Y,Y,Y,N,Y,Y,N,N,Y,Y,N,Y,Y,N,N,N,15.141,[6N 22N 26Y 10N ],13.6667,0.0974
Y,Y,Y,N,Y,N,N,Y,Y,Y,Y,Y,N,Y,Y,Y,Y,Y,Y,Y,Y,Y,Y,Y,Y,Y,N,Y,N,N,Y,Y,Y,N,Y,N,Y,N,N,12.841,[6N 22Y 29N ],13.7242,0.0688
Y,Y,Y,N,Y,N,N,Y,N,N,Y,N,N,Y,N,N,N,N,N,N,N,N,N,Y,Y,N,Y,Y,N,Y,N,Y,Y,N,Y,Y,N,N,N,13.723,[6N 22N 26N 3Y ],14.3777,0.0477
Y,N,N,N,N,N,N,Y,N,N,Y,N,N,Y,N,Y,N,N,N,Y,N,N,Y,Y,Y,N,Y,Y,Y,N,N,Y,Y,N,Y,Y,N,N,N,14.317,[6N 22N 26N 3N ],14.9307,0.0429
Y,N,N,N,N,N,N,Y,N,N,Y,N,N,Y,N,N,N,N,N,Y,N,N,Y,Y,Y,Y,N,Y,Y,N,N,Y,Y,N,Y,N,N,N,Y,13.021,[6N 22N 26Y 10N ],13.6667,0.0496
Y,N,N,N,N,N,N,Y,N,N,Y,Y,N,Y,N,N,N,N,Y,N,N,N,N,Y,Y,Y,N,Y,Y,N,N,Y,Y,N,Y,N,N,Y,N,13.506,[6N 22N 26Y 10N ],13.6667,0.0119
Y,N,N,N,N,N,N,Y,N,N,Y,Y,N,Y,N,Y,N,N,N,N,N,N,N,Y,Y,Y,N,Y,Y,N,N,Y,N,Y,Y,Y,N,N,N,13.176,[6N 22N 26Y 10N ],13.6667,0.0372
Y,N,N,N,N,N,N,Y,N,Y,Y,N,N,Y,N,N,Y,N,N,N,N,N,N,Y,Y,N,Y,Y,N,Y,N,Y,Y,N,Y,Y,N,N,N,14.113,[6N 22N 26N 3N ],14.9307,0.0579
Y,Y,Y,N,Y,N,N,Y,Y,Y,Y,Y,Y,Y,Y,Y,Y,Y,Y,N,Y,Y,Y,Y,Y,Y,N,Y,Y,N,N,Y,Y,N,Y,N,Y,N,N,14.482,[6N 22Y 29Y ],13.8765,0.0418
Y,N,N,N,N,N,N,Y,Y,N,Y,N,N,Y,N,N,Y,N,N,N,N,N,N,Y,Y,Y,N,Y,Y,N,N,Y,Y,N,Y,N,N,Y,N,13.822,[6N 22N 26Y 10N ],13.6667,0.0112
Y,N,Y,N,N,N,Y,Y,N,N,Y,N,N,Y,N,N,N,N,N,N,N,N,N,Y,Y,N,Y,Y,Y,N,N,Y,Y,N,Y,Y,N,N,N,15.371,[6N 22N 26N 3Y ],14.3777,0.0646
Y,N,N,N,N,N,N,Y,N,N,Y,N,N,Y,N,Y,N,N,N,N,N,N,N,Y,Y,N,Y,Y,N,N,Y,Y,Y,N,Y,N,Y,N,N,14.889,[6N 22N 26N 3N ],14.9307,0.0028
Y,Y,N,N,N,N,N,Y,N,N,Y,N,N,Y,N,N,N,N,N,N,N,N,Y,Y,Y,N,Y,Y,Y,N,N,Y,N,Y,Y,Y,N,N,N,15.460,[6N 22N 26N 3N ],14.9307,0.0342
Y,N,N,N,N,N,N,Y,N,N,Y,N,Y,Y,N,N,N,N,N,N,Y,N,N,Y,Y,Y,N,Y,N,N,Y,Y,Y,N,Y,Y,N,N,N,14.371,[6N 22N 26Y 10N ],13.6667,0.0490
Y,N,N,N,N,N,N,Y,N,N,Y,Y,Y,Y,N,N,N,N,N,N,N,N,N,Y,Y,N,Y,Y,Y,N,N,Y,Y,N,Y,N,Y,N,N,15.720,[6N 22N 26N 3N ],14.9307,0.0502
Y,N,Y,Y,N,N,N,Y,N,N,Y,N,N,Y,Y,N,N,Y,N,N,N,N,N,Y,Y,N,Y,Y,Y,N,N,Y,Y,N,Y,Y,N,N,N,15.331,[6N 22N 26N 3Y ],14.3777,0.0622
Y,N,N,N,N,N,N,Y,N,N,Y,N,N,Y,N,N,N,N,N,Y,N,N,Y,Y,Y,Y,N,Y,Y,N,N,Y,Y,N,Y,N,Y,N,N,14.192,[6N 22N 26Y 10N ],13.6667,0.0370
Y,N,Y,N,N,N,Y,Y,N,N,Y,Y,N,Y,N,N,N,N,N,N,N,N,N,Y,Y,N,Y,Y,N,N,Y,Y,Y,N,Y,N,N,Y,N,13.554,[6N 22N 26N 3Y ],14.3777,0.0608
Y,Y,Y,Y,N,N,N,Y,Y,Y,Y,Y,Y,Y,Y,Y,Y,Y,Y,Y,Y,N,Y,Y,Y,Y,N,Y,N,N,Y,Y,Y,N,Y,Y,N,N,N,13.782,[6N 22N 26Y 10Y ],14.5610,0.0565
Y,N,Y,N,Y,N,N,Y,N,N,Y,Y,N,Y,N,N,N,N,N,N,N,N,N,Y,Y,N,Y,Y,Y,N,N,Y,N,Y,Y,Y,N,N,N,14.537,[6N 22N 26N 3Y ],14.3777,0.0110
Y,Y,N,N,N,N,N,Y,Y,N,Y,N,N,Y,N,N,N,Y,N,N,N,N,N,Y,Y,N,Y,Y,Y,N,N,Y,Y,N,Y,Y,N,N,N,15.054,[6N 22N 26N 3N ],14.9307,0.0082
Y,N,N,N,N,N,N,Y,N,N,Y,Y,N,Y,Y,N,N,N,N,N,N,N,N,Y,Y,N,Y,Y,Y,N,N,Y,Y,N,Y,N,N,Y,N,14.707,[6N 22N 26N 3N ],14.9307,0.0152
Y,N,N,N,N,N,N,Y,N,N,Y,N,N,Y,Y,N,N,N,N,N,N,Y,N,Y,Y,N,Y,Y,Y,N,N,Y,N,Y,Y,Y,N,N,N,15.325,[6N 22Y 29Y ],13.8765,0.0945
Y,N,N,N,N,N,N,Y,Y,N,Y,N,N,Y,N,N,N,N,Y,N,N,N,N,Y,Y,Y,N,Y,N,N,Y,Y,Y,N,Y,Y,N,N,N,13.206,[6N 22N 26Y 10N ],13.6667,0.0349
Y,Y,Y,N,N,N,Y,Y,Y,Y,Y,Y,Y,Y,Y,Y,N,Y,Y,Y,Y,Y,Y,Y,Y,N,Y,Y,N,Y,N,Y,N,Y,Y,N,N,N,Y,14.440,[6N 22Y 29N ],13.7242,0.0496
Y,N,N,N,N,N,N,Y,N,N,Y,N,Y,Y,N,N,N,N,Y,N,N,N,N,Y,Y,Y,N,Y,Y,N,N,Y,Y,N,Y,Y,N,N,N,14.755,[6N 22N 26Y 10N ],13.6667,0.0738
Y,N,N,N,N,N,N,Y,Y,N,Y,N,N,Y,N,N,N,N,N,N,N,N,N,Y,Y,N,Y,Y,N,Y,N,Y,Y,N,Y,Y,N,N,N,13.389,[6N 22N 26N 3N ],14.9307,0.1151
Y,Y,N,N,N,N,N,Y,Y,N,Y,N,N,Y,N,N,N,N,N,N,N,N,N,Y,Y,N,Y,Y,Y,N,N,Y,Y,N,Y,Y,N,N,N,13.426,[6N 22N 26N 3N ],14.9307,0.1121
Y,N,Y,Y,N,N,N,Y,N,N,Y,Y,N,Y,N,N,N,N,N,N,N,N,N,Y,Y,Y,N,Y,Y,N,N,Y,Y,N,Y,N,N,Y,N,13.676,[6N 22N 26Y 10N ],13.6667,0.0007
Y,Y,Y,N,N,Y,N,Y,Y,Y,Y,Y,Y,Y,Y,Y,Y,Y,Y,Y,N,Y,Y,Y,Y,Y,N,Y,N,N,Y,Y,Y,N,Y,Y,N,N,N,14.835,[6Y ],15.0588,0.0151
Y,N,N,N,N,N,N,Y,N,N,Y,N,N,Y,N,Y,N,N,N,N,Y,N,N,Y,Y,Y,N,Y,Y,N,N,Y,Y,N,Y,N,N,N,Y,14.069,[6N 22N 26Y 10N ],13.6667,0.0286
Y,N,Y,Y,N,N,N,Y,Y,N,Y,N,N,Y,N,N,N,N,N,N,N,Y,N,Y,Y,N,Y,Y,Y,N,N,Y,Y,N,Y,Y,N,N,N,13.404,[6N 22Y 29Y ],13.8765,0.0353
Y,N,N,N,N,N,N,Y,Y,N,Y,N,N,Y,Y,N,N,N,N,N,N,N,N,Y,Y,N,Y,Y,Y,N,N,Y,N,Y,Y,Y,N,N,N,15.360,[6N 22N 26N 3N ],14.9307,0.0280
Y,N,Y,N,N,Y,N,Y,N,N,Y,N,N,Y,N,N,Y,N,N,N,N,N,N,Y,Y,Y,N,Y,Y,N,N,Y,Y,N,Y,N,N,N,Y,16.071,[6Y ],15.0588,0.0630
Y,N,N,N,N,N,N,Y,Y,N,Y,N,N,Y,N,N,N,N,N,N,N,Y,N,Y,Y,Y,N,Y,N,Y,N,Y,Y,N,Y,Y,N,N,N,14.625,[6N 22Y 29N ],13.7242,0.0616
Y,N,N,N,N,N,N,Y,Y,Y,Y,N,N,Y,N,N,N,N,N,N,N,N,N,Y,Y,N,Y,Y,N,Y,N,Y,Y,N,Y,Y,N,N,N,14.361,[6N 22N 26N 3N ],14.9307,0.0397
Y,N,N,N,N,N,N,Y,Y,N,Y,N,N,Y,N,N,N,N,N,N,N,N,N,Y,Y,N,Y,Y,N,Y,N,Y,N,Y,Y,Y,N,N,N,14.640,[6N 22N 26N 3N ],14.9307,0.0199
Y,N,Y,N,N,Y,N,Y,N,Y,Y,N,N,Y,N,N,N,N,N,Y,N,N,N,Y,Y,N,Y,Y,Y,N,N,Y,Y,N,Y,Y,N,N,N,14.912,[6Y ],15.0588,0.0098
Y,N,Y,Y,N,N,N,Y,N,N,Y,N,N,Y,N,Y,N,N,N,N,N,N,N,Y,Y,N,Y,Y,N,Y,N,Y,Y,N,Y,Y,N,N,N,13.041,[6N 22N 26N 3Y ],14.3777,0.1025
Y,Y,N,N,N,N,N,Y,N,N,Y,N,Y,Y,N,N,N,N,N,Y,N,N,N,Y,Y,N,Y,Y,Y,N,N,Y,Y,N,Y,Y,N,N,N,14.779,[6N 22N 26N 3N ],14.9307,0.0103
Y,N,Y,N,N,N,Y,Y,N,N,Y,N,N,Y,N,Y,N,N,N,N,N,N,N,Y,Y,N,Y,Y,Y,N,N,Y,Y,N,Y,N,N,N,Y,14.389,[6N 22N 26N 3Y ],14.3777,0.0008
Y,N,N,N,N,N,N,Y,N,N,Y,N,N,Y,N,N,N,Y,N,Y,N,N,N,Y,Y,Y,N,Y,Y,N,N,Y,Y,N,Y,Y,N,N,N,14.121,[6N 22N 26Y 10N ],13.6667,0.0322
Y,N,Y,N,N,N,Y,Y,N,N,Y,N,N,Y,N,N,N,N,N,N,N,N,N,Y,Y,Y,N,Y,N,Y,N,Y,N,Y,Y,Y,N,N,N,14.773,[6N 22N 26Y 10N ],13.6667,0.0749
Y,N,N,N,N,N,N,Y,N,N,Y,N,N,Y,N,N,N,N,Y,N,N,N,Y,Y,Y,N,Y,Y,N,Y,N,Y,Y,N,Y,Y,N,N,N,15.290,[6N 22N 26N 3N ],14.9307,0.0235
Y,N,N,N,N,N,N,Y,N,N,Y,N,Y,Y,N,N,N,N,Y,N,N,N,N,Y,Y,Y,N,Y,N,Y,N,Y,Y,N,Y,Y,N,N,N,14.192,[6N 22N 26Y 10N ],13.6667,0.0370
Y,N,N,N,N,N,N,Y,N,N,Y,N,N,Y,Y,Y,N,N,N,Y,N,N,N,Y,Y,Y,N,Y,Y,N,N,Y,Y,N,Y,Y,N,N,N,13.499,[6N 22N 26Y 10N ],13.6667,0.0124
Y,N,N,N,N,N,N,Y,N,N,Y,Y,N,Y,N,N,Y,N,N,N,N,Y,N,Y,Y,Y,N,Y,Y,N,N,Y,Y,N,Y,Y,N,N,N,14.496,[6N 22Y 29Y ],13.8765,0.0427
Y,N,N,N,N,N,N,Y,N,N,Y,N,Y,Y,N,N,N,N,N,N,Y,N,N,Y,Y,N,Y,Y,Y,N,N,Y,Y,N,Y,N,Y,N,N,14.706,[6N 22N 26N 3N ],14.9307,0.0153
Y,N,Y,N,N,Y,N,Y,N,N,Y,N,N,Y,Y,N,N,N,N,N,N,N,Y,Y,Y,Y,N,Y,Y,N,N,Y,Y,N,Y,Y,N,N,N,14.697,[6Y ],15.0588,0.0246
Y,N,N,N,N,N,N,Y,N,N,Y,N,N,Y,N,N,N,N,N,N,N,Y,Y,Y,Y,N,Y,Y,Y,N,N,Y,Y,N,Y,Y,N,N,N,14.048,[6N 22Y 29Y ],13.8765,0.0122
Y,N,Y,Y,N,N,N,Y,N,N,Y,N,N,Y,N,N,N,N,N,N,N,Y,N,Y,Y,Y,N,Y,N,Y,N,Y,Y,N,Y,Y,N,N,N,13.801,[6N 22Y 29N ],13.7242,0.0056
Y,Y,Y,N,Y,N,N,Y,Y,Y,Y,Y,Y,Y,Y,Y,Y,Y,Y,Y,N,Y,Y,Y,Y,Y,N,Y,Y,N,N,Y,N,Y,Y,N,N,N,Y,13.323,[6N 22Y 29Y ],13.8765,0.0415
Y,N,Y,N,N,Y,N,Y,N,N,Y,N,N,Y,Y,N,N,N,N,N,N,N,N,Y,Y,N,Y,Y,N,Y,N,Y,Y,N,Y,Y,N,N,N,15.305,[6Y ],15.0588,0.0161
Y,N,N,N,N,N,N,Y,N,N,Y,N,N,Y,N,N,N,N,Y,Y,N,N,N,Y,Y,N,Y,Y,N,N,Y,Y,Y,N,Y,Y,N,N,N,14.889,[6N 22N 26N 3N ],14.9307,0.0028
Y,N,Y,N,N,Y,N,Y,N,N,Y,N,N,Y,N,N,N,N,N,N,N,N,N,Y,Y,N,Y,Y,N,N,Y,Y,Y,N,Y,N,N,N,Y,15.121,[6Y ],15.0588,0.0041
Y,Y,N,N,N,N,N,Y,N,N,Y,N,N,Y,N,N,N,N,N,N,Y,N,N,Y,Y,N,Y,Y,Y,N,N,Y,Y,N,Y,N,N,Y,N,15.120,[6N 22N 26N 3N ],14.9307,0.0125
Y,N,Y,N,N,Y,N,Y,Y,N,Y,N,Y,Y,N,N,N,N,N,N,N,N,N,Y,Y,Y,N,Y,Y,N,N,Y,Y,N,Y,Y,N,N,N,15.760,[6Y ],15.0588,0.0445
Y,N,Y,N,N,Y,N,Y,Y,Y,Y,N,N,Y,N,N,N,N,N,N,N,N,N,Y,Y,Y,N,Y,Y,N,N,Y,Y,N,Y,Y,N,N,N,15.790,[6Y ],15.0588,0.0463
Y,N,N,N,N,N,N,Y,Y,N,Y,N,N,Y,Y,N,N,N,N,N,N,N,N,Y,Y,N,Y,Y,Y,N,N,Y,Y,N,Y,N,Y,N,N,14.676,[6N 22N 26N 3N ],14.9307,0.0174
Y,N,N,N,N,N,N,Y,N,N,Y,Y,N,Y,N,N,N,N,N,N,N,Y,N,Y,Y,N,Y,Y,Y,N,N,Y,Y,N,Y,N,N,Y,N,13.787,[6N 22Y 29Y ],13.8765,0.0065
Y,N,N,N,N,N,N,Y,N,N,Y,N,N,Y,N,N,Y,N,N,N,N,N,N,Y,Y,N,Y,Y,N,N,Y,Y,Y,N,Y,N,N,N,Y,14.975,[6N 22N 26N 3N ],14.9307,0.0030
Y,N,Y,N,N,Y,N,Y,N,N,Y,N,N,Y,N,N,N,N,N,N,N,N,N,Y,Y,N,Y,Y,N,N,Y,Y,Y,N,Y,N,N,Y,N,14.985,[6Y ],15.0588,0.0049
Y,Y,Y,N,Y,N,N,Y,N,Y,Y,N,N,Y,N,N,N,N,N,N,N,N,N,Y,Y,Y,N,Y,Y,N,N,Y,Y,N,Y,Y,N,N,N,15.579,[6N 22N 26Y 10Y ],14.5610,0.0653
Y,N,N,N,N,N,N,Y,Y,N,Y,N,N,Y,N,N,N,N,N,N,N,N,N,Y,Y,Y,N,Y,N,N,Y,Y,Y,N,Y,N,Y,N,N,14.525,[6N 22N 26Y 10N ],13.6667,0.0591
Y,N,N,N,N,N,N,Y,N,N,Y,N,N,Y,N,N,Y,N,N,N,N,Y,N,Y,Y,N,Y,Y,N,Y,N,Y,Y,N,Y,Y,N,N,N,14.566,[6N 22Y 29N ],13.7242,0.0578
Y,N,Y,Y,N,N,N,Y,N,N,Y,N,Y,Y,N,N,N,N,N,N,N,N,N,Y,Y,Y,N,Y,N,Y,N,Y,Y,N,Y,Y,N,N,N,13.786,[6N 22N 26Y 10N ],13.6667,0.0087
Y,Y,Y,Y,N,N,N,Y,Y,Y,Y,Y,Y,Y,Y,Y,Y,Y,Y,Y,Y,Y,N,Y,Y,Y,N,Y,N,N,Y,Y,Y,N,Y,N,N,Y,N,13.451,[6N 22Y 29N ],13.7242,0.0203
Y,N,N,N,N,N,N,Y,N,N,Y,N,N,Y,N,N,N,Y,N,N,Y,N,N,Y,Y,Y,N,Y,N,N,Y,Y,Y,N,Y,Y,N,N,N,14.543,[6N 22N 26Y 10N ],13.6667,0.0603
Y,N,Y,N,Y,N,N,Y,N,Y,Y,N,N,Y,N,N,N,N,N,N,N,N,N,Y,Y,Y,N,Y,N,N,Y,Y,Y,N,Y,Y,N,N,N,14.777,[6N 22N 26Y 10Y ],14.5610,0.0146
Y,Y,Y,N,Y,N,N,Y,Y,Y,Y,Y,Y,Y,Y,Y,Y,Y,Y,Y,Y,Y,Y,Y,Y,Y,N,Y,N,N,Y,Y,Y,N,Y,N,Y,N,N,15.458,[6N 22Y 29N ],13.7242,0.1122
Y,N,N,N,N,N,N,Y,N,Y,Y,N,Y,Y,N,N,N,N,N,N,N,N,N,Y,Y,Y,N,Y,Y,N,N,Y,Y,N,Y,N,N,N,Y,13.387,[6N 22N 26Y 10Y ],14.5610,0.0877
Y,N,Y,N,Y,N,N,Y,N,N,Y,N,N,Y,N,N,Y,N,N,N,N,N,N,Y,Y,N,Y,Y,N,Y,N,Y,Y,N,Y,Y,N,N,N,14.426,[6N 22N 26N 3Y ],14.3777,0.0034
Y,Y,Y,N,N,Y,N,Y,N,N,Y,N,N,Y,N,N,N,N,N,Y,N,N,N,Y,Y,N,Y,Y,Y,N,N,Y,Y,N,Y,Y,N,N,N,14.334,[6Y ],15.0588,0.0506
Y,N,N,N,N,N,N,Y,Y,N,Y,N,Y,Y,Y,N,N,N,N,N,N,N,N,Y,Y,N,Y,Y,Y,N,N,Y,Y,N,Y,Y,N,N,N,13.795,[6N 22N 26N 3N ],14.9307,0.0823
Y,N,N,N,N,N,N,Y,N,N,Y,N,N,Y,N,N,N,N,N,Y,N,N,N,Y,Y,Y,N,Y,Y,N,N,Y,N,Y,Y,N,N,Y,N,14.105,[6N 22N 26Y 10N ],13.6667,0.0311
Y,N,N,N,N,N,N,Y,N,N,Y,Y,N,Y,N,N,Y,N,N,N,N,N,N,Y,Y,Y,N,Y,N,N,Y,Y,Y,N,Y,Y,N,N,N,14.008,[6N 22N 26Y 10N ],13.6667,0.0244
Y,N,Y,N,N,N,Y,Y,N,N,Y,N,N,Y,N,N,N,N,N,N,Y,N,N,Y,Y,Y,N,Y,N,N,Y,Y,Y,N,Y,Y,N,N,N,15.502,[6N 22N 26Y 10N ],13.6667,0.1184
Y,N,N,N,N,N,N,Y,N,N,Y,N,N,Y,Y,N,N,N,Y,N,N,N,N,Y,Y,N,Y,Y,Y,N,N,Y,Y,N,Y,N,N,Y,N,14.057,[6N 22N 26N 3N ],14.9307,0.0622
Y,N,N,N,N,N,N,Y,N,N,Y,N,N,Y,N,N,N,N,N,N,N,N,N,Y,Y,Y,N,Y,N,Y,N,Y,Y,N,Y,N,Y,N,N,14.203,[6N 22N 26Y 10N ],13.6667,0.0378
Y,N,Y,N,Y,N,N,Y,N,N,Y,N,Y,Y,Y,N,N,N,N,N,N,N,N,Y,Y,Y,N,Y,Y,N,N,Y,Y,N,Y,Y,N,N,N,16.159,[6N 22N 26Y 10N ],13.6667,0.1542
Y,Y,Y,N,Y,N,N,Y,N,N,Y,Y,N,Y,N,N,N,N,N,N,N,N,N,Y,Y,Y,N,Y,Y,N,N,Y,Y,N,Y,Y,N,N,N,16.206,[6N 22N 26Y 10N ],13.6667,0.1567
Y,N,N,N,N,N,N,Y,N,Y,Y,N,N,Y,N,N,N,N,N,N,N,N,N,Y,Y,Y,N,Y,Y,N,N,Y,Y,N,Y,Y,N,N,N,14.149,[6N 22N 26Y 10Y ],14.5610,0.0291
Y,N,N,N,N,N,N,Y,N,N,Y,N,N,Y,N,Y,N,N,N,N,Y,N,N,Y,Y,N,Y,Y,N,N,Y,Y,Y,N,Y,Y,N,N,N,15.436,[6N 22N 26N 3N ],14.9307,0.0327
Y,N,N,N,N,N,N,Y,Y,N,Y,Y,N,Y,N,N,N,N,N,N,N,N,N,Y,Y,Y,N,Y,Y,N,N,Y,N,Y,Y,Y,N,N,N,14.326,[6N 22N 26Y 10N ],13.6667,0.0460
Y,N,N,N,N,N,N,Y,N,N,Y,N,N,Y,N,Y,N,N,N,N,N,N,N,Y,Y,Y,N,Y,N,Y,N,Y,Y,N,Y,N,N,Y,N,13.637,[6N 22N 26Y 10N ],13.6667,0.0022
Y,N,N,N,N,N,N,Y,N,N,Y,N,N,Y,N,N,N,N,N,Y,N,N,N,Y,Y,N,Y,Y,Y,N,N,Y,Y,N,Y,N,N,N,Y,13.381,[6N 22N 26N 3N ],14.9307,0.1158
Y,N,N,N,N,N,N,Y,N,N,Y,N,Y,Y,N,N,N,N,N,N,N,Y,N,Y,Y,Y,N,Y,N,Y,N,Y,Y,N,Y,Y,N,N,N,13.315,[6N 22Y 29N ],13.7242,0.0307
Y,N,Y,N,N,Y,N,Y,N,N,Y,N,N,Y,N,N,N,Y,N,N,N,N,N,Y,Y,N,Y,Y,N,N,Y,Y,Y,N,Y,Y,N,N,N,13.929,[6Y ],15.0588,0.0811
Y,N,N,N,N,N,N,Y,N,Y,Y,N,N,Y,N,N,Y,N,N,N,Y,N,N,Y,Y,N,Y,Y,Y,N,N,Y,Y,N,Y,Y,N,N,N,14.693,[6N 22N 26N 3N ],14.9307,0.0162
Y,N,Y,N,N,Y,N,Y,N,N,Y,Y,N,Y,N,Y,N,N,N,N,N,N,N,Y,Y,N,Y,Y,Y,N,N,Y,Y,N,Y,Y,N,N,N,15.329,[6Y ],15.0588,0.0176
Y,N,N,N,N,N,N,Y,N,N,Y,N,N,Y,N,N,N,N,N,N,N,N,N,Y,Y,N,Y,Y,Y,N,N,Y,Y,N,Y,N,Y,N,N,14.848,[6N 22N 26N 3N ],14.9307,0.0056
Y,N,Y,N,N,Y,N,Y,N,N,Y,N,N,Y,N,N,N,N,N,Y,N,N,N,Y,Y,N,Y,Y,Y,N,N,Y,Y,N,Y,N,N,Y,N,15.364,[6Y ],15.0588,0.0199
Y,N,N,N,N,N,N,Y,N,N,Y,N,N,Y,N,Y,N,N,N,N,N,Y,N,Y,Y,N,Y,Y,Y,N,N,Y,Y,N,Y,N,N,Y,N,15.480,[6N 22Y 29Y ],13.8765,0.1036
Y,N,Y,N,N,N,Y,Y,N,N,Y,N,N,Y,N,Y,N,N,N,N,N,Y,N,Y,Y,Y,N,Y,Y,N,N,Y,Y,N,Y,Y,N,N,N,16.241,[6N 22Y 29Y ],13.8765,0.1456
Y,N,Y,Y,N,N,N,Y,N,N,Y,N,N,Y,N,N,N,N,N,N,N,N,N,Y,Y,N,Y,Y,N,Y,N,Y,Y,N,Y,N,N,Y,N,13.378,[6N 22N 26N 3Y ],14.3777,0.0747
Y,N,Y,N,Y,N,N,Y,N,N,Y,Y,N,Y,N,N,Y,N,N,N,N,N,N,Y,Y,N,Y,Y,Y,N,N,Y,Y,N,Y,Y,N,N,N,15.585,[6N 22N 26N 3Y ],14.3777,0.0775
Y,Y,Y,N,N,Y,N,Y,Y,Y,Y,Y,Y,Y,Y,Y,Y,Y,Y,Y,Y,Y,Y,Y,Y,Y,N,Y,N,N,Y,Y,Y,N,Y,N,N,Y,N,15.098,[6Y ],15.0588,0.0026
Y,N,Y,N,Y,N,N,Y,N,N,Y,N,N,Y,N,N,N,N,N,N,Y,N,N,Y,Y,Y,N,Y,Y,N,N,Y,Y,N,Y,N,Y,N,N,14.824,[6N 22N 26Y 10N ],13.6667,0.0781
Y,Y,Y,N,N,N,Y,Y,Y,Y,Y,Y,Y,Y,Y,Y,Y,N,Y,Y,Y,Y,Y,Y,Y,Y,N,Y,N,N,Y,Y,Y,N,Y,Y,N,N,N,14.602,[6N 22Y 29N ],13.7242,0.0601
Y,N,N,N,N,N,N,Y,N,N,Y,N,Y,Y,N,Y,Y,N,N,N,N,N,N,Y,Y,Y,N,Y,Y,N,N,Y,Y,N,Y,Y,N,N,N,13.417,[6N 22N 26Y 10N ],13.6667,0.0186
Y,Y,Y,N,N,Y,N,Y,N,Y,Y,Y,Y,Y,Y,Y,Y,Y,Y,Y,Y,Y,Y,Y,Y,Y,N,Y,Y,N,N,Y,N,Y,Y,N,N,N,Y,14.626,[6Y ],15.0588,0.0296
Y,Y,N,N,N,N,N,Y,N,N,Y,N,N,Y,N,N,N,N,N,N,N,N,N,Y,Y,Y,N,Y,Y,N,N,Y,N,Y,Y,Y,N,N,N,14.383,[6N 22N 26Y 10N ],13.6667,0.0498
Y,Y,Y,N,N,N,Y,Y,Y,Y,Y,Y,Y,Y,Y,Y,Y,Y,N,Y,Y,Y,Y,Y,Y,Y,N,Y,N,N,Y,Y,N,Y,Y,Y,N,N,N,14.167,[6N 22Y 29N ],13.7242,0.0313
Y,Y,Y,Y,N,N,N,Y,N,N,Y,N,N,Y,N,N,N,N,N,N,N,Y,N,Y,Y,Y,N,Y,Y,N,N,Y,Y,N,Y,Y,N,N,N,13.895,[6N 22Y 29Y ],13.8765,0.0013
Y,N,Y,Y,N,N,N,Y,N,N,Y,N,N,Y,N,N,N,Y,N,N,Y,N,N,Y,Y,N,Y,Y,Y,N,N,Y,Y,N,Y,Y,N,N,N,14.892,[6N 22N 26N 3Y ],14.3777,0.0345
Y,N,Y,N,N,N,Y,Y,N,Y,Y,N,N,Y,N,N,N,N,N,N,N,N,N,Y,Y,Y,N,Y,Y,N,N,Y,Y,N,Y,Y,N,N,N,13.311,[6N 22N 26Y 10Y ],14.5610,0.0939
Y,Y,N,N,N,N,N,Y,N,N,Y,N,N,Y,N,N,N,N,N,N,N,N,N,Y,Y,N,Y,Y,N,Y,N,Y,Y,N,Y,N,N,N,Y,13.864,[6N 22N 26N 3N ],14.9307,0.0769
Y,N,Y,N,N,Y,N,Y,N,N,Y,N,N,Y,Y,Y,N,N,N,N,N,N,N,Y,Y,N,Y,Y,Y,N,N,Y,Y,N,Y,Y,N,N,N,14.019,[6Y ],15.0588,0.0742
Y,N,N,N,N,N,N,Y,N,N,Y,N,N,Y,N,N,N,N,N,N,N,N,Y,Y,Y,Y,N,Y,Y,N,N,Y,Y,N,Y,N,Y,N,N,14.343,[6N 22N 26Y 10N ],13.6667,0.0472
Y,Y,N,N,N,N,N,Y,N,N,Y,N,N,Y,N,N,N,N,N,N,N,Y,N,Y,Y,N,Y,Y,Y,N,N,Y,Y,N,Y,N,N,N,Y,14.670,[6N 22Y 29Y ],13.8765,0.0541
Y,Y,Y,N,Y,N,N,Y,Y,Y,Y,Y,Y,Y,Y,Y,Y,N,Y,Y,Y,Y,Y,Y,Y,N,Y,Y,N,Y,N,Y,Y,N,Y,N,Y,N,N,14.000,[6N 22Y 29N ],13.7242,0.0197
Y,Y,N,N,N,N,N,Y,N,N,Y,N,N,Y,N,N,Y,N,N,N,N,N,N,Y,Y,N,Y,Y,N,N,Y,Y,Y,N,Y,Y,N,N,N,13.889,[6N 22N 26N 3N ],14.9307,0.0750
Y,N,Y,N,N,Y,N,Y,Y,N,Y,N,N,Y,N,N,N,N,N,N,N,N,Y,Y,Y,Y,N,Y,Y,N,N,Y,Y,N,Y,Y,N,N,N,16.013,[6Y ],15.0588,0.0596
Y,N,Y,N,N,N,Y,Y,N,N,Y,N,N,Y,N,N,N,Y,N,Y,N,N,N,Y,Y,N,Y,Y,Y,N,N,Y,Y,N,Y,Y,N,N,N,14.491,[6N 22N 26N 3Y ],14.3777,0.0078
Y,N,N,N,N,N,N,Y,N,N,Y,N,N,Y,N,N,N,Y,N,N,N,N,N,Y,Y,Y,N,Y,N,Y,N,Y,Y,N,Y,Y,N,N,N,14.341,[6N 22N 26Y 10N ],13.6667,0.0470
Y,N,Y,N,N,N,Y,Y,N,N,Y,N,N,Y,N,Y,N,N,N,N,N,N,N,Y,Y,Y,N,Y,N,N,Y,Y,Y,N,Y,Y,N,N,N,15.251,[6N 22N 26Y 10N ],13.6667,0.1039
Y,N,N,N,N,N,N,Y,N,N,Y,N,Y,Y,N,N,N,N,N,Y,N,Y,N,Y,Y,Y,N,Y,Y,N,N,Y,Y,N,Y,Y,N,N,N,14.064,[6N 22Y 29Y ],13.8765,0.0133
Y,N,N,N,N,N,N,Y,N,N,Y,N,N,Y,Y,N,N,N,N,N,N,Y,N,Y,Y,N,Y,Y,N,Y,N,Y,Y,N,Y,Y,N,N,N,14.192,[6N 22Y 29N ],13.7242,0.0330
Y,N,N,N,N,N,N,Y,N,N,Y,N,N,Y,N,Y,N,N,Y,N,N,N,N,Y,Y,Y,N,Y,N,Y,N,Y,Y,N,Y,Y,N,N,N,14.330,[6N 22N 26Y 10N ],13.6667,0.0463
Y,N,Y,N,N,N,Y,Y,N,Y,Y,N,N,Y,N,N,N,N,N,N,N,N,N,Y,Y,Y,N,Y,N,Y,N,Y,Y,N,Y,Y,N,N,N,15.662,[6N 22N 26Y 10Y ],14.5610,0.0703
Y,N,Y,N,N,Y,N,Y,N,N,Y,N,N,Y,N,N,N,N,N,Y,N,N,N,Y,Y,N,Y,Y,Y,N,N,Y,Y,N,Y,Y,N,N,N,14.435,[6Y ],15.0588,0.0432
Y,N,Y,Y,N,N,N,Y,N,N,Y,N,N,Y,N,N,N,N,N,N,N,N,Y,Y,Y,Y,N,Y,Y,N,N,Y,Y,N,Y,N,N,Y,N,14.815,[6N 22N 26Y 10N ],13.6667,0.0775
Y,Y,Y,N,N,Y,N,Y,Y,Y,Y,Y,Y,Y,Y,Y,Y,Y,Y,Y,Y,N,Y,Y,Y,N,Y,Y,Y,N,N,Y,N,Y,Y,N,N,Y,N,14.441,[6Y ],15.0588,0.0428
Y,N,Y,N,Y,N,N,Y,Y,N,Y,N,N,Y,Y,N,N,N,N,N,N,N,N,Y,Y,Y,N,Y,Y,N,N,Y,Y,N,Y,Y,N,N,N,16.384,[6N 22N 26Y 10N ],13.6667,0.1659
Y,N,N,N,N,N,N,Y,N,N,Y,N,N,Y,N,N,N,N,Y,N,N,N,N,Y,Y,N,Y,Y,N,Y,N,Y,Y,N,Y,N,N,Y,N,14.763,[6N 22N 26N 3N ],14.9307,0.0114
Y,N,N,N,N,N,N,Y,N,N,Y,N,N,Y,N,Y,N,N,N,Y,N,N,N,Y,Y,N,Y,Y,Y,N,N,Y,Y,N,Y,N,N,Y,N,14.474,[6N 22N 26N 3N ],14.9307,0.0316
Y,N,N,N,N,N,N,Y,N,N,Y,N,Y,Y,Y,N,N,N,N,N,N,N,N,Y,Y,N,Y,Y,Y,N,N,Y,N,Y,Y,Y,N,N,N,14.866,[6N 22N 26N 3N ],14.9307,0.0043
Y,N,Y,N,Y,N,N,Y,N,N,Y,N,Y,Y,N,N,N,N,N,N,N,N,N,Y,Y,Y,N,Y,Y,N,N,Y,N,Y,Y,Y,N,N,N,14.187,[6N 22N 26Y 10N ],13.6667,0.0367
Y,N,Y,N,Y,N,N,Y,N,Y,Y,N,N,Y,N,N,N,N,N,Y,N,N,N,Y,Y,Y,N,Y,Y,N,N,Y,Y,N,Y,Y,N,N,N,16.049,[6N 22N 26Y 10Y ],14.5610,0.0927
Y,N,N,N,N,N,N,Y,N,N,Y,N,N,Y,N,Y,N,N,N,Y,N,N,N,Y,Y,N,Y,Y,Y,N,N,Y,N,Y,Y,Y,N,N,N,15.608,[6N 22N 26N 3N ],14.9307,0.0434
Y,N,N,N,N,N,N,Y,N,N,Y,N,N,Y,N,N,N,N,N,N,Y,N,N,Y,Y,N,Y,Y,N,N,Y,Y,Y,N,Y,Y,N,N,N,14.522,[6N 22N 26N 3N ],14.9307,0.0281
Y,N,Y,N,Y,N,N,Y,N,N,Y,Y,N,Y,N,Y,N,N,N,N,N,N,N,Y,Y,Y,N,Y,Y,N,N,Y,Y,N,Y,Y,N,N,N,16.189,[6N 22N 26Y 10N ],13.6667,0.1558
Y,N,Y,N,Y,N,N,Y,N,N,Y,N,N,Y,N,N,N,N,N,N,N,N,N,Y,Y,N,Y,Y,Y,N,N,Y,Y,N,Y,N,N,Y,N,15.041,[6N 22N 26N 3Y ],14.3777,0.0441
Y,Y,Y,N,N,Y,N,Y,Y,N,Y,Y,Y,Y,Y,Y,Y,Y,Y,Y,Y,Y,Y,Y,Y,N,Y,Y,Y,N,N,Y,N,Y,Y,N,Y,N,N,14.294,[6Y ],15.0588,0.0535
Y,Y,Y,N,N,Y,N,Y,N,N,Y,N,N,Y,N,N,N,N,N,N,N,N,N,Y,Y,Y,N,Y,Y,N,N,Y,Y,N,Y,N,N,Y,N,15.955,[6Y ],15.0588,0.0562
Y,Y,Y,N,N,N,Y,Y,Y,Y,Y,Y,Y,Y,Y,Y,Y,Y,Y,Y,Y,N,Y,Y,Y,N,Y,Y,N,Y,N,Y,N,Y,Y,N,N,N,Y,14.272,[6N 22N 26N 3Y ],14.3777,0.0074
Y,N,N,N,N,N,N,Y,N,N,Y,N,N,Y,N,N,Y,N,N,N,Y,N,N,Y,Y,Y,N,Y,N,N,Y,Y,Y,N,Y,Y,N,N,N,14.418,[6N 22N 26Y 10N ],13.6667,0.0521
Y,N,Y,N,N,N,Y,Y,N,N,Y,N,N,Y,N,N,N,N,N,N,N,N,Y,Y,Y,N,Y,Y,Y,N,N,Y,Y,N,Y,Y,N,N,N,14.868,[6N 22N 26N 3Y ],14.3777,0.0330
Y,N,N,N,N,N,N,Y,N,Y,Y,N,N,Y,Y,N,N,N,N,N,Y,N,N,Y,Y,Y,N,Y,Y,N,N,Y,Y,N,Y,Y,N,N,N,15.225,[6N 22N 26Y 10Y ],14.5610,0.0436
Y,N,N,N,N,N,N,Y,N,N,Y,N,N,Y,N,N,N,Y,N,N,N,N,N,Y,Y,N,Y,Y,N,Y,N,Y,Y,N,Y,N,N,N,Y,14.756,[6N 22N 26N 3N ],14.9307,0.0118
Y,N,Y,Y,N,N,N,Y,N,N,Y,N,N,Y,N,N,Y,N,Y,N,N,N,N,Y,Y,Y,N,Y,Y,N,N,Y,Y,N,Y,Y,N,N,N,13.996,[6N 22N 26Y 10N ],13.6667,0.0235
Y,N,Y,N,N,N,Y,Y,N,N,Y,N,N,Y,N,Y,N,N,N,N,N,N,N,Y,Y,N,Y,Y,N,Y,N,Y,Y,N,Y,Y,N,N,N,14.045,[6N 22N 26N 3Y ],14.3777,0.0237
Y,N,N,N,N,N,N,Y,N,N,Y,N,N,Y,N,N,N,N,N,N,Y,Y,N,Y,Y,Y,N,Y,Y,N,N,Y,Y,N,Y,N,N,N,Y,13.528,[6N 22Y 29Y ],13.8765,0.0258
Y,N,N,N,N,N,N,Y,N,N,Y,N,N,Y,N,N,N,N,N,Y,N,N,N,Y,Y,Y,N,Y,N,Y,N,Y,Y,N,Y,N,N,N,Y,13.433,[6N 22N 26Y 10N ],13.6667,0.0174
Y,N,Y,N,Y,N,N,Y,Y,Y,Y,Y,Y,Y,Y,Y,Y,Y,Y,Y,Y,Y,Y,Y,Y,Y,N,Y,N,N,Y,Y,Y,N,Y,N,N,Y,N,14.579,[6N 22Y 29N ],13.7242,0.0586
Y,N,Y,Y,N,N,N,Y,N,N,Y,N,N,Y,N,N,Y,N,N,Y,N,N,N,Y,Y,Y,N,Y,Y,N,N,Y,Y,N,Y,Y,N,N,N,14.699,[6N 22N 26Y 10N ],13.6667,0.0702
Y,N,N,N,N,N,N,Y,N,N,Y,N,N,Y,N,N,N,N,Y,N,N,N,Y,Y,Y,N,Y,Y,Y,N,N,Y,Y,N,Y,N,N,N,Y,14.755,[6N 22N 26N 3N ],14.9307,0.0119
Y,N,N,N,N,N,N,Y,N,N,Y,N,N,Y,N,N,N,N,N,N,Y,N,N,Y,Y,N,Y,Y,N,N,Y,Y,N,Y,Y,Y,N,N,N,15.593,[6N 22N 26N 3N ],14.9307,0.0425
Y,Y,Y,N,Y,N,N,Y,N,Y,Y,Y,Y,Y,Y,Y,Y,Y,Y,Y,Y,Y,Y,Y,Y,N,Y,Y,N,Y,N,Y,Y,N,Y,N,Y,N,N,14.308,[6N 22Y 29N ],13.7242,0.0408
Y,N,Y,N,N,Y,N,Y,N,N,Y,Y,N,Y,N,N,N,Y,N,N,N,N,N,Y,Y,Y,N,Y,Y,N,N,Y,Y,N,Y,Y,N,N,N,16.122,[6Y ],15.0588,0.0659
Y,Y,Y,N,N,N,Y,Y,N,N,Y,N,N,Y,N,N,N,N,N,N,N,N,N,Y,Y,Y,N,Y,Y,N,N,Y,Y,N,Y,N,Y,N,N,15.693,[6N 22N 26Y 10N ],13.6667,0.1291
Y,N,Y,N,N,Y,N,Y,N,N,Y,Y,N,Y,N,N,N,N,N,N,N,N,N,Y,Y,N,Y,Y,Y,N,N,Y,Y,N,Y,Y,N,N,N,13.993,[6Y ],15.0588,0.0762
Y,N,N,N,N,N,N,Y,N,N,Y,N,N,Y,N,N,N,N,N,N,Y,N,Y,Y,Y,Y,N,Y,Y,N,N,Y,Y,N,Y,N,N,Y,N,14.248,[6N 22N 26Y 10N ],13.6667,0.0408
Y,N,Y,Y,N,N,N,Y,N,N,Y,N,Y,Y,N,N,N,N,N,N,N,N,N,Y,Y,Y,N,Y,N,N,Y,Y,Y,N,Y,Y,N,N,N,13.436,[6N 22N 26Y 10N ],13.6667,0.0172
Y,N,Y,N,Y,N,N,Y,N,N,Y,N,N,Y,N,N,N,N,N,N,Y,N,N,Y,Y,Y,N,Y,Y,N,N,Y,Y,N,Y,N,N,N,Y,15.396,[6N 22N 26Y 10N ],13.6667,0.1123
Y,N,Y,N,N,Y,N,Y,N,N,Y,N,N,Y,Y,N,N,N,N,N,N,N,Y,Y,Y,N,Y,Y,Y,N,N,Y,Y,N,Y,Y,N,N,N,13.820,[6Y ],15.0588,0.0896
Y,N,Y,N,N,Y,N,Y,N,N,Y,N,N,Y,N,N,N,N,N,N,N,N,Y,Y,Y,N,Y,Y,Y,N,N,Y,Y,N,Y,N,N,N,Y,15.346,[6Y ],15.0588,0.0187
Y,N,Y,Y,N,N,N,Y,N,N,Y,N,N,Y,N,N,Y,N,N,N,N,N,N,Y,Y,N,Y,Y,Y,N,N,Y,Y,N,Y,N,N,N,Y,13.560,[6N 22N 26N 3Y ],14.3777,0.0603
Y,Y,Y,N,N,N,Y,Y,N,N,Y,N,N,Y,N,N,Y,N,N,N,N,N,N,Y,Y,N,Y,Y,Y,N,N,Y,Y,N,Y,Y,N,N,N,13.862,[6N 22N 26N 3Y ],14.3777,0.0372
Y,N,Y,N,N,N,Y,Y,N,Y,Y,N,N,Y,N,N,N,N,N,N,Y,N,N,Y,Y,N,Y,Y,Y,N,N,Y,Y,N,Y,Y,N,N,N,14.622,[6N 22N 26N 3Y ],14.3777,0.0167
Y,N,N,N,N,N,N,Y,N,Y,Y,N,N,Y,N,N,N,N,N,N,Y,N,N,Y,Y,Y,N,Y,Y,N,N,Y,Y,N,Y,Y,N,N,N,14.241,[6N 22N 26Y 10Y ],14.5610,0.0225
Y,N,N,N,N,N,N,Y,N,N,Y,Y,N,Y,N,N,N,N,Y,N,N,N,Y,Y,Y,N,Y,Y,Y,N,N,Y,Y,N,Y,Y,N,N,N,14.007,[6N 22N 26N 3N ],14.9307,0.0659
Y,N,Y,Y,N,N,N,Y,N,N,Y,N,N,Y,N,N,N,N,N,N,N,N,N,Y,Y,Y,N,Y,Y,N,N,Y,N,Y,Y,Y,N,N,N,15.226,[6N 22N 26Y 10N ],13.6667,0.1024
Y,Y,Y,N,N,N,Y,Y,Y,Y,Y,Y,N,Y,Y,Y,Y,Y,Y,Y,Y,Y,Y,Y,Y,Y,N,Y,N,N,Y,Y,Y,N,Y,N,Y,N,N,13.169,[6N 22Y 29N ],13.7242,0.0422
Y,N,N,N,N,N,N,Y,N,N,Y,N,N,Y,N,N,N,Y,N,N,N,N,Y,Y,Y,Y,N,Y,Y,N,N,Y,Y,N,Y,N,N,N,Y,13.536,[6N 22N 26Y 10N ],13.6667,0.0097
Y,N,N,N,N,N,N,Y,N,N,Y,N,N,Y,N,N,N,N,Y,Y,N,N,N,Y,Y,Y,N,Y,Y,N,N,Y,Y,N,Y,Y,N,N,N,14.466,[6N 22N 26Y 10N ],13.6667,0.0553
Y,N,N,N,N,N,N,Y,N,N,Y,N,N,Y,N,N,N,N,Y,N,N,N,N,Y,Y,N,Y,Y,Y,N,N,Y,N,Y,Y,Y,N,N,N,13.647,[6N 22N 26N 3N ],14.9307,0.0941
Y,N,Y,N,Y,N,N,Y,N,N,Y,N,N,Y,N,N,N,N,N,N,N,N,Y,Y,Y,Y,N,Y,N,Y,N,Y,Y,N,Y,Y,N,N,N,14.088,[6N 22N 26Y 10N ],13.6667,0.0299
Y,N,N,N,N,N,N,Y,N,N,Y,N,N,Y,N,N,N,Y,N,N,N,Y,N,Y,Y,Y,N,Y,Y,N,N,Y,Y,N,Y,N,N,N,Y,13.849,[6N 22Y 29Y ],13.8765,0.0020
Y,Y,N,N,N,N,N,Y,N,Y,Y,N,N,Y,N,N,N,N,N,N,N,N,N,Y,Y,Y,N,Y,Y,N,N,Y,Y,N,Y,N,N,N,Y,13.445,[6N 22N 26Y 10Y ],14.5610,0.0830
Y,N,Y,N,Y,N,N,Y,N,N,Y,N,N,Y,N,N,N,N,Y,N,N,N,N,Y,Y,Y,N,Y,Y,N,N,Y,Y,N,Y,N,N,N,Y,15.843,[6N 22N 26Y 10N ],13.6667,0.1374
Y,N,N,N,N,N,N,Y,N,Y,Y,N,N,Y,N,N,N,N,Y,N,N,N,N,Y,Y,Y,N,Y,N,N,Y,Y,Y,N,Y,Y,N,N,N,13.804,[6N 22N 26Y 10Y ],14.5610,0.0548
Y,N,N,N,N,N,N,Y,N,Y,Y,N,N,Y,N,N,N,Y,N,N,Y,N,N,Y,Y,N,Y,Y,Y,N,N,Y,Y,N,Y,Y,N,N,N,13.731,[6N 22N 26N 3N ],14.9307,0.0874
Y,N,N,N,N,N,N,Y,N,N,Y,N,N,Y,N,Y,N,N,N,N,Y,N,N,Y,Y,N,Y,Y,Y,N,N,Y,Y,N,Y,N,N,N,Y,15.556,[6N 22N 26N 3N ],14.9307,0.0402
Y,N,N,N,N,N,N,Y,N,N,Y,Y,N,Y,N,N,N,N,N,N,N,N,N,Y,Y,Y,N,Y,N,N,Y,Y,Y,N,Y,N,N,Y,N,13.900,[6N 22N 26Y 10N ],13.6667,0.0168
Y,N,N,N,N,N,N,Y,N,N,Y,N,N,Y,N,N,N,N,N,N,N,Y,Y,Y,Y,Y,N,Y,Y,N,N,Y,Y,N,Y,Y,N,N,N,14.748,[6N 22Y 29Y ],13.8765,0.0591
Y,N,Y,N,N,N,Y,Y,N,N,Y,N,N,Y,N,N,N,Y,N,N,N,N,N,Y,Y,N,Y,Y,Y,N,N,Y,N,Y,Y,Y,N,N,N,13.880,[6N 22N 26N 3Y ],14.3777,0.0359
Y,N,N,N,N,N,N,Y,Y,N,Y,N,N,Y,N,N,N,N,N,N,Y,N,N,Y,Y,N,Y,Y,N,N,Y,Y,Y,N,Y,Y,N,N,N,15.349,[6N 22N 26N 3N ],14.9307,0.0273
Y,N,N,N,N,N,N,Y,Y,N,Y,N,N,Y,N,N,N,N,N,N,N,N,Y,Y,Y,Y,N,Y,Y,N,N,Y,Y,N,Y,N,Y,N,N,13.840,[6N 22N 26Y 10N ],13.6667,0.0125
Y,N,Y,Y,N,N,N,Y,N,N,Y,N,N,Y,N,N,N,N,Y,N,N,N,N,Y,Y,N,Y,Y,Y,N,N,Y,Y,N,Y,Y,N,N,N,14.785,[6N 22N 26N 3Y ],14.3777,0.0276
Y,N,N,N,N,N,N,Y,Y,N,Y,N,N,Y,N,N,Y,N,N,Y,N,N,N,Y,Y,N,Y,Y,Y,N,N,Y,Y,N,Y,Y,N,N,N,14.411,[6N 22N 26N 3N ],14.9307,0.0361
Y,Y,Y,N,N,Y,N,Y,N,N,Y,N,N,Y,N,N,N,Y,N,N,N,N,N,Y,Y,N,Y,Y,Y,N,N,Y,Y,N,Y,Y,N,N,N,14.401,[6Y ],15.0588,0.0457
Y,N,N,N,N,N,N,Y,N,N,Y,N,N,Y,N,Y,N,N,Y,N,N,N,N,Y,Y,Y,N,Y,Y,N,N,Y,Y,N,Y,N,Y,N,N,13.904,[6N 22N 26Y 10N ],13.6667,0.0171
Y,Y,Y,N,N,Y,N,Y,Y,Y,Y,Y,Y,Y,Y,Y,Y,N,Y,Y,Y,Y,Y,Y,Y,N,Y,Y,Y,N,N,Y,N,Y,Y,N,Y,N,N,14.543,[6Y ],15.0588,0.0355
Y,N,Y,Y,N,N,N,Y,N,N,Y,N,N,Y,N,Y,N,N,N,N,N,N,N,Y,Y,Y,N,Y,Y,N,N,Y,N,Y,Y,Y,N,N,N,13.712,[6N 22N 26Y 10N ],13.6667,0.0033
Y,N,Y,Y,N,N,N,Y,N,N,Y,N,N,Y,Y,N,N,N,N,N,N,N,N,Y,Y,N,Y,Y,Y,N,N,Y,N,Y,Y,Y,N,N,N,13.637,[6N 22N 26N 3Y ],14.3777,0.0543
Y,N,N,N,N,N,N,Y,N,N,Y,N,N,Y,N,N,N,N,N,Y,N,N,Y,Y,Y,Y,N,Y,Y,N,N,Y,N,Y,Y,Y,N,N,N,13.401,[6N 22N 26Y 10N ],13.6667,0.0198
Y,N,Y,N,N,N,Y,Y,N,N,Y,N,N,Y,Y,N,N,N,N,N,N,N,N,Y,Y,N,Y,Y,Y,N,N,Y,N,Y,Y,Y,N,N,N,13.875,[6N 22N 26N 3Y ],14.3777,0.0362
Y,Y,Y,N,Y,N,N,Y,Y,Y,Y,Y,N,Y,Y,Y,Y,Y,Y,Y,Y,Y,Y,Y,Y,Y,N,Y,Y,N,N,Y,Y,N,Y,N,N,Y,N,14.313,[6N 22Y 29Y ],13.8765,0.0305
Y,N,Y,N,Y,N,N,Y,N,N,Y,N,N,Y,N,N,Y,N,N,N,N,N,N,Y,Y,Y,N,Y,Y,N,N,Y,Y,N,Y,N,Y,N,N,14.559,[6N 22N 26Y 10N ],13.6667,0.0613
Y,Y,Y,N,Y,N,N,Y,Y,Y,Y,Y,Y,Y,Y,Y,Y,Y,Y,N,Y,Y,Y,Y,Y,Y,N,Y,N,N,Y,Y,Y,N,Y,N,N,Y,N,14.383,[6N 22Y 29N ],13.7242,0.0458
Y,N,N,N,N,N,N,Y,N,Y,Y,N,N,Y,N,N,N,N,N,N,N,Y,N,Y,Y,N,Y,Y,Y,N,N,Y,N,Y,Y,Y,N,N,N,15.331,[6N 22Y 29Y ],13.8765,0.0949
Y,N,N,N,N,N,N,Y,N,Y,Y,N,N,Y,N,N,N,N,N,Y,N,N,N,Y,Y,Y,N,Y,Y,N,N,Y,Y,N,Y,N,N,N,Y,14.012,[6N 22N 26Y 10Y ],14.5610,0.0392
Y,N,N,N,N,N,N,Y,N,N,Y,N,N,Y,N,N,N,N,N,Y,N,N,N,Y,Y,N,Y,Y,N,N,Y,Y,Y,N,Y,N,N,Y,N,15.027,[6N 22N 26N 3N ],14.9307,0.0064
Y,N,Y,N,N,N,Y,Y,N,N,Y,N,N,Y,Y,N,N,N,N,N,N,N,N,Y,Y,Y,N,Y,N,Y,N,Y,Y,N,Y,Y,N,N,N,15.426,[6N 22N 26Y 10N ],13.6667,0.1140
Y,N,N,N,N,N,N,Y,N,N,Y,Y,N,Y,Y,N,N,N,N,N,N,N,N,Y,Y,Y,N,Y,Y,N,N,Y,Y,N,Y,N,N,Y,N,13.252,[6N 22N 26Y 10N ],13.6667,0.0313
Y,N,N,N,N,N,N,Y,N,N,Y,N,Y,Y,N,N,N,N,Y,N,N,N,N,Y,Y,Y,N,Y,Y,N,N,Y,Y,N,Y,N,Y,N,N,13.965,[6N 22N 26Y 10N ],13.6667,0.0214
Y,N,Y,N,N,N,Y,Y,N,N,Y,N,N,Y,N,N,N,N,N,Y,N,N,N,Y,Y,Y,N,Y,N,N,Y,Y,Y,N,Y,Y,N,N,N,15.121,[6N 22N 26Y 10N ],13.6667,0.0962
Y,N,Y,Y,N,N,N,Y,N,N,Y,N,N,Y,N,N,N,N,N,N,N,N,N,Y,Y,N,Y,Y,N,N,Y,Y,Y,N,Y,N,N,Y,N,13.295,[6N 22N 26N 3Y ],14.3777,0.0814
Y,Y,Y,N,Y,N,N,Y,Y,Y,Y,Y,Y,Y,Y,Y,Y,Y,Y,Y,Y,Y,Y,Y,Y,Y,N,Y,Y,N,N,Y,N,Y,Y,N,N,N,Y,15.154,[6N 22Y 29Y ],13.8765,0.0843
Y,N,N,N,N,N,N,Y,N,Y,Y,N,Y,Y,Y,N,N,N,N,N,N,N,N,Y,Y,Y,N,Y,Y,N,N,Y,Y,N,Y,Y,N,N,N,14.661,[6N 22N 26Y 10Y ],14.5610,0.0068
Y,Y,Y,N,Y,N,N,Y,Y,Y,Y,Y,N,Y,Y,Y,Y,Y,Y,Y,Y,Y,Y,Y,Y,Y,N,Y,Y,N,N,Y,N,Y,Y,N,N,N,Y,13.237,[6N 22Y 29Y ],13.8765,0.0483
Y,N,N,N,N,N,N,Y,N,Y,Y,N,N,Y,N,N,N,N,N,N,Y,Y,N,Y,Y,N,Y,Y,Y,N,N,Y,Y,N,Y,Y,N,N,N,15.827,[6N 22Y 29Y ],13.8765,0.1232
Y,Y,N,N,N,N,N,Y,Y,N,Y,N,Y,Y,N,N,N,N,N,N,N,N,N,Y,Y,Y,N,Y,Y,N,N,Y,Y,N,Y,Y,N,N,N,15.948,[6N 22N 26Y 10N ],13.6667,0.1430
Y,N,N,N,N,N,N,Y,Y,N,Y,N,N,Y,N,N,N,Y,N,N,N,N,N,Y,Y,Y,N,Y,N,Y,N,Y,Y,N,Y,Y,N,N,N,14.174,[6N 22N 26Y 10N ],13.6667,0.0358
Y,N,N,N,N,N,N,Y,N,N,Y,N,Y,Y,N,N,N,N,N,Y,N,N,N,Y,Y,Y,N,Y,Y,N,N,Y,Y,N,Y,N,N,Y,N,14.015,[6N 22N 26Y 10N ],13.6667,0.0249
Y,N,N,N,N,N,N,Y,N,Y,Y,Y,N,Y,N,N,N,N,Y,N,N,N,N,Y,Y,N,Y,Y,Y,N,N,Y,Y,N,Y,Y,N,N,N,14.649,[6N 22N 26N 3N ],14.9307,0.0192
Y,N,N,N,N,N,N,Y,N,N,Y,Y,N,Y,N,N,N,N,N,Y,N,N,N,Y,Y,N,Y,Y,Y,N,N,Y,Y,N,Y,N,N,N,Y,15.141,[6N 22N 26N 3N ],14.9307,0.0139
Y,Y,N,N,N,N,N,Y,Y,N,Y,N,N,Y,N,N,N,N,N,N,N,N,N,Y,Y,N,Y,Y,Y,N,N,Y,Y,N,Y,N,N,N,Y,15.410,[6N 22N 26N 3N ],14.9307,0.0311
Y,N,Y,N,N,N,Y,Y,N,N,Y,N,N,Y,N,N,N,N,N,N,Y,N,N,Y,Y,N,Y,Y,N,N,Y,Y,Y,N,Y,N,N,Y,N,14.470,[6N 22N 26N 3Y ],14.3777,0.0064
Y,N,Y,Y,N,N,N,Y,N,N,Y,Y,N,Y,N,N,N,N,N,N,Y,N,N,Y,Y,N,Y,Y,Y,N,N,Y,Y,N,Y,Y,N,N,N,14.461,[6N 22N 26N 3Y ],14.3777,0.0058
Y,N,Y,N,Y,N,N,Y,N,N,Y,N,N,Y,N,N,N,N,N,N,Y,N,N,Y,Y,N,Y,Y,Y,N,N,Y,N,Y,Y,Y,N,N,N,14.847,[6N 22N 26N 3Y ],14.3777,0.0316
Y,N,N,N,N,N,N,Y,N,N,Y,Y,N,Y,N,N,N,N,N,N,N,N,Y,Y,Y,Y,N,Y,Y,N,N,Y,Y,N,Y,N,N,N,Y,13.730,[6N 22N 26Y 10N ],13.6667,0.0046
Y,N,N,N,N,N,N,Y,N,N,Y,N,Y,Y,N,N,N,N,N,N,N,Y,N,Y,Y,Y,N,Y,Y,N,N,Y,Y,N,Y,Y,N,N,N,13.783,[6N 22Y 29Y ],13.8765,0.0068
Y,N,Y,N,Y,N,N,Y,N,N,Y,N,N,Y,N,N,N,N,N,N,Y,N,N,Y,Y,Y,N,Y,Y,N,N,Y,Y,N,Y,N,N,Y,N,15.134,[6N 22N 26Y 10N ],13.6667,0.0970
Y,N,Y,Y,N,N,N,Y,N,N,Y,N,N,Y,Y,N,N,N,N,N,Y,N,N,Y,Y,Y,N,Y,Y,N,N,Y,Y,N,Y,Y,N,N,N,13.819,[6N 22N 26Y 10N ],13.6667,0.0110
Y,N,N,N,N,N,N,Y,N,N,Y,N,N,Y,N,Y,N,N,N,N,N,N,N,Y,Y,Y,N,Y,Y,N,N,Y,Y,N,Y,Y,N,N,N,14.579,[6N 22N 26Y 10N ],13.6667,0.0626
Y,N,Y,N,Y,N,N,Y,N,N,Y,N,N,Y,N,N,N,N,N,N,N,N,N,Y,Y,N,Y,Y,N,N,Y,Y,N,Y,Y,Y,N,N,N,14.531,[6N 22N 26N 3Y ],14.3777,0.0106
Y,N,N,N,N,N,N,Y,Y,N,Y,N,N,Y,N,N,N,N,N,Y,N,Y,N,Y,Y,Y,N,Y,Y,N,N,Y,Y,N,Y,Y,N,N,N,14.437,[6N 22Y 29Y ],13.8765,0.0388
Y,N,N,N,N,N,N,Y,N,N,Y,N,Y,Y,N,N,N,N,N,Y,N,N,N,Y,Y,Y,N,Y,Y,N,N,Y,N,Y,Y,Y,N,N,N,13.635,[6N 22N 26Y 10N ],13.6667,0.0023
Y,N,Y,N,N,N,Y,Y,Y,Y,Y,Y,Y,Y,Y,Y,Y,Y,Y,Y,Y,Y,Y,Y,Y,N,Y,Y,N,Y,N,Y,N,Y,Y,N,N,N,Y,14.759,[6N 22Y 29N ],13.7242,0.0701
Y,Y,N,N,N,N,N,Y,N,N,Y,N,Y,Y,N,N,N,N,N,N,N,N,N,Y,Y,Y,N,Y,N,N,Y,Y,Y,N,Y,Y,N,N,N,13.841,[6N 22N 26Y 10N ],13.6667,0.0126
Y,N,N,N,N,N,N,Y,N,N,Y,N,N,Y,N,N,N,N,N,N,Y,N,Y,Y,Y,N,Y,Y,N,Y,N,Y,Y,N,Y,Y,N,N,N,15.384,[6N 22N 26N 3N ],14.9307,0.0295
Y,N,Y,Y,N,N,N,Y,N,N,Y,N,N,Y,N,Y,N,N,N,N,N,N,N,Y,Y,N,Y,Y,N,N,Y,Y,Y,N,Y,Y,N,N,N,13.394,[6N 22N 26N 3Y ],14.3777,0.0734
Y,N,N,N,N,N,N,Y,N,Y,Y,Y,N,Y,N,N,N,N,N,N,N,N,N,Y,Y,Y,N,Y,Y,N,N,Y,Y,N,Y,N,Y,N,N,13.763,[6N 22N 26Y 10Y ],14.5610,0.0580
Y,N,N,N,N,N,N,Y,N,N,Y,N,N,Y,Y,N,N,N,N,Y,N,N,N,Y,Y,N,Y,Y,Y,N,N,Y,Y,N,Y,N,N,N,Y,15.702,[6N 22N 26N 3N ],14.9307,0.0491
Y,N,N,N,N,N,N,Y,N,N,Y,N,N,Y,N,Y,N,N,N,Y,N,N,N,Y,Y,Y,N,Y,Y,N,N,Y,Y,N,Y,N,N,Y,N,13.324,[6N 22N 26Y 10N ],13.6667,0.0257
Y,Y,Y,N,Y,N,N,Y,Y,Y,Y,Y,Y,Y,Y,Y,Y,Y,Y,Y,N,Y,Y,Y,Y,Y,N,Y,N,N,Y,Y,Y,N,Y,N,N,Y,N,14.320,[6N 22Y 29N ],13.7242,0.0416
Y,N,N,N,N,N,N,Y,Y,N,Y,N,N,Y,N,N,N,Y,N,N,N,N,N,Y,Y,N,Y,Y,Y,N,N,Y,N,Y,Y,Y,N,N,N,15.630,[6N 22N 26N 3N ],14.9307,0.0447
Y,N,N,N,N,N,N,Y,Y,N,Y,N,N,Y,N,N,N,N,N,N,N,Y,N,Y,Y,N,Y,Y,Y,N,N,Y,N,Y,Y,Y,N,N,N,15.733,[6N 22Y 29Y ],13.8765,0.1180
Y,Y,N,N,N,N,N,Y,N,N,Y,N,N,Y,N,N,N,Y,N,Y,N,N,N,Y,Y,N,Y,Y,Y,N,N,Y,Y,N,Y,Y,N,N,N,15.156,[6N 22N 26N 3N ],14.9307,0.0149
Y,N,Y,N,N,Y,N,Y,N,N,Y,N,N,Y,N,N,N,Y,N,N,N,Y,N,Y,Y,N,Y,Y,Y,N,N,Y,Y,N,Y,Y,N,N,N,13.263,[6Y ],15.0588,0.1354
Y,N,Y,Y,N,N,N,Y,Y,Y,Y,N,N,Y,N,N,N,N,N,N,N,N,N,Y,Y,Y,N,Y,Y,N,N,Y,Y,N,Y,Y,N,N,N,13.806,[6N 22N 26Y 10Y ],14.5610,0.0547
Y,Y,Y,Y,N,N,N,Y,N,N,Y,N,N,Y,N,N,N,N,N,N,N,N,N,Y,Y,N,Y,Y,Y,N,N,Y,N,Y,Y,Y,N,N,N,13.942,[6N 22N 26N 3Y ],14.3777,0.0312
Y,Y,Y,N,Y,N,N,Y,Y,Y,Y,Y,Y,Y,N,Y,Y,Y,Y,Y,Y,Y,Y,Y,Y,N,Y,Y,N,N,Y,Y,Y,N,Y,N,N,N,Y,14.360,[6N 22Y 29N ],13.7242,0.0443
Y,Y,Y,N,N,N,Y,Y,Y,Y,Y,Y,Y,Y,Y,Y,Y,Y,N,Y,Y,Y,Y,Y,Y,Y,N,Y,N,N,Y,Y,Y,N,Y,Y,N,N,N,14.534,[6N 22Y 29N ],13.7242,0.0557
Y,N,N,N,N,N,N,Y,N,N,Y,N,N,Y,N,N,N,N,N,N,N,N,N,Y,Y,N,Y,Y,N,N,Y,Y,N,Y,Y,N,N,Y,N,15.337,[6N 22N 26N 3N ],14.9307,0.0265
Y,Y,Y,N,N,N,Y,Y,N,N,Y,N,N,Y,N,N,N,N,N,N,N,Y,N,Y,Y,N,Y,Y,Y,N,N,Y,Y,N,Y,Y,N,N,N,14.155,[6N 22Y 29Y ],13.8765,0.0197
Y,N,N,N,N,N,N,Y,N,Y,Y,N,N,Y,N,N,Y,Y,N,N,N,N,N,Y,Y,Y,N,Y,Y,N,N,Y,Y,N,Y,Y,N,N,N,15.164,[6N 22N 26Y 10Y ],14.5610,0.0398
Y,Y,Y,N,N,Y,N,Y,Y,N,Y,N,N,Y,N,N,N,N,N,N,N,N,N,Y,Y,N,Y,Y,Y,N,N,Y,Y,N,Y,Y,N,N,N,15.692,[6Y ],15.0588,0.0403
Y,N,N,N,N,N,N,Y,N,Y,Y,N,N,Y,N,Y,N,N,N,N,Y,N,N,Y,Y,N,Y,Y,Y,N,N,Y,Y,N,Y,Y,N,N,N,15.449,[6N 22N 26N 3N ],14.9307,0.0336
Y,N,N,N,N,N,N,Y,Y,N,Y,N,N,Y,N,N,N,N,N,N,N,N,Y,Y,Y,N,Y,Y,Y,N,N,Y,Y,N,Y,N,Y,N,N,14.735,[6N 22N 26N 3N ],14.9307,0.0133
Y,Y,Y,N,Y,N,N,Y,Y,Y,Y,Y,Y,Y,N,Y,Y,Y,Y,Y,Y,Y,Y,Y,Y,N,Y,Y,N,Y,N,Y,Y,N,Y,N,Y,N,N,12.819,[6N 22Y 29N ],13.7242,0.0706
Y,N,N,N,N,N,N,Y,N,N,Y,N,N,Y,Y,N,N,N,N,N,N,N,N,Y,Y,N,Y,Y,N,N,Y,Y,Y,N,Y,N,N,N,Y,14.889,[6N 22N 26N 3N ],14.9307,0.0028
Y,N,Y,Y,N,N,N,Y,Y,N,Y,Y,N,Y,N,N,N,N,N,N,N,N,N,Y,Y,Y,N,Y,Y,N,N,Y,Y,N,Y,Y,N,N,N,13.977,[6N 22N 26Y 10N ],13.6667,0.0222
Y,N,N,N,N,N,N,Y,N,N,Y,N,N,Y,N,N,N,N,Y,N,Y,N,N,Y,Y,Y,N,Y,Y,N,N,Y,N,Y,Y,Y,N,N,N,13.402,[6N 22N 26Y 10N ],13.6667,0.0197
Y,N,N,N,N,N,N,Y,Y,N,Y,N,N,Y,N,N,N,Y,N,N,N,N,N,Y,Y,Y,N,Y,Y,N,N,Y,Y,N,Y,N,Y,N,N,13.596,[6N 22N 26Y 10N ],13.6667,0.0052
Y,N,Y,Y,N,N,N,Y,N,N,Y,N,N,Y,N,N,N,N,N,N,Y,N,N,Y,Y,Y,N,Y,Y,N,N,Y,Y,N,Y,N,N,Y,N,13.546,[6N 22N 26Y 10N ],13.6667,0.0089
Y,N,N,N,N,N,N,Y,Y,N,Y,N,N,Y,N,Y,N,N,N,N,N,N,N,Y,Y,N,Y,Y,Y,N,N,Y,Y,N,Y,Y,N,N,N,13.537,[6N 22N 26N 3N ],14.9307,0.1030
N,N,N,Y,N,N,N,N,N,N,N,N,N,N,N,N,N,N,N,N,N,N,N,N,N,Y,N,N,Y,N,N,N,Y,N,Y,Y,N,N,N,14.400,[6N 22N 26Y 10N ],13.6667,0.0509
Y,N,N,N,N,N,N,Y,N,N,Y,Y,N,Y,Y,N,N,N,N,N,N,N,N,Y,Y,Y,N,Y,Y,N,N,Y,Y,N,Y,Y,N,N,N,14.515,[6N 22N 26Y 10N ],13.6667,0.0584
Y,N,N,N,N,N,N,Y,N,N,Y,N,N,Y,Y,N,N,N,N,N,Y,N,N,Y,Y,N,Y,Y,N,Y,N,Y,Y,N,Y,Y,N,N,N,15.408,[6N 22N 26N 3N ],14.9307,0.0310
Y,N,N,N,N,N,N,Y,N,N,Y,N,Y,Y,N,Y,N,N,N,N,N,N,Y,Y,Y,N,Y,Y,Y,N,N,Y,Y,N,Y,Y,N,N,N,13.735,[6N 22N 26N 3N ],14.9307,0.0871
Y,N,N,N,N,N,N,Y,N,N,Y,N,N,Y,N,N,N,N,N,N,N,Y,N,Y,Y,Y,N,Y,Y,N,N,Y,N,Y,Y,N,N,Y,N,14.101,[6N 22Y 29Y ],13.8765,0.0159
Y,N,Y,N,N,Y,N,Y,N,N,Y,Y,N,Y,N,N,N,N,N,N,Y,N,N,Y,Y,N,Y,Y,Y,N,N,Y,Y,N,Y,Y,N,N,N,14.664,[6Y ],15.0588,0.0269
Y,N,Y,Y,N,N,N,Y,N,N,Y,N,N,Y,N,N,N,Y,N,N,Y,N,N,Y,Y,Y,N,Y,Y,N,N,Y,Y,N,Y,Y,N,N,N,14.182,[6N 22N 26Y 10N ],13.6667,0.0363
Y,N,N,N,N,N,N,Y,Y,N,Y,N,N,Y,N,N,N,N,Y,Y,N,N,N,Y,Y,Y,N,Y,Y,N,N,Y,Y,N,Y,Y,N,N,N,14.325,[6N 22N 26Y 10N ],13.6667,0.0460
Y,N,Y,N,N,Y,N,Y,N,N,Y,N,N,Y,N,N,N,N,N,Y,N,N,N,Y,Y,N,Y,Y,Y,N,N,Y,Y,N,Y,N,Y,N,N,14.409,[6Y ],15.0588,0.0451
Y,N,N,N,N,N,N,Y,N,Y,Y,N,Y,Y,N,N,N,N,N,N,N,N,N,Y,Y,Y,N,Y,Y,N,N,Y,Y,N,Y,N,Y,N,N,13.856,[6N 22N 26Y 10Y ],14.5610,0.0509
Y,N,N,N,N,N,N,Y,Y,N,Y,N,N,Y,N,N,N,N,N,N,N,N,N,Y,Y,N,Y,Y,N,Y,N,Y,Y,N,Y,N,Y,N,N,14.473,[6N 22N 26N 3N ],14.9307,0.0316
Y,N,Y,N,Y,N,N,Y,N,N,Y,N,N,Y,N,N,N,N,N,N,Y,N,N,Y,Y,N,Y,Y,Y,N,N,Y,Y,N,Y,N,N,N,Y,13.444,[6N 22N 26N 3Y ],14.3777,0.0694
Y,N,N,N,N,N,N,Y,N,N,Y,N,N,Y,Y,N,Y,N,N,N,N,N,N,Y,Y,Y,N,Y,Y,N,N,Y,Y,N,Y,Y,N,N,N,14.760,[6N 22N 26Y 10N ],13.6667,0.0741
Y,N,Y,Y,N,N,N,Y,N,N,Y,N,N,Y,N,Y,N,N,N,N,N,N,N,Y,Y,N,Y,Y,Y,N,N,Y,Y,N,Y,N,N,Y,N,14.194,[6N 22N 26N 3Y ],14.3777,0.0129
Y,N,N,N,N,N,N,Y,N,Y,Y,N,N,Y,N,N,N,N,N,N,N,N,N,Y,Y,N,Y,Y,Y,N,N,Y,N,Y,Y,Y,N,N,N,14.426,[6N 22N 26N 3N ],14.9307,0.0350
Y,N,Y,Y,N,N,N,Y,N,N,Y,N,N,Y,N,N,N,N,N,N,N,N,Y,Y,Y,N,Y,Y,N,Y,N,Y,Y,N,Y,Y,N,N,N,13.720,[6N 22N 26N 3Y ],14.3777,0.0479
Y,N,Y,N,N,N,Y,Y,Y,N,Y,N,N,Y,Y,N,N,N,N,N,N,N,N,Y,Y,N,Y,Y,Y,N,N,Y,Y,N,Y,Y,N,N,N,14.233,[6N 22N 26N 3Y ],14.3777,0.0102
Y,N,Y,Y,N,N,N,Y,N,N,Y,Y,N,Y,N,N,N,N,N,N,N,N,N,Y,Y,N,Y,Y,Y,N,N,Y,Y,N,Y,N,Y,N,N,13.864,[6N 22N 26N 3Y ],14.3777,0.0371
Y,N,N,N,N,N,N,Y,Y,N,Y,N,N,Y,N,N,N,N,N,N,N,N,Y,Y,Y,Y,N,Y,Y,N,N,Y,Y,N,Y,Y,N,N,N,13.879,[6N 22N 26Y 10N ],13.6667,0.0153
Y,N,Y,N,N,N,Y,Y,N,N,Y,Y,N,Y,N,N,N,N,N,N,N,N,N,Y,Y,Y,N,Y,Y,N,N,Y,Y,N,Y,N,Y,N,N,15.728,[6N 22N 26Y 10N ],13.6667,0.1311
Y,N,Y,N,N,Y,N,Y,N,N,Y,N,Y,Y,N,N,N,N,Y,N,N,N,N,Y,Y,N,Y,Y,Y,N,N,Y,Y,N,Y,Y,N,N,N,14.017,[6Y ],15.0588,0.0743
Y,N,Y,N,N,N,Y,Y,N,N,Y,N,N,Y,N,N,N,N,Y,N,N,N,N,Y,Y,Y,N,Y,N,N,Y,Y,Y,N,Y,Y,N,N,N,14.862,[6N 22N 26Y 10N ],13.6667,0.0804
Y,N,Y,N,N,Y,N,Y,N,N,Y,N,N,Y,N,N,Y,N,N,N,N,N,Y,Y,Y,Y,N,Y,Y,N,N,Y,Y,N,Y,Y,N,N,N,15.503,[6Y ],15.0588,0.0287
Y,Y,Y,N,Y,N,N,Y,N,N,Y,N,N,Y,N,N,N,N,N,N,N,N,N,Y,Y,Y,N,Y,Y,N,N,Y,N,Y,Y,Y,N,N,N,14.526,[6N 22N 26Y 10N ],13.6667,0.0592
Y,N,N,N,N,N,N,Y,N,N,Y,N,Y,Y,N,N,N,Y,N,N,N,N,N,Y,Y,Y,N,Y,Y,N,N,Y,Y,N,Y,Y,N,N,N,14.463,[6N 22N 26Y 10N ],13.6667,0.0551
Y,N,N,N,N,N,N,Y,N,N,Y,N,N,Y,N,N,N,N,N,N,Y,N,Y,Y,Y,Y,N,Y,Y,N,N,Y,Y,N,Y,N,N,N,Y,13.574,[6N 22N 26Y 10N ],13.6667,0.0068
Y,N,Y,N,Y,N,N,Y,N,N,Y,N,N,Y,N,N,N,N,N,N,Y,N,N,Y,Y,Y,N,Y,N,Y,N,Y,Y,N,Y,Y,N,N,N,14.892,[6N 22N 26Y 10N ],13.6667,0.0823
Y,N,Y,Y,N,N,N,Y,N,N,Y,N,N,Y,N,N,N,N,N,N,N,Y,N,Y,Y,N,Y,Y,Y,N,N,Y,Y,N,Y,N,N,Y,N,13.973,[6N 22Y 29Y ],13.8765,0.0069
Y,N,Y,N,N,Y,N,Y,Y,N,Y,N,N,Y,N,N,N,N,N,N,N,N,N,Y,Y,Y,N,Y,Y,N,N,Y,Y,N,Y,N,N,N,Y,15.683,[6Y ],15.0588,0.0398
Y,N,N,N,N,N,N,Y,N,N,Y,N,N,Y,N,N,N,N,Y,N,N,N,N,Y,Y,N,Y,Y,Y,N,N,Y,Y,N,Y,Y,N,N,N,14.161,[6N 22N 26N 3N ],14.9307,0.0544
Y,N,N,N,N,N,N,Y,Y,N,Y,N,N,Y,N,N,Y,N,N,Y,N,N,N,Y,Y,Y,N,Y,Y,N,N,Y,Y,N,Y,Y,N,N,N,14.709,[6N 22N 26Y 10N ],13.6667,0.0709
Y,N,Y,N,N,N,Y,Y,N,N,Y,N,N,Y,N,Y,N,N,N,N,N,N,N,Y,Y,Y,N,Y,Y,N,N,Y,N,Y,Y,Y,N,N,N,15.295,[6N 22N 26Y 10N ],13.6667,0.1065
Y,N,N,N,N,N,N,Y,N,N,Y,N,N,Y,N,Y,N,Y,N,N,N,N,N,Y,Y,N,Y,Y,N,N,Y,Y,Y,N,Y,Y,N,N,N,15.271,[6N 22N 26N 3N ],14.9307,0.0223
Y,N,N,N,N,N,N,Y,N,N,Y,N,N,Y,Y,N,N,N,N,N,N,N,N,Y,Y,Y,N,Y,N,Y,N,Y,Y,N,Y,Y,N,N,N,14.255,[6N 22N 26Y 10N ],13.6667,0.0413
Y,N,Y,N,N,N,Y,Y,N,N,Y,Y,N,Y,N,N,N,N,N,N,N,N,N,Y,Y,N,Y,Y,Y,N,N,Y,N,Y,Y,Y,N,N,N,13.182,[6N 22N 26N 3Y ],14.3777,0.0907
Y,N,N,N,N,N,N,Y,N,N,Y,N,N,Y,Y,N,N,N,N,N,N,Y,N,Y,Y,Y,N,Y,Y,N,N,Y,Y,N,Y,N,Y,N,N,13.570,[6N 22Y 29Y ],13.8765,0.0226
Y,Y,Y,N,N,N,Y,Y,Y,Y,Y,Y,Y,Y,Y,Y,Y,Y,Y,Y,Y,N,Y,Y,Y,N,Y,Y,Y,N,N,Y,Y,N,Y,Y,N,N,N,14.462,[6N 22N 26N 3Y ],14.3777,0.0058
Y,N,Y,N,N,N,Y,Y,N,N,Y,N,N,Y,N,N,N,N,N,N,N,N,Y,Y,Y,N,Y,Y,Y,N,N,Y,Y,N,Y,N,Y,N,N,13.761,[6N 22N 26N 3Y ],14.3777,0.0448
Y,N,Y,Y,N,N,N,Y,N,N,Y,N,N,Y,N,N,N,N,N,N,N,N,N,Y,Y,Y,N,Y,N,N,Y,Y,N,Y,Y,Y,N,N,N,13.834,[6N 22N 26Y 10N ],13.6667,0.0121
Y,N,Y,N,N,Y,N,Y,Y,N,Y,Y,N,Y,N,N,N,N,N,N,N,N,N,Y,Y,Y,N,Y,Y,N,N,Y,Y,N,Y,Y,N,N,N,16.062,[6Y ],15.0588,0.0625
Y,N,Y,Y,N,N,N,Y,N,N,Y,N,N,Y,N,Y,N,N,N,N,N,N,N,Y,Y,N,Y,Y,Y,N,N,Y,N,Y,Y,Y,N,N,N,13.964,[6N 22N 26N 3Y ],14.3777,0.0296
Y,N,Y,N,Y,N,N,Y,N,N,Y,N,N,Y,N,N,Y,N,N,N,N,N,N,Y,Y,Y,N,Y,Y,N,N,Y,Y,N,Y,N,N,N,Y,15.515,[6N 22N 26Y 10N ],13.6667,0.1191
Y,N,N,N,N,N,N,Y,N,N,Y,N,N,Y,N,N,N,N,N,N,N,N,Y,Y,Y,Y,N,Y,N,N,Y,Y,Y,N,Y,N,N,Y,N,14.043,[6N 22N 26Y 10N ],13.6667,0.0268
Y,N,N,N,N,N,N,Y,N,Y,Y,N,N,Y,N,N,N,N,N,Y,N,N,N,Y,Y,N,Y,Y,N,Y,N,Y,Y,N,Y,Y,N,N,N,13.940,[6N 22N 26N 3N ],14.9307,0.0711
Y,N,N,N,N,N,N,Y,N,N,Y,N,N,Y,N,N,Y,N,N,N,N,N,N,Y,Y,Y,N,Y,Y,N,N,Y,Y,N,Y,N,Y,N,N,14.208,[6N 22N 26Y 10N ],13.6667,0.0381
Y,N,Y,Y,N,N,N,Y,N,N,Y,N,N,Y,N,N,N,Y,N,N,N,N,N,Y,Y,Y,N,Y,N,N,Y,Y,Y,N,Y,Y,N,N,N,13.994,[6N 22N 26Y 10N ],13.6667,0.0234
Y,N,N,N,N,N,N,Y,N,N,Y,N,N,Y,Y,N,N,N,N,N,N,N,N,Y,Y,Y,N,Y,Y,N,N,Y,N,Y,Y,N,N,N,Y,13.917,[6N 22N 26Y 10N ],13.6667,0.0180
Y,N,N,N,N,N,N,Y,N,N,Y,N,N,Y,N,Y,N,N,N,Y,N,N,N,Y,Y,N,Y,Y,Y,N,N,Y,Y,N,Y,Y,N,N,N,13.421,[6N 22N 26N 3N ],14.9307,0.1125
Y,N,Y,Y,N,N,N,Y,N,N,Y,N,N,Y,N,N,N,N,N,N,N,N,Y,Y,Y,N,Y,Y,Y,N,N,Y,N,Y,Y,Y,N,N,N,14.010,[6N 22N 26N 3Y ],14.3777,0.0262
Y,N,N,N,N,N,N,Y,N,Y,Y,N,N,Y,N,N,N,N,N,N,N,Y,N,Y,Y,Y,N,Y,Y,N,N,Y,Y,N,Y,Y,N,N,N,13.591,[6N 22Y 29Y ],13.8765,0.0210
Y,N,N,N,N,N,N,Y,N,N,Y,N,N,Y,N,N,N,Y,N,N,N,N,N,Y,Y,N,Y,Y,Y,N,N,Y,N,Y,Y,N,N,Y,N,15.446,[6N 22N 26N 3N ],14.9307,0.0334
Y,Y,Y,N,N,N,Y,Y,Y,Y,Y,Y,Y,Y,N,Y,Y,Y,Y,Y,Y,Y,Y,Y,Y,Y,N,Y,N,N,Y,Y,Y,N,Y,Y,N,N,N,14.173,[6N 22Y 29N ],13.7242,0.0317
Y,N,N,N,N,N,N,Y,N,Y,Y,N,N,Y,N,N,N,N,N,Y,N,N,N,Y,Y,N,Y,Y,Y,N,N,Y,Y,N,Y,Y,N,N,N,14.051,[6N 22N 26N 3N ],14.9307,0.0626
Y,N,Y,N,N,N,Y,Y,N,N,Y,N,N,Y,Y,N,N,N,N,N,N,N,N,Y,Y,Y,N,Y,Y,N,N,Y,Y,N,Y,N,Y,N,N,15.938,[6N 22N 26Y 10N ],13.6667,0.1425
Y,N,Y,N,N,Y,N,Y,Y,Y,Y,Y,Y,Y,Y,Y,Y,Y,Y,Y,Y,Y,Y,Y,Y,Y,N,Y,Y,N,N,Y,N,Y,Y,N,N,N,Y,14.459,[6Y ],15.0588,0.0415
Y,N,N,N,N,N,N,Y,N,N,Y,Y,N,Y,Y,N,N,N,N,N,N,N,N,Y,Y,N,Y,Y,Y,N,N,Y,Y,N,Y,Y,N,N,N,13.753,[6N 22N 26N 3N ],14.9307,0.0856
Y,N,N,N,N,N,N,Y,N,Y,Y,Y,N,Y,N,N,N,N,N,N,N,N,N,Y,Y,Y,N,Y,Y,N,N,Y,Y,N,Y,N,N,N,Y,14.497,[6N 22N 26Y 10Y ],14.5610,0.0044
Y,Y,Y,N,Y,N,N,Y,Y,Y,Y,N,Y,Y,Y,Y,Y,Y,Y,Y,Y,Y,Y,Y,Y,Y,N,Y,Y,N,N,Y,Y,N,Y,N,Y,N,N,14.401,[6N 22Y 29Y ],13.8765,0.0364
Y,N,N,N,N,N,N,Y,N,N,Y,N,N,Y,N,N,Y,N,N,N,N,N,N,Y,Y,N,Y,Y,N,Y,N,Y,Y,N,Y,Y,N,N,N,13.111,[6N 22N 26N 3N ],14.9307,0.1388
Y,N,N,N,N,N,N,Y,Y,N,Y,Y,N,Y,N,N,N,N,N,N,Y,N,N,Y,Y,N,Y,Y,Y,N,N,Y,Y,N,Y,Y,N,N,N,14.606,[6N 22N 26N 3N ],14.9307,0.0222
Y,Y,N,N,N,N,N,Y,N,Y,Y,N,Y,Y,N,N,N,N,N,N,N,N,N,Y,Y,Y,N,Y,Y,N,N,Y,Y,N,Y,Y,N,N,N,14.131,[6N 22N 26Y 10Y ],14.5610,0.0304
Y,N,N,N,N,N,N,Y,N,N,Y,N,N,Y,Y,N,Y,N,Y,N,N,N,N,Y,Y,Y,N,Y,Y,N,N,Y,Y,N,Y,Y,N,N,N,13.510,[6N 22N 26Y 10N ],13.6667,0.0116
Y,N,Y,N,N,N,Y,Y,N,N,Y,N,N,Y,N,N,N,Y,N,N,N,N,N,Y,Y,Y,N,Y,N,N,Y,Y,Y,N,Y,Y,N,N,N,14.876,[6N 22N 26Y 10N ],13.6667,0.0813
Y,N,N,N,N,N,N,Y,Y,Y,Y,N,N,Y,N,N,N,N,N,N,N,N,N,Y,Y,N,Y,Y,N,N,Y,Y,Y,N,Y,Y,N,N,N,15.263,[6N 22N 26N 3N ],14.9307,0.0218
Y,N,Y,N,Y,N,N,Y,N,Y,Y,N,N,Y,N,Y,N,N,N,N,N,N,N,Y,Y,Y,N,Y,Y,N,N,Y,Y,N,Y,Y,N,N,N,15.843,[6N 22N 26Y 10Y ],14.5610,0.0809
Y,N,N,N,N,N,N,Y,N,N,Y,Y,N,Y,N,Y,N,N,N,N,N,Y,N,Y,Y,N,Y,Y,Y,N,N,Y,Y,N,Y,Y,N,N,N,15.501,[6N 22Y 29Y ],13.8765,0.1048
Y,N,N,N,N,N,N,Y,N,N,Y,N,Y,Y,N,Y,N,N,N,N,N,N,N,Y,Y,Y,N,Y,N,N,Y,Y,Y,N,Y,Y,N,N,N,14.198,[6N 22N 26Y 10N ],13.6667,0.0374
Y,N,Y,N,Y,N,N,Y,Y,N,Y,N,N,Y,N,N,N,N,Y,N,N,N,N,Y,Y,N,Y,Y,Y,N,N,Y,Y,N,Y,Y,N,N,N,14.336,[6N 22N 26N 3Y ],14.3777,0.0029
Y,N,N,N,N,N,N,Y,N,N,Y,N,N,Y,N,Y,N,N,N,N,N,Y,N,Y,Y,N,Y,Y,N,N,Y,Y,Y,N,Y,Y,N,N,N,15.072,[6N 22Y 29N ],13.7242,0.0894
Y,N,Y,N,Y,N,N,Y,N,N,Y,N,N,Y,N,N,N,N,N,N,Y,Y,N,Y,Y,N,Y,Y,Y,N,N,Y,Y,N,Y,Y,N,N,N,14.986,[6N 22Y 29Y ],13.8765,0.0740
Y,Y,Y,N,N,N,Y,Y,Y,Y,Y,Y,Y,Y,Y,Y,Y,Y,Y,N,Y,Y,Y,Y,Y,Y,N,Y,N,Y,N,Y,Y,N,Y,Y,N,N,N,13.017,[6N 22Y 29N ],13.7242,0.0543
Y,N,N,N,N,N,N,Y,N,N,Y,N,N,Y,Y,N,N,N,N,Y,N,N,Y,Y,Y,Y,N,Y,Y,N,N,Y,Y,N,Y,Y,N,N,N,14.041,[6N 22N 26Y 10N ],13.6667,0.0267
Y,Y,Y,Y,N,N,N,Y,Y,Y,Y,Y,Y,Y,Y,Y,Y,Y,N,Y,Y,Y,Y,Y,Y,N,Y,Y,N,N,Y,Y,Y,N,Y,N,N,N,Y,13.611,[6N 22Y 29N ],13.7242,0.0083
Y,Y,Y,N,Y,N,N,Y,Y,Y,Y,Y,Y,Y,Y,Y,Y,Y,Y,Y,Y,Y,N,Y,Y,N,Y,Y,N,Y,N,Y,Y,N,Y,N,N,Y,N,14.726,[6N 22Y 29N ],13.7242,0.0680
Y,N,Y,Y,N,N,N,Y,N,N,Y,N,N,Y,Y,N,N,N,N,N,N,N,N,Y,Y,N,Y,Y,N,Y,N,Y,Y,N,Y,Y,N,N,N,13.430,[6N 22N 26N 3Y ],14.3777,0.0706
Y,N,N,N,N,N,N,Y,N,N,Y,N,Y,Y,N,N,N,Y,N,N,N,N,N,Y,Y,N,Y,Y,Y,N,N,Y,Y,N,Y,Y,N,N,N,13.552,[6N 22N 26N 3N ],14.9307,0.1017
Y,Y,N,N,N,N,N,Y,N,N,Y,Y,N,Y,N,N,N,N,N,N,N,N,N,Y,Y,Y,N,Y,Y,N,N,Y,Y,N,Y,Y,N,N,N,15.009,[6N 22N 26Y 10N ],13.6667,0.0894
Y,N,N,N,N,N,N,Y,N,N,Y,Y,Y,Y,N,N,N,N,N,N,Y,N,N,Y,Y,N,Y,Y,Y,N,N,Y,Y,N,Y,Y,N,N,N,15.480,[6N 22N 26N 3N ],14.9307,0.0355
Y,N,Y,Y,N,N,N,Y,N,N,Y,N,N,Y,N,N,N,N,N,Y,N,N,N,Y,Y,N,Y,Y,Y,N,N,Y,Y,N,Y,N,N,Y,N,13.540,[6N 22N 26N 3Y ],14.3777,0.0619
Y,N,N,N,N,N,N,Y,Y,N,Y,N,N,Y,N,Y,N,N,N,N,N,Y,N,Y,Y,N,Y,Y,Y,N,N,Y,Y,N,Y,Y,N,N,N,14.302,[6N 22Y 29Y ],13.8765,0.0298
Y,N,Y,Y,N,N,N,Y,N,N,Y,N,N,Y,N,N,N,Y,Y,N,N,N,N,Y,Y,Y,N,Y,Y,N,N,Y,Y,N,Y,Y,N,N,N,14.085,[6N 22N 26Y 10N ],13.6667,0.0297
Y,Y,Y,N,N,N,Y,Y,Y,Y,Y,Y,Y,Y,Y,Y,N,Y,Y,Y,Y,Y,Y,Y,Y,N,Y,Y,N,N,Y,Y,Y,N,Y,N,N,N,Y,14.384,[6N 22Y 29N ],13.7242,0.0459
Y,N,N,N,N,N,N,Y,N,N,Y,N,N,Y,Y,N,N,N,N,Y,N,Y,N,Y,Y,Y,N,Y,Y,N,N,Y,Y,N,Y,Y,N,N,N,14.122,[6N 22Y 29Y ],13.8765,0.0174
Y,N,Y,N,Y,N,N,Y,N,N,Y,N,N,Y,N,N,N,N,N,N,N,N,N,Y,Y,Y,N,Y,N,N,Y,Y,N,Y,Y,Y,N,N,N,14.608,[6N 22N 26Y 10N ],13.6667,0.0644
Y,Y,N,N,N,N,N,Y,Y,N,Y,N,N,Y,Y,N,N,N,N,N,N,N,N,Y,Y,N,Y,Y,Y,N,N,Y,Y,N,Y,Y,N,N,N,13.705,[6N 22N 26N 3N ],14.9307,0.0894
Y,N,Y,N,N,Y,N,Y,N,Y,Y,N,N,Y,N,N,N,N,Y,N,N,N,N,Y,Y,N,Y,Y,Y,N,N,Y,Y,N,Y,Y,N,N,N,14.135,[6Y ],15.0588,0.0654
Y,N,N,N,N,N,N,Y,N,N,Y,N,N,Y,N,Y,N,N,N,N,N,N,Y,Y,Y,N,Y,Y,N,N,Y,Y,Y,N,Y,Y,N,N,N,15.413,[6N 22N 26N 3N ],14.9307,0.0313
Y,N,N,N,N,N,N,Y,N,Y,Y,N,Y,Y,N,N,N,N,N,N,Y,N,N,Y,Y,Y,N,Y,Y,N,N,Y,Y,N,Y,Y,N,N,N,14.808,[6N 22N 26Y 10Y ],14.5610,0.0167
Y,N,N,N,N,N,N,Y,N,N,Y,Y,N,Y,N,N,N,N,N,Y,N,N,N,Y,Y,N,Y,Y,Y,N,N,Y,N,Y,Y,Y,N,N,N,14.745,[6N 22N 26N 3N ],14.9307,0.0126
Y,N,Y,N,N,N,Y,Y,N,N,Y,N,N,Y,N,Y,N,N,N,N,N,N,N,Y,Y,N,Y,Y,Y,N,N,Y,Y,N,Y,N,N,Y,N,14.644,[6N 22N 26N 3Y ],14.3777,0.0182
Y,Y,N,N,N,N,N,Y,N,Y,Y,N,N,Y,N,N,N,N,N,N,N,N,Y,Y,Y,Y,N,Y,Y,N,N,Y,Y,N,Y,Y,N,N,N,14.997,[6N 22N 26Y 10Y ],14.5610,0.0291
Y,N,N,N,N,N,N,Y,N,N,Y,N,N,Y,Y,Y,N,N,N,N,N,Y,N,Y,Y,Y,N,Y,Y,N,N,Y,Y,N,Y,Y,N,N,N,14.037,[6N 22Y 29Y ],13.8765,0.0114
Y,N,N,N,N,N,N,Y,Y,N,Y,N,N,Y,N,N,N,Y,N,N,N,N,N,Y,Y,N,Y,Y,N,Y,N,Y,Y,N,Y,Y,N,N,N,13.614,[6N 22N 26N 3N ],14.9307,0.0967
Y,N,Y,N,N,N,Y,Y,Y,N,Y,N,N,Y,N,N,Y,N,N,N,N,N,N,Y,Y,Y,N,Y,Y,N,N,Y,Y,N,Y,Y,N,N,N,16.073,[6N 22N 26Y 10N ],13.6667,0.1497
Y,Y,Y,Y,N,N,N,Y,Y,Y,Y,Y,Y,Y,Y,Y,Y,Y,N,Y,Y,Y,Y,Y,Y,Y,N,Y,N,N,Y,Y,Y,N,Y,Y,N,N,N,13.541,[6N 22Y 29N ],13.7242,0.0135
Y,N,N,N,N,N,N,Y,N,N,Y,N,Y,Y,N,N,Y,N,N,N,N,N,N,Y,Y,Y,N,Y,N,N,Y,Y,Y,N,Y,Y,N,N,N,13.770,[6N 22N 26Y 10N ],13.6667,0.0075
Y,N,Y,N,N,Y,N,Y,Y,N,Y,N,N,Y,N,N,N,N,N,N,Y,N,N,Y,Y,Y,N,Y,Y,N,N,Y,Y,N,Y,Y,N,N,N,16.103,[6Y ],15.0588,0.0648
Y,N,Y,N,Y,N,N,Y,Y,Y,Y,Y,Y,Y,Y,Y,Y,Y,Y,Y,Y,Y,Y,Y,Y,Y,N,Y,Y,N,N,Y,Y,N,Y,N,Y,N,N,13.956,[6N 22Y 29Y ],13.8765,0.0057
Y,N,Y,N,N,N,Y,Y,N,N,Y,N,N,Y,N,N,N,N,N,N,N,N,N,Y,Y,N,Y,Y,N,Y,N,Y,Y,N,Y,N,N,N,Y,14.796,[6N 22N 26N 3Y ],14.3777,0.0283
Y,N,N,N,N,N,N,Y,N,N,Y,N,Y,Y,N,N,N,N,N,Y,N,N,N,Y,Y,Y,N,Y,Y,N,N,Y,Y,N,Y,N,N,N,Y,13.449,[6N 22N 26Y 10N ],13.6667,0.0162
Y,Y,N,N,N,N,N,Y,N,N,Y,N,Y,Y,N,N,N,N,N,N,N,N,N,Y,Y,N,Y,Y,Y,N,N,Y,N,Y,Y,Y,N,N,N,15.235,[6N 22N 26N 3N ],14.9307,0.0200
Y,N,N,N,N,N,N,Y,N,N,Y,N,N,Y,N,N,N,Y,N,N,N,N,Y,Y,Y,N,Y,Y,Y,N,N,Y,N,Y,Y,Y,N,N,N,14.185,[6N 22N 26N 3N ],14.9307,0.0526
Y,N,N,N,N,N,N,Y,N,N,Y,N,N,Y,N,N,N,N,N,N,N,N,Y,Y,Y,N,Y,Y,Y,N,N,Y,N,Y,Y,Y,N,N,N,13.279,[6N 22N 26N 3N ],14.9307,0.1244
Y,N,N,N,N,N,N,Y,N,N,Y,N,N,Y,Y,N,N,N,Y,N,N,N,N,Y,Y,N,Y,Y,N,Y,N,Y,Y,N,Y,Y,N,N,N,14.511,[6N 22N 26N 3N ],14.9307,0.0289
Y,N,Y,N,Y,N,N,Y,N,N,Y,Y,Y,Y,N,N,N,N,N,N,N,N,N,Y,Y,Y,N,Y,Y,N,N,Y,Y,N,Y,Y,N,N,N,16.127,[6N 22N 26Y 10N ],13.6667,0.1526
Y,N,Y,Y,N,N,N,Y,N,N,Y,N,N,Y,N,N,N,Y,N,N,N,N,N,Y,Y,N,Y,Y,Y,N,N,Y,Y,N,Y,N,N,N,Y,13.997,[6N 22N 26N 3Y ],14.3777,0.0272
Y,N,N,N,N,N,N,Y,N,N,Y,N,N,Y,N,N,N,N,N,N,Y,N,N,Y,Y,Y,N,Y,Y,N,N,Y,N,Y,Y,Y,N,N,N,14.616,[6N 22N 26Y 10N ],13.6667,0.0650
Y,N,Y,N,N,Y,N,Y,N,N,Y,N,N,Y,N,Y,N,N,N,Y,N,N,N,Y,Y,N,Y,Y,Y,N,N,Y,Y,N,Y,Y,N,N,N,14.864,[6Y ],15.0588,0.0131
Y,N,Y,Y,N,N,N,Y,Y,N,Y,N,N,Y,N,Y,N,N,N,N,N,N,N,Y,Y,Y,N,Y,Y,N,N,Y,Y,N,Y,Y,N,N,N,13.667,[6N 22N 26Y 10N ],13.6667,0.0000
Y,N,N,N,N,N,N,Y,N,N,Y,N,N,Y,N,N,N,Y,N,N,N,N,Y,Y,Y,N,Y,Y,Y,N,N,Y,Y,N,Y,N,Y,N,N,13.250,[6N 22N 26N 3N ],14.9307,0.1268
Y,N,Y,N,Y,N,N,Y,Y,N,Y,N,N,Y,N,N,Y,N,N,N,N,N,N,Y,Y,N,Y,Y,Y,N,N,Y,Y,N,Y,Y,N,N,N,13.872,[6N 22N 26N 3Y ],14.3777,0.0365
Y,N,N,N,N,N,N,Y,N,N,Y,Y,N,Y,N,N,N,N,Y,N,N,N,N,Y,Y,Y,N,Y,Y,N,N,Y,Y,N,Y,Y,N,N,N,14.474,[6N 22N 26Y 10N ],13.6667,0.0558
Y,N,Y,N,N,N,Y,Y,N,N,Y,N,Y,Y,N,N,N,N,N,N,N,N,N,Y,Y,Y,N,Y,N,Y,N,Y,Y,N,Y,Y,N,N,N,15.629,[6N 22N 26Y 10N ],13.6667,0.1256
Y,N,Y,N,N,N,Y,Y,N,N,Y,N,N,Y,N,N,N,Y,N,N,N,N,N,Y,Y,Y,N,Y,N,Y,N,Y,Y,N,Y,Y,N,N,N,15.491,[6N 22N 26Y 10N ],13.6667,0.1178
Y,N,Y,Y,N,N,N,Y,N,N,Y,N,N,Y,Y,N,N,N,N,N,N,Y,N,Y,Y,Y,N,Y,Y,N,N,Y,Y,N,Y,Y,N,N,N,14.373,[6N 22Y 29Y ],13.8765,0.0345
Y,N,Y,N,Y,N,N,Y,N,N,Y,N,N,Y,N,Y,Y,N,N,N,N,N,N,Y,Y,Y,N,Y,Y,N,N,Y,Y,N,Y,Y,N,N,N,15.746,[6N 22N 26Y 10N ],13.6667,0.1321
Y,N,N,N,N,N,N,Y,N,N,Y,Y,N,Y,N,N,Y,N,N,N,N,N,N,Y,Y,Y,N,Y,Y,N,N,Y,Y,N,Y,N,N,Y,N,14.595,[6N 22N 26Y 10N ],13.6667,0.0636
Y,N,Y,N,N,N,Y,Y,Y,N,Y,N,N,Y,N,N,N,N,N,N,N,N,N,Y,Y,N,Y,Y,N,N,Y,Y,Y,N,Y,N,N,Y,N,14.354,[6N 22N 26N 3Y ],14.3777,0.0016
Y,Y,Y,N,N,Y,N,Y,Y,Y,Y,Y,N,Y,Y,Y,Y,Y,Y,Y,Y,Y,Y,Y,Y,N,Y,Y,N,Y,N,Y,N,Y,Y,N,N,N,Y,15.122,[6Y ],15.0588,0.0042
Y,N,Y,N,N,N,Y,Y,N,N,Y,N,N,Y,N,N,N,N,Y,N,N,N,N,Y,Y,Y,N,Y,Y,N,N,Y,Y,N,Y,N,Y,N,N,15.296,[6N 22N 26Y 10N ],13.6667,0.1065
Y,N,Y,N,N,N,Y,Y,N,N,Y,N,N,Y,N,N,N,N,N,N,N,Y,N,Y,Y,N,Y,Y,Y,N,N,Y,Y,N,Y,N,Y,N,N,14.647,[6N 22Y 29Y ],13.8765,0.0526
Y,Y,Y,N,N,N,Y,Y,N,Y,Y,Y,Y,Y,Y,Y,Y,Y,Y,Y,Y,Y,Y,Y,Y,N,Y,Y,N,Y,N,Y,N,Y,Y,N,N,N,Y,14.581,[6N 22Y 29N ],13.7242,0.0588
Y,N,N,N,N,N,N,Y,N,Y,Y,Y,N,Y,N,N,N,N,N,N,N,N,N,Y,Y,N,Y,Y,Y,N,N,Y,Y,N,Y,Y,N,N,N,13.446,[6N 22N 26N 3N ],14.9307,0.1104
Y,Y,Y,Y,N,N,N,Y,N,N,Y,Y,N,Y,N,N,N,N,N,N,N,N,N,Y,Y,Y,N,Y,Y,N,N,Y,Y,N,Y,Y,N,N,N,13.642,[6N 22N 26Y 10N ],13.6667,0.0018
Y,N,Y,N,N,Y,N,Y,N,N,Y,N,N,Y,N,N,N,N,Y,N,Y,N,N,Y,Y,N,Y,Y,Y,N,N,Y,Y,N,Y,Y,N,N,N,14.431,[6Y ],15.0588,0.0435
Y,N,N,N,N,N,N,Y,N,N,Y,N,N,Y,Y,N,Y,N,N,N,N,N,N,Y,Y,N,Y,Y,Y,N,N,Y,N,Y,Y,Y,N,N,N,15.665,[6N 22N 26N 3N ],14.9307,0.0469
Y,N,N,N,N,N,N,Y,N,N,Y,N,N,Y,Y,Y,N,N,N,N,N,N,N,Y,Y,N,Y,Y,Y,N,N,Y,Y,N,Y,N,N,Y,N,15.228,[6N 22N 26N 3N ],14.9307,0.0195
Y,N,N,N,N,N,N,Y,N,N,Y,N,N,Y,N,Y,Y,N,N,N,N,N,N,Y,Y,N,Y,Y,N,Y,N,Y,Y,N,Y,Y,N,N,N,15.319,[6N 22N 26N 3N ],14.9307,0.0253
Y,N,N,N,N,N,N,Y,N,N,Y,Y,N,Y,N,N,N,N,N,N,N,N,N,Y,Y,N,Y,Y,N,N,Y,Y,Y,N,Y,N,N,Y,N,15.005,[6N 22N 26N 3N ],14.9307,0.0050
Y,N,N,N,N,N,N,Y,N,N,Y,N,N,Y,N,N,N,Y,N,N,N,N,N,Y,Y,Y,N,Y,Y,N,N,Y,N,Y,Y,Y,N,N,N,14.893,[6N 22N 26Y 10N ],13.6667,0.0823
Y,N,N,N,N,N,N,Y,N,N,Y,N,N,Y,N,N,N,Y,Y,N,N,Y,N,Y,Y,N,Y,Y,Y,N,N,Y,Y,N,Y,Y,N,N,N,14.003,[6N 22Y 29Y ],13.8765,0.0090
Y,N,N,N,N,N,N,Y,N,N,Y,Y,N,Y,Y,N,N,N,Y,N,N,N,N,Y,Y,N,Y,Y,Y,N,N,Y,Y,N,Y,Y,N,N,N,14.838,[6N 22N 26N 3N ],14.9307,0.0062
Y,N,N,N,N,N,N,Y,N,Y,Y,N,N,Y,N,Y,N,N,N,N,N,N,N,Y,Y,N,Y,Y,Y,N,N,Y,Y,N,Y,N,N,Y,N,13.813,[6N 22N 26N 3N ],14.9307,0.0809
Y,N,N,N,N,N,N,Y,N,N,Y,Y,N,Y,N,N,N,N,N,Y,N,N,N,Y,Y,Y,N,Y,Y,N,N,Y,Y,N,Y,N,Y,N,N,14.199,[6N 22N 26Y 10N ],13.6667,0.0375
Y,N,Y,N,N,Y,N,Y,N,N,Y,N,Y,Y,N,Y,N,N,N,N,N,N,N,Y,Y,Y,N,Y,Y,N,N,Y,Y,N,Y,Y,N,N,N,15.978,[6Y ],15.0588,0.0575
Y,N,N,N,N,N,N,Y,N,N,Y,N,N,Y,N,N,N,N,N,N,N,Y,Y,Y,Y,N,Y,Y,N,N,Y,Y,Y,N,Y,Y,N,N,N,15.500,[6N 22Y 29N ],13.7242,0.1146
Y,N,Y,Y,N,N,N,Y,N,N,Y,N,N,Y,N,N,Y,N,N,N,N,N,N,Y,Y,N,Y,Y,Y,N,N,Y,Y,N,Y,N,N,Y,N,13.245,[6N 22N 26N 3Y ],14.3777,0.0855
Y,Y,N,N,N,N,N,Y,N,Y,Y,N,N,Y,Y,N,N,N,N,N,N,N,N,Y,Y,N,Y,Y,Y,N,N,Y,Y,N,Y,Y,N,N,N,15.088,[6N 22N 26N 3N ],14.9307,0.0104
Y,Y,Y,N,Y,N,N,Y,Y,Y,Y,Y,Y,Y,Y,Y,Y,Y,Y,Y,Y,N,Y,Y,Y,Y,N,Y,Y,N,N,Y,N,Y,Y,N,N,N,Y,13.857,[6N 22N 26Y 10Y ],14.5610,0.0508
Y,N,Y,N,N,Y,N,Y,N,N,Y,N,N,Y,N,N,N,N,Y,N,Y,N,N,Y,Y,Y,N,Y,Y,N,N,Y,Y,N,Y,Y,N,N,N,15.227,[6Y ],15.0588,0.0110
Y,N,N,N,N,N,N,Y,N,Y,Y,N,N,Y,N,N,N,N,N,N,N,N,N,Y,Y,Y,N,Y,Y,N,N,Y,N,Y,Y,N,N,N,Y,14.017,[6N 22N 26Y 10Y ],14.5610,0.0388
Y,Y,Y,N,N,Y,N,Y,Y,Y,Y,Y,Y,Y,Y,Y,Y,N,Y,Y,Y,Y,Y,Y,Y,N,Y,Y,N,N,Y,Y,Y,N,Y,N,N,N,Y,14.413,[6Y ],15.0588,0.0448
Y,N,N,N,N,N,N,Y,N,N,Y,N,N,Y,N,Y,Y,Y,N,N,N,N,N,Y,Y,Y,N,Y,Y,N,N,Y,Y,N,Y,Y,N,N,N,13.938,[6N 22N 26Y 10N ],13.6667,0.0195
Y,N,Y,N,N,Y,N,Y,N,N,Y,N,N,Y,N,N,N,Y,N,N,Y,N,N,Y,Y,N,Y,Y,Y,N,N,Y,Y,N,Y,Y,N,N,N,13.955,[6Y ],15.0588,0.0791
Y,N,N,N,N,N,N,Y,N,N,Y,Y,N,Y,N,N,N,N,N,N,N,Y,N,Y,Y,Y,N,Y,N,N,Y,Y,Y,N,Y,Y,N,N,N,14.621,[6N 22Y 29N ],13.7242,0.0613
Y,Y,Y,N,N,N,Y,Y,Y,Y,Y,Y,Y,Y,Y,Y,Y,Y,Y,Y,Y,Y,Y,Y,Y,Y,N,Y,N,Y,N,Y,Y,N,Y,Y,N,N,N,15.077,[6N 22Y 29N ],13.7242,0.0897
Y,N,N,N,N,N,N,Y,N,N,Y,N,N,Y,N,N,Y,N,N,N,N,N,N,Y,Y,N,Y,Y,Y,N,N,Y,N,Y,Y,N,Y,N,N,15.506,[6N 22N 26N 3N ],14.9307,0.0371
Y,N,Y,N,N,Y,N,Y,Y,N,Y,N,N,Y,N,N,N,N,N,N,N,N,N,Y,Y,Y,N,Y,Y,N,N,Y,Y,N,Y,N,N,Y,N,15.899,[6Y ],15.0588,0.0528
Y,N,N,N,N,N,N,Y,N,Y,Y,N,N,Y,Y,N,N,N,Y,N,N,N,N,Y,Y,Y,N,Y,Y,N,N,Y,Y,N,Y,Y,N,N,N,14.910,[6N 22N 26Y 10Y ],14.5610,0.0234
Y,N,N,N,N,N,N,Y,N,N,Y,N,N,Y,N,N,Y,N,N,N,Y,N,N,Y,Y,Y,N,Y,Y,N,N,Y,N,Y,Y,Y,N,N,N,13.411,[6N 22N 26Y 10N ],13.6667,0.0191
Y,N,N,N,N,N,N,Y,N,N,Y,N,N,Y,Y,Y,N,N,N,N,N,N,N,Y,Y,Y,N,Y,Y,N,N,Y,Y,N,Y,Y,N,N,N,14.840,[6N 22N 26Y 10N ],13.6667,0.0791
Y,N,Y,N,N,Y,N,Y,N,N,Y,N,N,Y,N,Y,N,Y,N,N,N,N,N,Y,Y,Y,N,Y,Y,N,N,Y,Y,N,Y,Y,N,N,N,15.786,[6Y ],15.0588,0.0461
Y,N,Y,Y,N,N,N,Y,N,N,Y,Y,Y,Y,N,N,N,N,N,N,N,N,N,Y,Y,Y,N,Y,Y,N,N,Y,Y,N,Y,Y,N,N,N,13.683,[6N 22N 26Y 10N ],13.6667,0.0012
Y,N,N,N,N,N,N,Y,N,N,Y,Y,N,Y,N,N,N,N,N,N,N,N,N,Y,Y,N,Y,Y,N,N,Y,Y,Y,N,Y,N,N,N,Y,15.190,[6N 22N 26N 3N ],14.9307,0.0171
Y,N,N,N,N,N,N,Y,Y,N,Y,N,N,Y,N,N,N,N,N,N,N,N,N,Y,Y,N,Y,Y,Y,N,N,Y,Y,N,Y,N,N,N,Y,13.492,[6N 22N 26N 3N ],14.9307,0.1066
Y,N,Y,N,Y,N,N,Y,N,N,Y,Y,N,Y,Y,N,N,N,N,N,N,N,N,Y,Y,N,Y,Y,Y,N,N,Y,Y,N,Y,Y,N,N,N,14.453,[6N 22N 26N 3Y ],14.3777,0.0052
Y,N,N,N,N,N,N,Y,N,N,Y,N,N,Y,N,Y,Y,N,N,N,N,N,N,Y,Y,Y,N,Y,Y,N,N,Y,Y,N,Y,N,Y,N,N,14.074,[6N 22N 26Y 10N ],13.6667,0.0289
Y,N,N,N,N,N,N,Y,N,N,Y,N,Y,Y,N,N,N,Y,N,N,N,N,N,Y,Y,Y,N,Y,N,N,Y,Y,Y,N,Y,Y,N,N,N,13.775,[6N 22N 26Y 10N ],13.6667,0.0079
Y,Y,N,N,N,N,N,Y,N,N,Y,N,N,Y,N,N,Y,N,N,N,N,N,Y,Y,Y,Y,N,Y,Y,N,N,Y,Y,N,Y,Y,N,N,N,14.271,[6N 22N 26Y 10N ],13.6667,0.0423
Y,N,N,N,N,N,N,Y,N,Y,Y,N,N,Y,N,N,Y,N,N,Y,N,N,N,Y,Y,Y,N,Y,Y,N,N,Y,Y,N,Y,Y,N,N,N,14.330,[6N 22N 26Y 10Y ],14.5610,0.0161
Y,Y,Y,Y,N,N,N,Y,Y,Y,Y,N,Y,Y,Y,Y,Y,Y,Y,Y,Y,Y,Y,Y,Y,N,Y,Y,N,N,Y,Y,Y,N,Y,N,N,N,Y,13.045,[6N 22Y 29N ],13.7242,0.0521
Y,N,N,N,N,N,N,Y,N,N,Y,N,Y,Y,N,N,N,N,N,N,N,N,N,Y,Y,N,Y,Y,Y,N,N,Y,Y,N,Y,Y,N,N,N,14.325,[6N 22N 26N 3N ],14.9307,0.0423
Y,N,N,N,N,N,N,Y,N,N,Y,N,Y,Y,N,N,N,N,N,N,N,N,N,Y,Y,N,Y,Y,N,Y,N,Y,Y,N,Y,N,N,N,Y,14.424,[6N 22N 26N 3N ],14.9307,0.0351
Y,N,N,N,N,N,N,Y,N,N,Y,N,N,Y,N,N,N,N,N,N,Y,N,N,Y,Y,N,Y,Y,N,Y,N,Y,Y,N,Y,Y,N,N,N,13.508,[6N 22N 26N 3N ],14.9307,0.1053
Y,N,Y,N,N,Y,N,Y,Y,N,Y,N,N,Y,N,N,N,Y,N,N,N,N,N,Y,Y,N,Y,Y,Y,N,N,Y,Y,N,Y,Y,N,N,N,15.503,[6Y ],15.0588,0.0287
Y,Y,Y,Y,N,N,N,Y,Y,Y,Y,Y,Y,Y,Y,Y,Y,Y,Y,N,Y,Y,Y,Y,Y,N,Y,Y,N,N,Y,Y,Y,N,Y,N,N,N,Y,13.386,[6N 22Y 29N ],13.7242,0.0253
Y,N,N,N,N,N,N,Y,Y,N,Y,N,N,Y,N,N,N,N,N,N,N,Y,N,Y,Y,Y,N,Y,Y,N,N,Y,Y,N,Y,N,N,Y,N,13.159,[6N 22Y 29Y ],13.8765,0.0545
N,N,N,N,Y,N,N,N,N,N,N,N,N,N,N,N,N,N,N,N,N,N,N,N,N,Y,N,N,Y,N,N,N,Y,N,Y,Y,N,N,N,15.688,[6N 22N 26Y 10N ],13.6667,0.1288
Y,Y,Y,Y,N,N,N,Y,Y,Y,Y,Y,Y,Y,N,Y,Y,Y,Y,Y,Y,Y,Y,Y,Y,Y,N,Y,Y,N,N,Y,N,Y,Y,N,N,N,Y,14.541,[6N 22Y 29Y ],13.8765,0.0457
Y,N,N,N,N,N,N,Y,N,N,Y,N,N,Y,N,N,N,N,N,N,Y,N,Y,Y,Y,N,Y,Y,Y,N,N,Y,Y,N,Y,Y,N,N,N,13.744,[6N 22N 26N 3N ],14.9307,0.0863
Y,N,Y,N,N,N,Y,Y,Y,N,Y,N,N,Y,N,N,N,N,N,N,N,N,N,Y,Y,N,Y,Y,Y,N,N,Y,N,Y,Y,Y,N,N,N,13.811,[6N 22N 26N 3Y ],14.3777,0.0410
Y,N,N,N,N,N,N,Y,N,N,Y,N,N,Y,N,N,Y,Y,N,N,N,N,N,Y,Y,Y,N,Y,Y,N,N,Y,Y,N,Y,Y,N,N,N,14.676,[6N 22N 26Y 10N ],13.6667,0.0688
Y,Y,N,N,N,N,N,Y,N,N,Y,N,N,Y,N,N,N,Y,N,N,N,N,Y,Y,Y,Y,N,Y,Y,N,N,Y,Y,N,Y,Y,N,N,N,14.366,[6N 22N 26Y 10N ],13.6667,0.0487
Y,N,N,N,N,N,N,Y,Y,N,Y,N,N,Y,N,N,N,Y,N,N,N,N,N,Y,Y,N,Y,Y,N,N,Y,Y,Y,N,Y,Y,N,N,N,15.225,[6N 22N 26N 3N ],14.9307,0.0193
Y,N,Y,N,Y,N,N,Y,Y,N,Y,N,N,Y,N,N,Y,N,N,N,N,N,N,Y,Y,Y,N,Y,Y,N,N,Y,Y,N,Y,Y,N,N,N,16.252,[6N 22N 26Y 10N ],13.6667,0.1591
Y,Y,N,N,N,N,N,Y,N,N,Y,Y,N,Y,N,N,N,N,N,Y,N,N,N,Y,Y,Y,N,Y,Y,N,N,Y,Y,N,Y,Y,N,N,N,15.217,[6N 22N 26Y 10N ],13.6667,0.1019
Y,Y,Y,N,N,N,Y,Y,Y,Y,Y,Y,Y,Y,N,Y,Y,Y,Y,Y,Y,Y,Y,Y,Y,Y,N,Y,N,N,Y,Y,Y,N,Y,N,Y,N,N,13.439,[6N 22Y 29N ],13.7242,0.0212
Y,N,Y,N,Y,N,N,Y,N,N,Y,N,N,Y,N,N,N,Y,N,N,N,N,N,Y,Y,N,Y,Y,Y,N,N,Y,Y,N,Y,N,Y,N,N,14.367,[6N 22N 26N 3Y ],14.3777,0.0007
Y,Y,Y,Y,N,N,N,Y,Y,Y,Y,Y,Y,Y,Y,N,Y,Y,Y,Y,Y,Y,Y,Y,Y,N,Y,Y,N,N,Y,Y,Y,N,Y,N,N,N,Y,13.281,[6N 22Y 29N ],13.7242,0.0334
Y,N,Y,N,N,Y,N,Y,N,N,Y,N,N,Y,N,N,Y,Y,N,N,N,N,N,Y,Y,Y,N,Y,Y,N,N,Y,Y,N,Y,Y,N,N,N,15.323,[6Y ],15.0588,0.0172
Y,Y,Y,N,N,N,Y,Y,N,Y,Y,Y,Y,Y,Y,Y,Y,Y,Y,Y,Y,Y,Y,Y,Y,Y,N,Y,N,N,Y,Y,Y,N,Y,N,N,Y,N,13.357,[6N 22Y 29N ],13.7242,0.0275
Y,N,Y,N,Y,N,N,Y,N,N,Y,Y,N,Y,N,N,N,N,N,N,N,N,N,Y,Y,N,Y,Y,Y,N,N,Y,Y,N,Y,N,N,N,Y,14.438,[6N 22N 26N 3Y ],14.3777,0.0042
Y,N,N,N,N,N,N,Y,N,Y,Y,N,N,Y,N,N,Y,N,Y,N,N,N,N,Y,Y,Y,N,Y,Y,N,N,Y,Y,N,Y,Y,N,N,N,15.057,[6N 22N 26Y 10Y ],14.5610,0.0329
Y,N,N,N,N,N,N,Y,N,N,Y,N,N,Y,N,N,N,N,N,N,N,N,Y,Y,Y,N,Y,Y,Y,N,N,Y,N,Y,Y,N,Y,N,N,15.291,[6N 22N 26N 3N ],14.9307,0.0236
Y,N,N,N,N,N,N,Y,Y,N,Y,N,N,Y,Y,N,N,N,Y,N,N,N,N,Y,Y,N,Y,Y,Y,N,N,Y,Y,N,Y,Y,N,N,N,15.621,[6N 22N 26N 3N ],14.9307,0.0442
Y,Y,N,N,N,N,N,Y,N,N,Y,N,Y,Y,N,N,N,N,N,N,N,N,Y,Y,Y,N,Y,Y,Y,N,N,Y,Y,N,Y,Y,N,N,N,14.291,[6N 22N 26N 3N ],14.9307,0.0448
Y,N,N,N,N,N,N,Y,N,N,Y,N,Y,Y,N,N,N,Y,N,N,N,N,N,Y,Y,Y,N,Y,Y,N,N,Y,Y,N,Y,N,N,N,Y,13.978,[6N 22N 26Y 10N ],13.6667,0.0223
Y,N,N,N,N,N,N,Y,N,N,Y,N,N,Y,N,N,N,N,N,N,N,N,N,Y,Y,N,Y,Y,Y,N,N,Y,N,Y,Y,N,N,N,Y,15.221,[6N 22N 26N 3N ],14.9307,0.0191
Y,Y,N,N,N,N,N,Y,N,N,Y,N,N,Y,Y,N,N,N,N,N,N,N,N,Y,Y,N,Y,Y,Y,N,N,Y,Y,N,Y,N,N,N,Y,14.651,[6N 22N 26N 3N ],14.9307,0.0191
Y,N,N,N,N,N,N,Y,Y,N,Y,N,N,Y,N,N,N,N,N,N,Y,N,N,Y,Y,N,Y,Y,Y,N,N,Y,Y,N,Y,Y,N,N,N,13.809,[6N 22N 26N 3N ],14.9307,0.0812
Y,N,Y,N,N,Y,N,Y,N,N,Y,Y,N,Y,N,N,N,N,N,N,N,N,Y,Y,Y,N,Y,Y,Y,N,N,Y,Y,N,Y,Y,N,N,N,13.852,[6Y ],15.0588,0.0871
Y,N,N,N,N,N,N,Y,N,N,Y,N,N,Y,N,Y,N,N,N,N,N,N,N,Y,Y,Y,N,Y,Y,N,N,Y,N,Y,Y,N,N,N,Y,14.318,[6N 22N 26Y 10N ],13.6667,0.0455
Y,N,N,N,N,N,N,Y,N,N,Y,N,N,Y,N,N,N,N,N,Y,N,N,N,Y,Y,Y,N,Y,N,Y,N,Y,Y,N,Y,Y,N,N,N,14.257,[6N 22N 26Y 10N ],13.6667,0.0414
Y,N,N,N,N,N,N,Y,Y,N,Y,N,N,Y,N,N,N,N,N,N,N,N,N,Y,Y,N,Y,Y,N,N,Y,Y,Y,N,Y,N,N,Y,N,15.701,[6N 22N 26N 3N ],14.9307,0.0491
Y,N,N,N,N,N,N,Y,N,N,Y,Y,N,Y,N,N,N,N,N,N,N,N,Y,Y,Y,Y,N,Y,N,N,Y,Y,Y,N,Y,Y,N,N,N,13.168,[6N 22N 26Y 10N ],13.6667,0.0379
Y,N,Y,N,N,Y,N,Y,N,N,Y,N,N,Y,N,N,N,Y,N,N,N,N,N,Y,Y,Y,N,Y,N,N,Y,Y,Y,N,Y,Y,N,N,N,15.421,[6Y ],15.0588,0.0235
Y,N,Y,N,Y,N,N,Y,N,N,Y,N,N,Y,N,N,N,Y,N,N,N,N,N,Y,Y,N,Y,Y,N,N,Y,Y,Y,N,Y,Y,N,N,N,13.087,[6N 22N 26N 3Y ],14.3777,0.0986
Y,N,Y,N,Y,N,N,Y,Y,N,Y,N,N,Y,N,N,N,N,N,N,N,N,N,Y,Y,N,Y,Y,Y,N,N,Y,N,Y,Y,Y,N,N,N,15.009,[6N 22N 26N 3Y ],14.3777,0.0421
Y,Y,Y,N,N,N,Y,Y,Y,Y,Y,Y,Y,Y,Y,Y,Y,Y,N,Y,Y,Y,Y,Y,Y,N,Y,Y,N,Y,N,Y,N,Y,Y,N,N,N,Y,14.281,[6N 22Y 29N ],13.7242,0.0390
Y,N,Y,N,N,Y,N,Y,N,N,Y,Y,N,Y,N,N,N,N,N,N,N,N,N,Y,Y,N,Y,Y,Y,N,N,Y,N,Y,Y,Y,N,N,N,15.608,[6Y ],15.0588,0.0352
Y,N,N,N,N,N,N,Y,Y,Y,Y,N,Y,Y,N,N,N,N,N,N,N,N,N,Y,Y,N,Y,Y,Y,N,N,Y,Y,N,Y,Y,N,N,N,15.844,[6N 22N 26N 3N ],14.9307,0.0576
Y,N,Y,N,Y,N,N,Y,N,N,Y,N,N,Y,Y,N,N,Y,N,N,N,N,N,Y,Y,N,Y,Y,Y,N,N,Y,Y,N,Y,Y,N,N,N,14.949,[6N 22N 26N 3Y ],14.3777,0.0382
Y,N,Y,N,Y,N,N,Y,Y,N,Y,N,N,Y,Y,N,N,N,N,N,N,N,N,Y,Y,N,Y,Y,Y,N,N,Y,Y,N,Y,Y,N,N,N,14.879,[6N 22N 26N 3Y ],14.3777,0.0337
Y,N,N,N,N,N,N,Y,Y,N,Y,N,N,Y,N,Y,N,N,N,N,N,N,N,Y,Y,N,Y,Y,Y,N,N,Y,Y,N,Y,N,Y,N,N,13.466,[6N 22N 26N 3N ],14.9307,0.1088
Y,N,Y,N,Y,N,N,Y,N,N,Y,N,N,Y,N,Y,N,N,N,N,N,N,N,Y,Y,Y,N,Y,Y,N,N,Y,Y,N,Y,Y,N,N,N,14.593,[6N 22N 26Y 10N ],13.6667,0.0635
Y,Y,Y,N,N,N,Y,Y,Y,Y,Y,Y,Y,Y,Y,Y,Y,N,Y,Y,Y,Y,Y,Y,Y,Y,N,Y,Y,N,N,Y,N,Y,Y,N,N,N,Y,14.196,[6N 22Y 29Y ],13.8765,0.0225
Y,N,N,N,N,N,N,Y,Y,N,Y,N,Y,Y,N,N,N,N,N,N,N,Y,N,Y,Y,Y,N,Y,Y,N,N,Y,Y,N,Y,Y,N,N,N,14.587,[6N 22Y 29Y ],13.8765,0.0487
Y,Y,Y,N,N,Y,N,Y,Y,Y,Y,Y,Y,Y,Y,Y,Y,Y,Y,Y,Y,N,Y,Y,Y,Y,N,Y,N,N,Y,Y,Y,N,Y,N,Y,N,N,14.485,[6Y ],15.0588,0.0396
Y,N,Y,N,Y,N,N,Y,N,N,Y,Y,N,Y,N,N,N,N,N,N,N,N,N,Y,Y,N,Y,Y,N,N,Y,Y,Y,N,Y,Y,N,N,N,14.274,[6N 22N 26N 3Y ],14.3777,0.0073
Y,N,N,N,N,N,N,Y,Y,N,Y,N,N,Y,N,N,N,N,Y,N,N,N,N,Y,Y,Y,N,Y,Y,N,N,Y,Y,N,Y,N,Y,N,N,13.722,[6N 22N 26Y 10N ],13.6667,0.0040
Y,N,N,N,N,N,N,Y,N,Y,Y,N,N,Y,N,N,N,N,N,N,Y,N,N,Y,Y,N,Y,Y,Y,N,N,Y,Y,N,Y,N,N,Y,N,15.030,[6N 22N 26N 3N ],14.9307,0.0066
Y,N,Y,N,N,Y,N,Y,N,N,Y,N,Y,Y,Y,N,N,N,N,N,N,N,N,Y,Y,Y,N,Y,Y,N,N,Y,Y,N,Y,Y,N,N,N,15.786,[6Y ],15.0588,0.0461
Y,N,Y,N,N,Y,N,Y,Y,Y,Y,Y,Y,Y,Y,Y,Y,Y,Y,Y,Y,Y,Y,Y,Y,Y,N,Y,N,N,Y,Y,Y,N,Y,Y,N,N,N,14.222,[6Y ],15.0588,0.0588
Y,N,N,N,N,N,N,Y,Y,N,Y,N,Y,Y,N,N,N,N,N,N,N,N,Y,Y,Y,N,Y,Y,Y,N,N,Y,Y,N,Y,Y,N,N,N,15.098,[6N 22N 26N 3N ],14.9307,0.0111
Y,Y,Y,N,Y,N,N,Y,Y,Y,Y,Y,Y,Y,N,Y,Y,Y,Y,Y,Y,Y,Y,Y,Y,Y,N,Y,N,N,Y,Y,Y,N,Y,Y,N,N,N,14.790,[6N 22Y 29N ],13.7242,0.0721
Y,N,N,N,N,N,N,Y,N,N,Y,N,Y,Y,N,N,N,N,N,N,Y,Y,N,Y,Y,Y,N,Y,Y,N,N,Y,Y,N,Y,Y,N,N,N,13.769,[6N 22Y 29Y ],13.8765,0.0078
Y,N,Y,N,N,N,Y,Y,N,Y,Y,N,N,Y,N,N,N,N,N,N,N,N,N,Y,Y,Y,N,Y,N,N,Y,Y,Y,N,Y,Y,N,N,N,15.590,[6N 22N 26Y 10Y ],14.5610,0.0660
Y,N,N,N,N,N,N,Y,N,N,Y,N,N,Y,N,N,N,Y,N,N,Y,N,N,Y,Y,Y,N,Y,N,Y,N,Y,Y,N,Y,Y,N,N,N,14.500,[6N 22N 26Y 10N ],13.6667,0.0575
Y,Y,Y,N,N,Y,N,Y,Y,Y,Y,Y,Y,Y,Y,N,Y,Y,Y,Y,Y,Y,Y,Y,Y,N,Y,Y,Y,N,N,Y,N,Y,Y,N,Y,N,N,14.219,[6Y ],15.0588,0.0591
Y,N,N,N,N,N,N,Y,N,N,Y,N,N,Y,N,N,Y,Y,N,N,N,N,N,Y,Y,Y,N,Y,N,N,Y,Y,Y,N,Y,Y,N,N,N,14.375,[6N 22N 26Y 10N ],13.6667,0.0493
Y,N,Y,N,Y,N,N,Y,N,Y,Y,N,N,Y,N,N,N,N,N,N,N,N,N,Y,Y,Y,N,Y,Y,N,N,Y,Y,N,Y,N,N,Y,N,15.708,[6N 22N 26Y 10Y ],14.5610,0.0730
Y,N,Y,N,N,Y,N,Y,N,N,Y,N,N,Y,N,N,N,N,N,N,N,Y,N,Y,Y,N,Y,Y,N,N,Y,Y,Y,N,Y,Y,N,N,N,13.814,[6Y ],15.0588,0.0901
Y,Y,Y,N,N,Y,N,Y,Y,Y,Y,Y,Y,Y,Y,Y,Y,N,Y,Y,Y,Y,Y,Y,Y,N,Y,Y,N,Y,N,Y,N,Y,Y,N,N,N,Y,14.715,[6Y ],15.0588,0.0234
Y,N,N,N,N,N,N,Y,N,N,Y,N,N,Y,Y,N,N,N,N,N,N,Y,N,Y,Y,N,Y,Y,Y,N,N,Y,Y,N,Y,N,N,Y,N,14.204,[6N 22Y 29Y ],13.8765,0.0231
Y,N,Y,Y,N,N,N,Y,N,N,Y,N,N,Y,N,N,N,N,N,Y,N,N,N,Y,Y,Y,N,Y,Y,N,N,Y,Y,N,Y,Y,N,N,N,13.966,[6N 22N 26Y 10N ],13.6667,0.0214
Y,N,N,N,N,N,N,Y,N,N,Y,N,N,Y,N,N,Y,N,N,N,Y,N,N,Y,Y,Y,N,Y,Y,N,N,Y,Y,N,Y,N,N,Y,N,14.403,[6N 22N 26Y 10N ],13.6667,0.0511
Y,N,Y,N,Y,N,N,Y,N,N,Y,N,Y,Y,N,N,N,N,N,N,N,N,N,Y,Y,N,Y,Y,Y,N,N,Y,Y,N,Y,N,N,Y,N,14.251,[6N 22N 26N 3Y ],14.3777,0.0089
Y,N,Y,N,Y,N,N,Y,N,N,Y,N,N,Y,N,N,N,N,N,N,N,Y,N,Y,Y,N,Y,Y,Y,N,N,Y,Y,N,Y,N,N,Y,N,13.937,[6N 22Y 29Y ],13.8765,0.0043
Y,N,N,N,N,N,N,Y,N,N,Y,N,N,Y,N,Y,N,N,N,N,N,Y,N,Y,Y,Y,N,Y,Y,N,N,Y,Y,N,Y,N,N,Y,N,13.989,[6N 22Y 29Y ],13.8765,0.0080
Y,Y,Y,N,N,N,Y,Y,Y,Y,Y,Y,Y,Y,Y,Y,Y,Y,Y,Y,N,Y,Y,Y,Y,N,Y,Y,N,N,Y,Y,Y,N,Y,N,N,N,Y,14.170,[6N 22Y 29N ],13.7242,0.0315
Y,Y,Y,N,N,Y,N,Y,Y,Y,Y,Y,Y,Y,Y,Y,Y,Y,N,Y,Y,Y,Y,Y,Y,N,Y,Y,N,N,Y,Y,Y,N,Y,N,N,N,Y,14.675,[6Y ],15.0588,0.0262
N,N,N,N,N,N,N,N,N,N,N,N,N,N,N,N,N,Y,N,N,N,N,N,N,N,Y,N,N,Y,N,N,N,Y,N,Y,Y,N,N,N,14.107,[6N 22N 26Y 10N ],13.6667,0.0312
Y,N,N,N,N,N,N,Y,N,N,Y,N,N,Y,N,N,N,N,N,N,N,N,Y,Y,Y,Y,N,Y,Y,N,N,Y,N,Y,Y,N,Y,N,N,14.035,[6N 22N 26Y 10N ],13.6667,0.0262
Y,N,N,N,N,N,N,Y,Y,N,Y,N,N,Y,N,N,N,N,N,N,N,N,N,Y,Y,Y,N,Y,Y,N,N,Y,Y,N,Y,N,N,Y,N,14.585,[6N 22N 26Y 10N ],13.6667,0.0630
Y,N,Y,N,N,N,Y,Y,N,N,Y,Y,N,Y,Y,N,N,N,N,N,N,N,N,Y,Y,N,Y,Y,Y,N,N,Y,Y,N,Y,Y,N,N,N,14.345,[6N 22N 26N 3Y ],14.3777,0.0023
Y,N,N,N,N,N,N,Y,N,N,Y,Y,N,Y,Y,Y,N,N,N,N,N,N,N,Y,Y,N,Y,Y,Y,N,N,Y,Y,N,Y,Y,N,N,N,14.633,[6N 22N 26N 3N ],14.9307,0.0203
Y,N,N,N,N,N,N,Y,N,N,Y,N,Y,Y,N,Y,N,Y,N,N,N,N,N,Y,Y,N,Y,Y,Y,N,N,Y,Y,N,Y,Y,N,N,N,13.302,[6N 22N 26N 3N ],14.9307,0.1224
Y,Y,N,N,N,N,N,Y,N,N,Y,N,N,Y,N,N,N,N,N,N,N,N,N,Y,Y,N,Y,Y,Y,N,N,Y,N,Y,Y,Y,N,N,N,14.355,[6N 22N 26N 3N ],14.9307,0.0401
Y,N,Y,Y,N,N,N,Y,N,N,Y,N,N,Y,N,N,N,N,N,N,Y,N,N,Y,Y,N,Y,Y,Y,N,N,Y,Y,N,Y,N,N,Y,N,13.690,[6N 22N 26N 3Y ],14.3777,0.0502
Y,Y,Y,N,Y,N,N,Y,Y,Y,Y,Y,Y,Y,N,Y,Y,Y,Y,Y,Y,Y,Y,Y,Y,Y,N,Y,N,N,Y,Y,Y,N,Y,N,Y,N,N,15.124,[6N 22Y 29N ],13.7242,0.0926
Y,N,N,N,N,N,N,Y,N,N,Y,Y,N,Y,N,N,Y,N,N,Y,N,N,N,Y,Y,Y,N,Y,Y,N,N,Y,Y,N,Y,Y,N,N,N,15.128,[6N 22N 26Y 10N ],13.6667,0.0966
Y,N,N,N,N,N,N,Y,N,N,Y,N,N,Y,N,N,N,N,N,N,Y,Y,N,Y,Y,N,Y,Y,Y,N,N,Y,Y,N,Y,N,N,N,Y,15.368,[6N 22Y 29Y ],13.8765,0.0971
Y,N,Y,N,Y,N,N,Y,N,N,Y,N,N,Y,N,N,Y,N,N,N,N,N,Y,Y,Y,Y,N,Y,Y,N,N,Y,Y,N,Y,Y,N,N,N,15.577,[6N 22N 26Y 10N ],13.6667,0.1226
Y,N,Y,Y,N,N,N,Y,N,N,Y,N,N,Y,N,N,N,N,N,Y,N,N,N,Y,Y,N,Y,Y,Y,N,N,Y,N,Y,Y,Y,N,N,N,13.872,[6N 22N 26N 3Y ],14.3777,0.0365
Y,Y,Y,N,Y,N,N,Y,Y,Y,Y,Y,Y,Y,N,Y,Y,Y,Y,Y,Y,Y,Y,Y,Y,Y,N,Y,Y,N,N,Y,Y,N,Y,N,N,Y,N,13.158,[6N 22Y 29Y ],13.8765,0.0546
Y,N,Y,N,Y,N,N,Y,Y,Y,Y,Y,Y,Y,Y,Y,Y,Y,Y,Y,Y,Y,Y,Y,Y,Y,N,Y,N,N,Y,Y,Y,N,Y,Y,N,N,N,14.870,[6N 22Y 29N ],13.7242,0.0771
Y,Y,Y,N,N,Y,N,Y,Y,Y,Y,Y,Y,Y,Y,Y,Y,Y,Y,Y,Y,Y,N,Y,Y,N,Y,Y,N,Y,N,Y,N,Y,Y,N,N,N,Y,14.699,[6Y ],15.0588,0.0245
Y,N,N,N,N,N,N,Y,N,N,Y,N,N,Y,N,N,N,N,N,N,N,Y,N,Y,Y,Y,N,Y,N,N,Y,Y,N,Y,Y,Y,N,N,N,14.587,[6N 22Y 29N ],13.7242,0.0591
Y,Y,N,N,N,N,N,Y,N,N,Y,N,N,Y,N,Y,N,N,N,N,N,Y,N,Y,Y,N,Y,Y,Y,N,N,Y,Y,N,Y,Y,N,N,N,15.323,[6N 22Y 29Y ],13.8765,0.0944
Y,N,Y,N,N,N,Y,Y,N,N,Y,Y,N,Y,N,N,Y,N,N,N,N,N,N,Y,Y,N,Y,Y,Y,N,N,Y,Y,N,Y,Y,N,N,N,14.659,[6N 22N 26N 3Y ],14.3777,0.0192
Y,N,Y,N,N,N,Y,Y,Y,Y,Y,Y,Y,Y,Y,Y,Y,Y,Y,Y,Y,Y,Y,Y,Y,N,Y,Y,N,N,Y,Y,Y,N,Y,N,N,N,Y,14.186,[6N 22Y 29N ],13.7242,0.0325
Y,N,Y,N,Y,N,N,Y,N,N,Y,N,N,Y,N,N,Y,N,N,N,N,Y,N,Y,Y,Y,N,Y,Y,N,N,Y,Y,N,Y,Y,N,N,N,15.758,[6N 22Y 29Y ],13.8765,0.1194
Y,N,N,N,N,N,N,Y,N,Y,Y,N,N,Y,N,Y,N,N,N,N,N,N,N,Y,Y,Y,N,Y,Y,N,N,Y,Y,N,Y,Y,N,N,N,14.607,[6N 22N 26Y 10Y ],14.5610,0.0031
Y,N,Y,N,N,Y,N,Y,N,N,Y,N,N,Y,N,N,N,N,N,N,N,N,N,Y,Y,N,Y,Y,N,Y,N,Y,N,Y,Y,Y,N,N,N,15.304,[6Y ],15.0588,0.0160
Y,N,N,N,N,N,N,Y,N,N,Y,Y,N,Y,N,N,N,N,N,N,N,N,Y,Y,Y,Y,N,Y,Y,N,N,Y,N,Y,Y,Y,N,N,N,13.634,[6N 22N 26Y 10N ],13.6667,0.0024
Y,N,Y,Y,N,N,N,Y,N,N,Y,N,N,Y,Y,N,N,N,N,N,N,Y,N,Y,Y,N,Y,Y,Y,N,N,Y,Y,N,Y,Y,N,N,N,14.360,[6N 22Y 29Y ],13.8765,0.0337
Y,Y,Y,N,N,Y,N,Y,Y,Y,Y,Y,N,Y,Y,Y,Y,Y,Y,Y,Y,Y,Y,Y,Y,N,Y,Y,N,N,Y,Y,Y,N,Y,N,N,N,Y,14.654,[6Y ],15.0588,0.0276
Y,N,Y,N,Y,N,N,Y,N,N,Y,N,N,Y,N,N,N,N,N,N,N,Y,N,Y,Y,Y,N,Y,Y,N,N,Y,Y,N,Y,Y,N,N,N,14.780,[6N 22Y 29Y ],13.8765,0.0611
Y,N,Y,Y,N,N,N,Y,N,N,Y,N,N,Y,N,Y,N,N,N,N,N,N,N,Y,Y,Y,N,Y,Y,N,N,Y,Y,N,Y,Y,N,N,N,14.809,[6N 22N 26Y 10N ],13.6667,0.0771
Y,Y,N,N,N,N,N,Y,N,Y,Y,N,N,Y,N,N,N,N,N,N,Y,N,N,Y,Y,Y,N,Y,Y,N,N,Y,Y,N,Y,Y,N,N,N,14.833,[6N 22N 26Y 10Y ],14.5610,0.0183
Y,Y,Y,N,N,Y,N,Y,Y,N,Y,Y,Y,Y,Y,Y,Y,Y,Y,Y,Y,Y,Y,Y,Y,Y,N,Y,N,N,Y,Y,Y,N,Y,N,Y,N,N,14.561,[6Y ],15.0588,0.0342
Y,N,N,N,N,N,N,Y,Y,N,Y,N,N,Y,N,N,N,N,N,N,N,N,Y,Y,Y,Y,N,Y,Y,N,N,Y,Y,N,Y,N,N,Y,N,13.967,[6N 22N 26Y 10N ],13.6667,0.0215
Y,Y,N,N,N,N,N,Y,N,N,Y,N,N,Y,N,Y,N,N,N,Y,N,N,N,Y,Y,Y,N,Y,Y,N,N,Y,Y,N,Y,Y,N,N,N,15.065,[6N 22N 26Y 10N ],13.6667,0.0928
Y,N,Y,N,N,Y,N,Y,N,N,Y,N,Y,Y,N,N,N,N,N,N,N,Y,N,Y,Y,N,Y,Y,Y,N,N,Y,Y,N,Y,Y,N,N,N,14.049,[6Y ],15.0588,0.0719
Y,N,Y,N,N,N,Y,Y,N,N,Y,N,N,Y,N,N,N,N,Y,N,N,N,N,Y,Y,Y,N,Y,Y,N,N,Y,Y,N,Y,N,N,Y,N,15.859,[6N 22N 26Y 10N ],13.6667,0.1382
Y,Y,Y,N,N,Y,N,Y,Y,Y,Y,Y,N,Y,Y,Y,Y,Y,Y,Y,Y,Y,Y,Y,Y,Y,N,Y,N,N,Y,Y,Y,N,Y,N,Y,N,N,14.075,[6Y ],15.0588,0.0699
Y,N,N,N,N,N,N,Y,N,N,Y,N,N,Y,N,Y,N,N,N,N,N,N,Y,Y,Y,Y,N,Y,Y,N,N,Y,Y,N,Y,Y,N,N,N,14.053,[6N 22N 26Y 10N ],13.6667,0.0275
Y,Y,Y,Y,N,N,N,Y,Y,Y,Y,Y,Y,Y,Y,Y,Y,N,Y,Y,Y,Y,Y,Y,Y,N,Y,Y,N,N,Y,Y,Y,N,Y,N,N,N,Y,13.195,[6N 22Y 29N ],13.7242,0.0401
Y,N,N,N,N,N,N,Y,N,N,Y,N,N,Y,Y,N,N,N,N,N,N,N,N,Y,Y,Y,N,Y,N,N,Y,Y,N,Y,Y,Y,N,N,N,13.498,[6N 22N 26Y 10N ],13.6667,0.0125
Y,N,N,N,N,N,N,Y,Y,N,Y,N,N,Y,N,Y,N,N,N,N,N,N,N,Y,Y,N,Y,Y,Y,N,N,Y,N,Y,Y,Y,N,N,N,15.490,[6N 22N 26N 3N ],14.9307,0.0361
Y,Y,Y,Y,N,N,N,Y,Y,Y,Y,Y,Y,Y,Y,Y,Y,Y,Y,Y,Y,Y,Y,Y,Y,Y,N,Y,N,N,Y,Y,Y,N,Y,N,N,Y,N,14.449,[6N 22Y 29N ],13.7242,0.0502
Y,N,Y,N,N,Y,N,Y,N,Y,Y,N,N,Y,N,N,N,N,N,N,N,N,N,Y,Y,Y,N,Y,Y,N,N,Y,N,Y,Y,Y,N,N,N,15.336,[6Y ],15.0588,0.0181
Y,N,Y,N,N,Y,N,Y,N,Y,Y,N,N,Y,N,N,N,N,Y,N,N,N,N,Y,Y,Y,N,Y,Y,N,N,Y,Y,N,Y,Y,N,N,N,16.034,[6Y ],15.0588,0.0608
Y,N,Y,N,Y,N,N,Y,N,N,Y,N,N,Y,N,N,N,N,N,N,N,N,N,Y,Y,N,Y,Y,N,N,Y,Y,Y,N,Y,Y,N,N,N,15.345,[6N 22N 26N 3Y ],14.3777,0.0630
Y,N,N,N,N,N,N,Y,Y,N,Y,N,N,Y,N,N,N,N,N,N,N,Y,N,Y,Y,Y,N,Y,Y,N,N,Y,Y,N,Y,Y,N,N,N,14.370,[6N 22Y 29Y ],13.8765,0.0343
Y,N,N,N,N,N,N,Y,N,N,Y,N,N,Y,N,N,Y,N,N,N,N,N,N,Y,Y,N,Y,Y,N,N,Y,Y,Y,N,Y,N,N,Y,N,15.459,[6N 22N 26N 3N ],14.9307,0.0342
Y,N,N,N,N,N,N,Y,N,N,Y,N,N,Y,N,N,N,N,Y,N,N,N,N,Y,Y,N,Y,Y,Y,N,N,Y,N,Y,Y,N,Y,N,N,15.186,[6N 22N 26N 3N ],14.9307,0.0168
Y,Y,N,N,N,N,N,Y,N,N,Y,N,N,Y,N,N,N,N,N,N,N,N,Y,Y,Y,N,Y,Y,Y,N,N,Y,Y,N,Y,N,Y,N,N,15.418,[6N 22N 26N 3N ],14.9307,0.0316
Y,Y,Y,Y,N,N,N,Y,Y,Y,Y,Y,Y,Y,Y,Y,Y,Y,Y,Y,Y,N,Y,Y,Y,Y,N,Y,Y,N,N,Y,N,Y,Y,N,N,N,Y,14.390,[6N 22N 26Y 10Y ],14.5610,0.0119
Y,N,N,N,N,N,N,Y,Y,N,Y,N,N,Y,N,N,N,N,N,Y,N,N,N,Y,Y,Y,N,Y,Y,N,N,Y,Y,N,Y,Y,N,N,N,14.738,[6N 22N 26Y 10N ],13.6667,0.0727
Y,N,Y,Y,N,N,N,Y,N,N,Y,N,N,Y,N,N,N,N,N,N,Y,N,N,Y,Y,Y,N,Y,N,N,Y,Y,Y,N,Y,Y,N,N,N,13.644,[6N 22N 26Y 10N ],13.6667,0.0017
Y,Y,Y,Y,N,N,N,Y,Y,Y,Y,Y,Y,Y,Y,Y,Y,N,Y,Y,Y,Y,Y,Y,Y,Y,N,Y,N,N,Y,Y,Y,N,Y,N,N,Y,N,13.525,[6N 22Y 29N ],13.7242,0.0147
Y,N,N,N,N,N,N,Y,Y,N,Y,N,N,Y,N,N,N,N,Y,N,N,N,N,Y,Y,N,Y,Y,Y,N,N,Y,N,Y,Y,Y,N,N,N,15.786,[6N 22N 26N 3N ],14.9307,0.0542
Y,N,Y,N,N,N,Y,Y,N,N,Y,N,N,Y,N,Y,N,N,Y,N,N,N,N,Y,Y,N,Y,Y,Y,N,N,Y,Y,N,Y,Y,N,N,N,14.514,[6N 22N 26N 3Y ],14.3777,0.0094
Y,Y,Y,N,N,Y,N,Y,N,N,Y,N,N,Y,N,N,N,N,N,N,N,N,N,Y,Y,Y,N,Y,Y,N,N,Y,N,Y,Y,Y,N,N,N,15.749,[6Y ],15.0588,0.0438
Y,N,Y,N,N,Y,N,Y,N,N,Y,N,N,Y,N,N,N,N,N,Y,N,N,N,Y,Y,Y,N,Y,Y,N,N,Y,Y,N,Y,N,N,N,Y,15.691,[6Y ],15.0588,0.0403
Y,Y,Y,Y,N,N,N,Y,N,N,Y,N,N,Y,N,N,N,N,N,N,N,N,N,Y,Y,Y,N,Y,Y,N,N,Y,Y,N,Y,N,N,Y,N,13.471,[6N 22N 26Y 10N ],13.6667,0.0145
Y,N,N,N,N,N,N,Y,N,N,Y,Y,N,Y,N,N,N,N,N,N,Y,N,N,Y,Y,N,Y,Y,N,N,Y,Y,Y,N,Y,Y,N,N,N,14.940,[6N 22N 26N 3N ],14.9307,0.0006
Y,N,N,N,N,N,N,Y,N,N,Y,N,N,Y,N,Y,N,N,N,Y,N,N,N,Y,Y,N,Y,Y,N,N,Y,Y,Y,N,Y,Y,N,N,N,14.979,[6N 22N 26N 3N ],14.9307,0.0032
Y,N,Y,N,Y,N,N,Y,N,N,Y,N,N,Y,Y,N,N,N,N,N,N,N,Y,Y,Y,Y,N,Y,Y,N,N,Y,Y,N,Y,Y,N,N,N,15.366,[6N 22N 26Y 10N ],13.6667,0.1106
Y,N,N,N,N,N,N,Y,N,N,Y,N,N,Y,N,Y,Y,N,N,Y,N,N,N,Y,Y,Y,N,Y,Y,N,N,Y,Y,N,Y,Y,N,N,N,14.412,[6N 22N 26Y 10N ],13.6667,0.0517
Y,N,N,N,N,N,N,Y,N,N,Y,N,N,Y,N,N,N,N,N,Y,N,N,N,Y,Y,Y,N,Y,N,Y,N,Y,Y,N,Y,N,Y,N,N,13.083,[6N 22N 26Y 10N ],13.6667,0.0446
Y,N,Y,N,Y,N,N,Y,N,N,Y,N,N,Y,Y,N,N,N,N,Y,N,N,N,Y,Y,Y,N,Y,Y,N,N,Y,Y,N,Y,Y,N,N,N,15.968,[6N 22N 26Y 10N ],13.6667,0.1441
Y,N,N,N,N,N,N,Y,N,Y,Y,N,N,Y,N,N,N,N,N,N,N,Y,Y,Y,Y,N,Y,Y,Y,N,N,Y,Y,N,Y,Y,N,N,N,14.502,[6N 22Y 29Y ],13.8765,0.0431
Y,N,Y,N,N,N,Y,Y,N,N,Y,N,N,Y,N,Y,N,N,N,N,Y,N,N,Y,Y,N,Y,Y,Y,N,N,Y,Y,N,Y,Y,N,N,N,14.255,[6N 22N 26N 3Y ],14.3777,0.0086
Y,N,Y,N,Y,N,N,Y,N,N,Y,N,N,Y,N,N,Y,N,N,N,N,N,N,Y,Y,Y,N,Y,Y,N,N,Y,Y,N,Y,Y,N,N,N,14.488,[6N 22N 26Y 10N ],13.6667,0.0567
Y,N,N,N,N,N,N,Y,N,N,Y,N,N,Y,N,N,N,N,Y,Y,N,N,N,Y,Y,Y,N,Y,Y,N,N,Y,Y,N,Y,N,Y,N,N,13.904,[6N 22N 26Y 10N ],13.6667,0.0171
Y,N,N,N,N,N,N,Y,N,Y,Y,N,N,Y,Y,Y,N,N,N,N,N,N,N,Y,Y,Y,N,Y,Y,N,N,Y,Y,N,Y,Y,N,N,N,15.169,[6N 22N 26Y 10Y ],14.5610,0.0401
Y,N,Y,N,N,Y,N,Y,N,N,Y,Y,N,Y,N,N,N,N,N,N,N,N,N,Y,Y,N,Y,Y,Y,N,N,Y,Y,N,Y,N,Y,N,N,15.395,[6Y ],15.0588,0.0218
Y,N,N,N,N,N,N,Y,N,N,Y,N,N,Y,N,Y,N,N,N,N,N,Y,N,Y,Y,Y,N,Y,N,Y,N,Y,Y,N,Y,Y,N,N,N,14.405,[6N 22Y 29N ],13.7242,0.0473
Y,N,Y,N,N,N,Y,Y,N,N,Y,N,N,Y,N,Y,N,N,N,Y,N,N,N,Y,Y,Y,N,Y,Y,N,N,Y,Y,N,Y,Y,N,N,N,15.983,[6N 22N 26Y 10N ],13.6667,0.1449
Y,N,Y,N,Y,N,N,Y,N,N,Y,N,N,Y,N,N,Y,N,N,N,N,N,N,Y,Y,N,Y,Y,Y,N,N,Y,Y,N,Y,N,N,Y,N,13.477,[6N 22N 26N 3Y ],14.3777,0.0668
Y,N,Y,Y,N,N,N,Y,N,N,Y,N,N,Y,N,Y,N,Y,N,N,N,N,N,Y,Y,Y,N,Y,Y,N,N,Y,Y,N,Y,Y,N,N,N,15.014,[6N 22N 26Y 10N ],13.6667,0.0897
Y,N,Y,N,Y,N,N,Y,Y,Y,Y,Y,Y,Y,Y,Y,Y,Y,Y,Y,Y,Y,Y,Y,Y,Y,N,Y,N,N,Y,Y,Y,N,Y,N,Y,N,N,14.677,[6N 22Y 29N ],13.7242,0.0649
Y,N,N,N,N,N,N,Y,N,N,Y,N,N,Y,N,Y,N,Y,N,Y,N,N,N,Y,Y,Y,N,Y,Y,N,N,Y,Y,N,Y,Y,N,N,N,13.965,[6N 22N 26Y 10N ],13.6667,0.0214
Y,N,Y,N,Y,N,N,Y,N,N,Y,N,N,Y,N,N,Y,N,N,N,N,N,N,Y,Y,N,Y,Y,Y,N,N,Y,N,Y,Y,Y,N,N,N,15.207,[6N 22N 26N 3Y ],14.3777,0.0545
Y,N,N,N,N,N,N,Y,N,N,Y,N,N,Y,N,Y,N,N,N,Y,N,N,Y,Y,Y,Y,N,Y,Y,N,N,Y,Y,N,Y,Y,N,N,N,13.846,[6N 22N 26Y 10N ],13.6667,0.0130
Y,N,N,N,N,N,N,Y,Y,N,Y,N,N,Y,N,N,N,N,N,N,N,N,N,Y,Y,N,Y,Y,N,N,Y,Y,Y,N,Y,N,Y,N,N,15.305,[6N 22N 26N 3N ],14.9307,0.0245
Y,Y,Y,N,N,Y,N,Y,Y,Y,Y,Y,Y,Y,Y,Y,Y,N,Y,Y,Y,Y,Y,Y,Y,Y,N,Y,N,N,Y,Y,Y,N,Y,N,Y,N,N,14.615,[6Y ],15.0588,0.0304
Y,N,Y,N,Y,N,N,Y,N,N,Y,N,N,Y,N,N,N,N,N,N,N,N,Y,Y,Y,Y,N,Y,Y,N,N,Y,Y,N,Y,N,Y,N,N,14.626,[6N 22N 26Y 10N ],13.6667,0.0656
Y,N,Y,Y,N,N,N,Y,N,N,Y,N,N,Y,N,N,N,N,N,Y,N,N,N,Y,Y,Y,N,Y,Y,N,N,Y,N,Y,Y,Y,N,N,N,13.941,[6N 22N 26Y 10N ],13.6667,0.0197
Y,N,Y,N,Y,N,N,Y,N,N,Y,N,N,Y,N,N,N,N,N,Y,N,Y,N,Y,Y,N,Y,Y,Y,N,N,Y,Y,N,Y,Y,N,N,N,14.624,[6N 22Y 29Y ],13.8765,0.0511
Y,N,Y,Y,N,N,N,Y,Y,N,Y,N,N,Y,N,N,N,N,N,N,N,Y,N,Y,Y,Y,N,Y,Y,N,N,Y,Y,N,Y,Y,N,N,N,13.837,[6N 22Y 29Y ],13.8765,0.0029
Y,N,N,N,N,N,N,Y,N,N,Y,N,Y,Y,N,N,N,N,N,N,Y,N,Y,Y,Y,Y,N,Y,Y,N,N,Y,Y,N,Y,Y,N,N,N,14.108,[6N 22N 26Y 10N ],13.6667,0.0313
Y,N,N,N,N,N,N,Y,N,N,Y,N,N,Y,N,N,N,N,N,N,N,N,N,Y,Y,Y,N,Y,N,Y,N,Y,Y,N,Y,N,N,N,Y,14.520,[6N 22N 26Y 10N ],13.6667,0.0588
Y,Y,Y,Y,N,N,N,Y,N,N,Y,N,N,Y,N,N,N,N,N,N,N,N,N,Y,Y,Y,N,Y,N,Y,N,Y,Y,N,Y,Y,N,N,N,14.381,[6N 22N 26Y 10N ],13.6667,0.0497
Y,Y,Y,N,N,N,Y,Y,Y,Y,Y,Y,Y,Y,Y,Y,Y,Y,Y,N,Y,Y,Y,Y,Y,N,Y,Y,Y,N,N,Y,Y,N,Y,Y,N,N,N,13.919,[6N 22Y 29Y ],13.8765,0.0031
Y,N,Y,N,N,N,Y,Y,Y,N,Y,N,Y,Y,N,N,N,N,N,N,N,N,N,Y,Y,Y,N,Y,Y,N,N,Y,Y,N,Y,Y,N,N,N,16.367,[6N 22N 26Y 10N ],13.6667,0.1650
Y,N,N,N,N,N,N,Y,N,N,Y,N,N,Y,N,N,N,N,N,N,Y,N,N,Y,Y,Y,N,Y,N,N,Y,Y,N,Y,Y,Y,N,N,N,14.342,[6N 22N 26Y 10N ],13.6667,0.0471
Y,N,N,N,N,N,N,Y,N,N,Y,N,N,Y,Y,N,N,N,N,Y,N,N,N,Y,Y,Y,N,Y,N,N,Y,Y,Y,N,Y,Y,N,N,N,13.914,[6N 22N 26Y 10N ],13.6667,0.0178
Y,N,Y,N,N,N,Y,Y,N,N,Y,N,N,Y,N,N,N,N,Y,Y,N,N,N,Y,Y,Y,N,Y,Y,N,N,Y,Y,N,Y,Y,N,N,N,16.356,[6N 22N 26Y 10N ],13.6667,0.1644
Y,N,Y,N,N,N,Y,Y,N,Y,Y,N,N,Y,N,N,N,N,N,N,N,N,N,Y,Y,N,Y,Y,N,Y,N,Y,Y,N,Y,N,Y,N,N,14.049,[6N 22N 26N 3Y ],14.3777,0.0234
Y,N,Y,Y,N,N,N,Y,N,N,Y,Y,N,Y,N,N,N,N,N,N,N,N,N,Y,Y,N,Y,Y,N,Y,N,Y,Y,N,Y,Y,N,N,N,13.221,[6N 22N 26N 3Y ],14.3777,0.0875
Y,N,Y,N,N,Y,N,Y,N,N,Y,N,N,Y,Y,N,Y,N,N,N,N,N,N,Y,Y,N,Y,Y,Y,N,N,Y,Y,N,Y,Y,N,N,N,14.713,[6Y ],15.0588,0.0235
Y,Y,Y,N,N,Y,N,Y,Y,Y,Y,N,Y,Y,Y,Y,Y,Y,Y,Y,Y,Y,Y,Y,Y,N,Y,Y,Y,N,N,Y,N,Y,Y,N,Y,N,N,14.482,[6Y ],15.0588,0.0398
Y,N,N,N,N,N,N,Y,N,N,Y,N,N,Y,N,N,N,N,N,N,N,Y,N,Y,Y,N,Y,Y,N,Y,N,Y,Y,N,Y,N,N,N,Y,13.975,[6N 22Y 29N ],13.7242,0.0179
Y,N,Y,N,N,N,Y,Y,N,N,Y,N,N,Y,N,N,N,N,N,Y,N,Y,N,Y,Y,N,Y,Y,Y,N,N,Y,Y,N,Y,Y,N,N,N,13.143,[6N 22Y 29Y ],13.8765,0.0558
Y,N,Y,N,N,Y,N,Y,N,Y,Y,N,N,Y,N,N,N,N,N,N,N,N,N,Y,Y,N,Y,Y,N,Y,N,Y,Y,N,Y,Y,N,N,N,15.288,[6Y ],15.0588,0.0150
Y,Y,Y,N,Y,N,N,Y,Y,Y,Y,Y,Y,Y,Y,Y,N,Y,Y,Y,Y,Y,Y,Y,Y,Y,N,Y,N,N,Y,Y,Y,N,Y,N,N,Y,N,14.600,[6N 22Y 29N ],13.7242,0.0600
Y,N,Y,N,N,N,Y,Y,N,N,Y,N,N,Y,N,N,N,N,N,N,N,N,N,Y,Y,Y,N,Y,Y,N,N,Y,Y,N,Y,N,N,Y,N,15.268,[6N 22N 26Y 10N ],13.6667,0.1049
Y,Y,Y,N,N,Y,N,Y,Y,Y,Y,Y,Y,Y,Y,Y,Y,Y,N,Y,Y,Y,Y,Y,Y,N,Y,Y,N,Y,N,Y,N,Y,Y,N,N,N,Y,14.580,[6Y ],15.0588,0.0328
Y,N,N,N,N,N,N,Y,N,N,Y,N,N,Y,N,Y,N,N,N,N,Y,N,N,Y,Y,N,Y,Y,Y,N,N,Y,N,Y,Y,Y,N,N,N,15.361,[6N 22N 26N 3N ],14.9307,0.0280
Y,N,N,N,N,N,N,Y,N,N,Y,N,N,Y,Y,N,N,N,Y,Y,N,N,N,Y,Y,Y,N,Y,Y,N,N,Y,Y,N,Y,Y,N,N,N,13.482,[6N 22N 26Y 10N ],13.6667,0.0137
Y,N,Y,Y,N,N,N,Y,Y,N,Y,N,Y,Y,N,N,N,N,N,N,N,N,N,Y,Y,N,Y,Y,Y,N,N,Y,Y,N,Y,Y,N,N,N,13.946,[6N 22N 26N 3Y ],14.3777,0.0310
Y,N,Y,Y,N,N,N,Y,N,N,Y,N,N,Y,N,N,N,N,Y,N,N,N,N,Y,Y,Y,N,Y,Y,N,N,Y,Y,N,Y,Y,N,N,N,14.502,[6N 22N 26Y 10N ],13.6667,0.0576
Y,N,Y,N,Y,N,N,Y,Y,N,Y,N,N,Y,N,N,N,N,N,N,N,N,N,Y,Y,N,Y,Y,N,N,Y,Y,Y,N,Y,Y,N,N,N,14.002,[6N 22N 26N 3Y ],14.3777,0.0268
Y,N,Y,N,N,N,Y,Y,N,N,Y,N,N,Y,N,N,Y,N,N,N,N,Y,N,Y,Y,N,Y,Y,Y,N,N,Y,Y,N,Y,Y,N,N,N,14.093,[6N 22Y 29Y ],13.8765,0.0154
Y,N,Y,Y,N,N,N,Y,N,N,Y,N,N,Y,N,N,N,N,N,N,N,N,N,Y,Y,N,Y,Y,Y,N,N,Y,Y,N,Y,Y,N,N,N,15.177,[6N 22N 26N 3Y ],14.3777,0.0527
Y,N,N,N,N,N,N,Y,N,N,Y,N,N,Y,N,N,N,Y,N,N,N,N,N,Y,Y,Y,N,Y,Y,N,N,Y,N,Y,Y,N,Y,N,N,14.036,[6N 22N 26Y 10N ],13.6667,0.0263
Y,N,N,N,N,N,N,Y,N,Y,Y,N,N,Y,N,Y,N,N,N,N,N,N,Y,Y,Y,Y,N,Y,Y,N,N,Y,Y,N,Y,Y,N,N,N,14.585,[6N 22N 26Y 10Y ],14.5610,0.0016
Y,N,N,N,N,N,N,Y,N,N,Y,N,N,Y,N,N,N,N,N,N,Y,N,Y,Y,Y,Y,N,Y,N,Y,N,Y,Y,N,Y,Y,N,N,N,14.883,[6N 22N 26Y 10N ],13.6667,0.0817
Y,N,N,N,N,N,N,Y,N,N,Y,N,N,Y,N,N,N,Y,N,N,N,Y,N,Y,Y,Y,N,Y,Y,N,N,Y,Y,N,Y,Y,N,N,N,13.991,[6N 22Y 29Y ],13.8765,0.0082
Y,N,N,N,N,N,N,Y,N,N,Y,Y,N,Y,N,N,N,N,Y,N,N,N,N,Y,Y,N,Y,Y,Y,N,N,Y,Y,N,Y,N,Y,N,N,14.804,[6N 22N 26N 3N ],14.9307,0.0086
Y,N,Y,N,N,Y,N,Y,N,N,Y,N,N,Y,Y,Y,N,N,N,N,N,N,N,Y,Y,Y,N,Y,Y,N,N,Y,Y,N,Y,Y,N,N,N,15.638,[6Y ],15.0588,0.0370
Y,N,N,N,N,N,N,Y,N,N,Y,N,N,Y,N,N,N,Y,N,Y,N,Y,N,Y,Y,Y,N,Y,Y,N,N,Y,Y,N,Y,Y,N,N,N,13.804,[6N 22Y 29Y ],13.8765,0.0053
Y,N,N,N,N,N,N,Y,N,N,Y,N,N,Y,N,N,N,N,N,N,N,Y,N,Y,Y,N,Y,Y,Y,N,N,Y,Y,N,Y,Y,N,N,N,14.637,[6N 22Y 29Y ],13.8765,0.0520
Y,Y,Y,Y,N,N,N,Y,Y,Y,Y,Y,Y,Y,Y,Y,Y,Y,Y,Y,Y,Y,N,Y,Y,N,Y,Y,N,N,Y,Y,Y,N,Y,N,N,N,Y,13.474,[6N 22Y 29N ],13.7242,0.0186
Y,N,Y,N,Y,N,N,Y,N,N,Y,N,N,Y,N,N,N,N,N,N,N,N,Y,Y,Y,N,Y,Y,N,N,Y,Y,Y,N,Y,Y,N,N,N,14.074,[6N 22N 26N 3Y ],14.3777,0.0216
Y,N,N,N,N,N,N,Y,N,N,Y,N,N,Y,N,N,Y,N,N,N,Y,Y,N,Y,Y,Y,N,Y,Y,N,N,Y,Y,N,Y,Y,N,N,N,13.639,[6N 22Y 29Y ],13.8765,0.0174
Y,N,N,N,N,N,N,Y,N,N,Y,Y,N,Y,Y,N,N,N,N,N,N,N,N,Y,Y,Y,N,Y,N,Y,N,Y,Y,N,Y,Y,N,N,N,14.322,[6N 22N 26Y 10N ],13.6667,0.0458
Y,N,N,N,N,N,N,Y,N,N,Y,N,Y,Y,Y,N,N,N,N,N,N,N,N,Y,Y,N,Y,Y,Y,N,N,Y,Y,N,Y,N,N,N,Y,14.993,[6N 22N 26N 3N ],14.9307,0.0042
Y,Y,N,N,N,N,N,Y,N,N,Y,Y,N,Y,N,N,N,N,N,N,N,N,N,Y,Y,N,Y,Y,N,N,Y,Y,Y,N,Y,Y,N,N,N,15.494,[6N 22N 26N 3N ],14.9307,0.0364
Y,N,N,N,N,N,N,Y,N,N,Y,N,N,Y,N,Y,Y,N,N,N,Y,N,N,Y,Y,Y,N,Y,Y,N,N,Y,Y,N,Y,Y,N,N,N,13.714,[6N 22N 26Y 10N ],13.6667,0.0035
Y,N,N,N,N,N,N,Y,N,N,Y,N,Y,Y,Y,N,N,N,N,N,N,N,N,Y,Y,N,Y,Y,Y,N,N,Y,Y,N,Y,N,N,Y,N,14.442,[6N 22N 26N 3N ],14.9307,0.0338
Y,Y,Y,N,Y,N,N,Y,Y,Y,Y,N,Y,Y,Y,Y,Y,Y,Y,Y,Y,Y,Y,Y,Y,Y,N,Y,Y,N,N,Y,N,Y,Y,N,N,N,Y,13.478,[6N 22Y 29Y ],13.8765,0.0296
Y,N,Y,N,Y,N,N,Y,Y,N,Y,N,N,Y,N,N,N,N,N,N,Y,N,N,Y,Y,N,Y,Y,Y,N,N,Y,Y,N,Y,Y,N,N,N,14.893,[6N 22N 26N 3Y ],14.3777,0.0346
Y,N,N,N,N,N,N,Y,N,N,Y,N,N,Y,N,Y,N,N,N,Y,N,N,N,Y,Y,Y,N,Y,Y,N,N,Y,Y,N,Y,N,Y,N,N,13.800,[6N 22N 26Y 10N ],13.6667,0.0097
Y,N,N,N,N,N,N,Y,Y,N,Y,N,N,Y,N,N,N,N,N,N,Y,N,N,Y,Y,Y,N,Y,N,N,Y,Y,Y,N,Y,Y,N,N,N,13.797,[6N 22N 26Y 10N ],13.6667,0.0094
Y,N,Y,Y,N,N,N,Y,N,N,Y,N,N,Y,Y,N,N,N,N,N,N,N,Y,Y,Y,Y,N,Y,Y,N,N,Y,Y,N,Y,Y,N,N,N,14.242,[6N 22N 26Y 10N ],13.6667,0.0404
Y,N,Y,N,N,Y,N,Y,N,N,Y,N,N,Y,N,N,N,N,N,N,N,N,N,Y,Y,Y,N,Y,N,Y,N,Y,Y,N,Y,N,Y,N,N,15.085,[6Y ],15.0588,0.0017
Y,Y,Y,N,N,Y,N,Y,Y,Y,Y,N,Y,Y,Y,Y,Y,Y,Y,Y,Y,Y,Y,Y,Y,Y,N,Y,N,N,Y,Y,Y,N,Y,Y,N,N,N,14.732,[6Y ],15.0588,0.0222
Y,N,N,N,N,N,N,Y,N,N,Y,N,N,Y,Y,N,N,N,N,N,Y,N,N,Y,Y,Y,N,Y,Y,N,N,Y,Y,N,Y,N,Y,N,N,13.346,[6N 22N 26Y 10N ],13.6667,0.0240
Y,N,N,N,N,N,N,Y,N,N,Y,N,Y,Y,N,Y,N,N,N,Y,N,N,N,Y,Y,Y,N,Y,Y,N,N,Y,Y,N,Y,Y,N,N,N,13.698,[6N 22N 26Y 10N ],13.6667,0.0023
Y,N,Y,N,N,Y,N,Y,N,Y,Y,N,N,Y,N,N,N,N,N,N,N,N,Y,Y,Y,N,Y,Y,Y,N,N,Y,Y,N,Y,Y,N,N,N,13.810,[6Y ],15.0588,0.0904
Y,N,N,N,N,N,N,Y,N,N,Y,Y,Y,Y,N,N,N,N,Y,N,N,N,N,Y,Y,N,Y,Y,Y,N,N,Y,Y,N,Y,Y,N,N,N,16.007,[6N 22N 26N 3N ],14.9307,0.0672
Y,Y,Y,N,Y,N,N,Y,Y,Y,Y,Y,Y,Y,Y,N,Y,Y,Y,Y,Y,Y,Y,Y,Y,Y,N,Y,Y,N,N,Y,Y,N,Y,N,Y,N,N,14.318,[6N 22Y 29Y ],13.8765,0.0308
Y,N,N,N,N,N,N,Y,N,Y,Y,N,N,Y,N,N,N,N,N,N,N,Y,N,Y,Y,N,Y,Y,N,N,Y,Y,Y,N,Y,Y,N,N,N,15.212,[6N 22Y 29N ],13.7242,0.0978
Y,N,Y,N,Y,N,N,Y,N,N,Y,N,N,Y,N,N,N,N,Y,N,N,N,N,Y,Y,N,Y,Y,Y,N,N,Y,N,Y,Y,Y,N,N,N,14.512,[6N 22N 26N 3Y ],14.3777,0.0093
Y,N,N,N,N,N,N,Y,N,Y,Y,N,N,Y,N,N,N,Y,N,N,N,N,N,Y,Y,N,Y,Y,Y,N,N,Y,Y,N,Y,N,Y,N,N,15.625,[6N 22N 26N 3N ],14.9307,0.0444
Y,N,N,N,N,N,N,Y,N,N,Y,N,N,Y,Y,N,N,N,N,N,N,N,N,Y,Y,N,Y,Y,N,Y,N,Y,Y,N,Y,N,N,Y,N,14.073,[6N 22N 26N 3N ],14.9307,0.0609
Y,N,N,N,N,N,N,Y,N,N,Y,Y,N,Y,Y,N,N,N,N,N,N,Y,N,Y,Y,N,Y,Y,Y,N,N,Y,Y,N,Y,Y,N,N,N,14.632,[6N 22Y 29Y ],13.8765,0.0516
Y,N,N,N,N,N,N,Y,N,N,Y,Y,N,Y,N,N,N,N,Y,N,N,N,N,Y,Y,Y,N,Y,N,N,Y,Y,Y,N,Y,Y,N,N,N,13.877,[6N 22N 26Y 10N ],13.6667,0.0152
Y,N,N,N,N,N,N,Y,Y,N,Y,N,Y,Y,Y,N,N,N,N,N,N,N,N,Y,Y,Y,N,Y,Y,N,N,Y,Y,N,Y,Y,N,N,N,14.761,[6N 22N 26Y 10N ],13.6667,0.0741
Y,N,N,N,N,N,N,Y,N,N,Y,N,Y,Y,N,N,N,N,N,N,N,N,N,Y,Y,Y,N,Y,Y,N,N,Y,Y,N,Y,N,Y,N,N,14.561,[6N 22N 26Y 10N ],13.6667,0.0614
Y,N,N,N,N,N,N,Y,N,Y,Y,N,N,Y,N,N,N,N,N,N,N,N,N,Y,Y,N,Y,Y,N,N,Y,Y,Y,N,Y,N,N,Y,N,15.377,[6N 22N 26N 3N ],14.9307,0.0290
Y,Y,Y,N,Y,N,N,Y,N,Y,Y,Y,Y,Y,Y,Y,Y,Y,Y,Y,Y,Y,Y,Y,Y,Y,N,Y,Y,N,N,Y,Y,N,Y,N,N,Y,N,14.226,[6N 22Y 29Y ],13.8765,0.0246
Y,N,N,N,N,N,N,Y,N,N,Y,N,Y,Y,N,Y,N,N,N,N,N,N,N,Y,Y,N,Y,Y,Y,N,N,Y,Y,N,Y,Y,N,N,N,13.593,[6N 22N 26N 3N ],14.9307,0.0984
Y,N,N,N,N,N,N,Y,N,N,Y,N,N,Y,Y,N,N,N,N,N,N,N,N,Y,Y,N,Y,Y,N,Y,N,Y,Y,N,Y,N,Y,N,N,14.491,[6N 22N 26N 3N ],14.9307,0.0303
Y,Y,Y,N,Y,N,N,Y,Y,Y,Y,Y,Y,Y,Y,Y,Y,Y,Y,Y,N,Y,Y,Y,Y,N,Y,Y,N,Y,N,Y,Y,N,Y,N,N,Y,N,14.276,[6N 22Y 29N ],13.7242,0.0386
Y,N,Y,N,N,N,Y,Y,N,N,Y,Y,N,Y,N,N,N,N,N,N,N,N,N,Y,Y,Y,N,Y,Y,N,N,Y,Y,N,Y,N,N,Y,N,15.591,[6N 22N 26Y 10N ],13.6667,0.1234
Y,N,N,N,N,N,N,Y,N,N,Y,N,N,Y,N,Y,N,N,N,N,N,N,N,Y,Y,Y,N,Y,N,N,Y,Y,Y,N,Y,N,Y,N,N,14.308,[6N 22N 26Y 10N ],13.6667,0.0448
Y,N,N,N,N,N,N,Y,N,N,Y,N,N,Y,N,N,N,Y,Y,N,N,N,N,Y,Y,N,Y,Y,Y,N,N,Y,Y,N,Y,N,Y,N,N,15.304,[6N 22N 26N 3N ],14.9307,0.0244
Y,N,N,N,N,N,N,Y,N,N,Y,Y,N,Y,N,N,N,N,N,N,Y,N,Y,Y,Y,Y,N,Y,Y,N,N,Y,Y,N,Y,Y,N,N,N,15.883,[6N 22N 26Y 10N ],13.6667,0.1395
Y,N,N,N,N,N,N,Y,N,N,Y,N,N,Y,N,N,N,Y,N,N,N,N,Y,Y,Y,Y,N,Y,Y,N,N,Y,Y,N,Y,Y,N,N,N,13.401,[6N 22N 26Y 10N ],13.6667,0.0198
Y,N,Y,Y,N,N,N,Y,N,N,Y,N,N,Y,N,N,N,N,N,N,N,N,N,Y,Y,N,Y,Y,N,Y,N,Y,Y,N,Y,N,N,N,Y,13.458,[6N 22N 26N 3Y ],14.3777,0.0683
Y,N,Y,N,N,N,Y,Y,N,N,Y,N,N,Y,Y,N,N,N,N,N,N,N,N,Y,Y,Y,N,Y,Y,N,N,Y,Y,N,Y,N,N,Y,N,15.748,[6N 22N 26Y 10N ],13.6667,0.1322
Y,Y,Y,N,Y,N,N,Y,Y,Y,Y,Y,Y,Y,Y,Y,Y,Y,Y,Y,Y,N,Y,Y,Y,Y,N,Y,Y,N,N,Y,Y,N,Y,N,Y,N,N,14.649,[6N 22N 26Y 10Y ],14.5610,0.0060
Y,N,N,N,N,N,N,Y,N,N,Y,Y,N,Y,N,N,N,N,N,N,N,N,N,Y,Y,N,Y,Y,N,N,Y,Y,Y,N,Y,N,Y,N,N,15.322,[6N 22N 26N 3N ],14.9307,0.0255
Y,Y,N,N,N,N,N,Y,N,N,Y,Y,N,Y,N,N,N,N,N,N,N,N,N,Y,Y,Y,N,Y,N,N,Y,Y,Y,N,Y,Y,N,N,N,13.792,[6N 22N 26Y 10N ],13.6667,0.0091
Y,N,Y,Y,N,N,N,Y,N,N,Y,N,Y,Y,N,N,N,N,N,N,N,N,N,Y,Y,N,Y,Y,N,N,Y,Y,Y,N,Y,Y,N,N,N,13.609,[6N 22N 26N 3Y ],14.3777,0.0565
Y,N,N,N,N,N,N,Y,N,N,Y,N,Y,Y,N,N,N,N,N,N,N,Y,N,Y,Y,Y,N,Y,Y,N,N,Y,Y,N,Y,N,N,Y,N,14.350,[6N 22Y 29Y ],13.8765,0.0330
Y,N,Y,N,N,Y,N,Y,N,N,Y,N,N,Y,N,N,N,Y,N,N,N,N,N,Y,Y,N,Y,Y,Y,N,N,Y,Y,N,Y,N,N,Y,N,15.245,[6Y ],15.0588,0.0122
Y,N,N,N,N,N,N,Y,Y,Y,Y,N,N,Y,N,N,N,N,N,N,N,N,N,Y,Y,Y,N,Y,Y,N,N,Y,N,Y,Y,Y,N,N,N,14.022,[6N 22N 26Y 10Y ],14.5610,0.0384
Y,N,N,N,N,N,N,Y,N,N,Y,Y,N,Y,N,N,N,N,N,N,N,Y,N,Y,Y,N,Y,Y,N,Y,N,Y,Y,N,Y,Y,N,N,N,15.510,[6N 22Y 29N ],13.7242,0.1151
Y,Y,Y,N,Y,N,N,Y,Y,N,Y,Y,Y,Y,Y,Y,Y,Y,Y,Y,Y,Y,Y,Y,Y,Y,N,Y,Y,N,N,Y,N,Y,Y,N,N,N,Y,13.449,[6N 22Y 29Y ],13.8765,0.0318
Y,Y,Y,N,N,N,Y,Y,N,N,Y,N,N,Y,N,N,N,N,N,N,N,N,N,Y,Y,N,Y,Y,Y,N,N,Y,Y,N,Y,Y,N,N,N,14.275,[6N 22N 26N 3Y ],14.3777,0.0072
Y,N,N,N,N,N,N,Y,N,Y,Y,N,N,Y,N,Y,N,N,N,N,N,N,N,Y,Y,Y,N,Y,Y,N,N,Y,Y,N,Y,N,Y,N,N,13.743,[6N 22N 26Y 10Y ],14.5610,0.0595
Y,Y,Y,N,Y,N,N,Y,Y,Y,Y,Y,Y,Y,Y,Y,N,Y,Y,Y,Y,Y,Y,Y,Y,N,Y,Y,N,Y,N,Y,Y,N,Y,N,Y,N,N,13.896,[6N 22Y 29N ],13.7242,0.0124
Y,Y,Y,N,N,N,Y,Y,Y,Y,Y,Y,N,Y,Y,Y,Y,Y,Y,Y,Y,Y,Y,Y,Y,N,Y,Y,N,Y,N,Y,N,Y,Y,N,N,N,Y,15.063,[6N 22Y 29N ],13.7242,0.0889
Y,N,Y,N,N,N,Y,Y,Y,N,Y,N,N,Y,N,N,N,N,N,N,Y,N,N,Y,Y,N,Y,Y,Y,N,N,Y,Y,N,Y,Y,N,N,N,14.502,[6N 22N 26N 3Y ],14.3777,0.0086
Y,Y,Y,Y,N,N,N,Y,Y,Y,Y,Y,Y,Y,Y,Y,Y,Y,Y,N,Y,Y,Y,Y,Y,N,Y,Y,N,Y,N,Y,N,Y,Y,N,N,N,Y,14.585,[6N 22Y 29N ],13.7242,0.0590
Y,N,Y,Y,N,N,N,Y,N,N,Y,N,N,Y,N,N,N,N,N,N,N,Y,N,Y,Y,Y,N,Y,Y,N,N,Y,Y,N,Y,N,Y,N,N,13.505,[6N 22Y 29Y ],13.8765,0.0275
Y,N,Y,N,N,N,Y,Y,N,N,Y,N,N,Y,N,N,N,N,Y,N,N,N,N,Y,Y,Y,N,Y,Y,N,N,Y,Y,N,Y,Y,N,N,N,14.382,[6N 22N 26Y 10N ],13.6667,0.0497
Y,Y,Y,Y,N,N,N,Y,N,N,Y,N,N,Y,N,N,N,N,N,N,N,N,N,Y,Y,Y,N,Y,N,N,Y,Y,Y,N,Y,Y,N,N,N,13.446,[6N 22N 26Y 10N ],13.6667,0.0164
Y,N,Y,N,N,Y,N,Y,Y,N,Y,N,N,Y,N,N,N,N,N,N,N,N,N,Y,Y,N,Y,Y,Y,N,N,Y,Y,N,Y,N,N,Y,N,14.633,[6Y ],15.0588,0.0291
Y,N,N,N,N,N,N,Y,N,N,Y,N,Y,Y,N,N,N,Y,Y,N,N,N,N,Y,Y,Y,N,Y,Y,N,N,Y,Y,N,Y,Y,N,N,N,13.306,[6N 22N 26Y 10N ],13.6667,0.0271
Y,N,Y,N,N,Y,N,Y,N,N,Y,N,N,Y,N,N,N,N,Y,N,N,N,N,Y,Y,Y,N,Y,Y,N,N,Y,N,Y,Y,Y,N,N,N,15.218,[6Y ],15.0588,0.0105
Y,N,Y,N,N,Y,N,Y,N,N,Y,Y,N,Y,N,N,N,N,N,N,N,N,N,Y,Y,N,Y,Y,N,Y,N,Y,Y,N,Y,Y,N,N,N,14.827,[6Y ],15.0588,0.0156
Y,N,Y,N,N,Y,N,Y,N,Y,Y,N,N,Y,N,Y,N,N,N,N,N,N,N,Y,Y,Y,N,Y,Y,N,N,Y,Y,N,Y,Y,N,N,N,16.009,[6Y ],15.0588,0.0594
Y,N,N,N,N,N,N,Y,N,Y,Y,N,N,Y,N,N,N,N,N,N,N,N,N,Y,Y,Y,N,Y,N,N,Y,Y,Y,N,Y,N,N,Y,N,14.228,[6N 22N 26Y 10Y ],14.5610,0.0234
Y,N,N,N,N,N,N,Y,Y,N,Y,N,N,Y,N,N,N,N,N,N,N,N,N,Y,Y,N,Y,Y,Y,N,N,Y,Y,N,Y,Y,N,N,N,14.485,[6N 22N 26N 3N ],14.9307,0.0308
Y,N,N,N,N,N,N,Y,N,N,Y,N,N,Y,N,N,N,Y,N,N,N,Y,N,Y,Y,Y,N,Y,N,Y,N,Y,Y,N,Y,Y,N,N,N,14.141,[6N 22Y 29N ],13.7242,0.0295
Y,N,N,N,N,N,N,Y,N,N,Y,N,N,Y,N,N,N,Y,N,N,N,N,Y,Y,Y,Y,N,Y,N,N,Y,Y,Y,N,Y,Y,N,N,N,14.075,[6N 22N 26Y 10N ],13.6667,0.0290
Y,Y,N,N,N,N,N,Y,N,N,Y,N,N,Y,Y,N,N,N,N,N,N,N,N,Y,Y,Y,N,Y,Y,N,N,Y,Y,N,Y,Y,N,N,N,14.409,[6N 22N 26Y 10N ],13.6667,0.0515
Y,Y,Y,N,N,N,Y,Y,Y,Y,Y,Y,N,Y,Y,Y,Y,Y,Y,Y,Y,Y,Y,Y,Y,Y,N,Y,N,N,Y,Y,Y,N,Y,N,N,Y,N,13.276,[6N 22Y 29N ],13.7242,0.0338
Y,N,Y,Y,N,N,N,Y,N,N,Y,N,N,Y,N,N,N,N,N,N,Y,N,N,Y,Y,N,Y,Y,N,Y,N,Y,Y,N,Y,Y,N,N,N,13.725,[6N 22N 26N 3Y ],14.3777,0.0476
Y,Y,Y,N,N,N,Y,Y,Y,Y,Y,N,Y,Y,Y,Y,Y,Y,Y,Y,Y,Y,Y,Y,Y,Y,N,Y,N,N,Y,Y,Y,N,Y,Y,N,N,N,14.877,[6N 22Y 29N ],13.7242,0.0775
Y,Y,Y,N,Y,N,N,Y,Y,Y,Y,Y,Y,Y,Y,Y,Y,Y,Y,Y,Y,N,Y,Y,Y,N,Y,Y,N,N,Y,Y,Y,N,Y,N,N,N,Y,14.344,[6N 22N 26N 3Y ],14.3777,0.0023
Y,N,N,N,N,N,N,Y,N,N,Y,N,N,Y,N,Y,N,N,N,N,N,N,Y,Y,Y,Y,N,Y,Y,N,N,Y,N,Y,Y,Y,N,N,N,13.767,[6N 22N 26Y 10N ],13.6667,0.0073
Y,N,Y,N,N,Y,N,Y,N,N,Y,N,N,Y,N,N,N,N,N,N,Y,N,N,Y,Y,Y,N,Y,Y,N,N,Y,Y,N,Y,N,Y,N,N,15.360,[6Y ],15.0588,0.0196
Y,N,N,N,N,N,N,Y,N,N,Y,Y,N,Y,Y,N,N,N,N,N,N,N,N,Y,Y,Y,N,Y,N,N,Y,Y,Y,N,Y,Y,N,N,N,13.278,[6N 22N 26Y 10N ],13.6667,0.0293
Y,N,Y,N,Y,N,N,Y,N,N,Y,N,N,Y,Y,N,N,N,N,N,N,N,N,Y,Y,Y,N,Y,N,Y,N,Y,Y,N,Y,Y,N,N,N,13.034,[6N 22N 26Y 10N ],13.6667,0.0485
Y,Y,Y,N,N,Y,N,Y,Y,Y,Y,Y,Y,Y,Y,Y,Y,Y,Y,Y,Y,Y,Y,Y,Y,Y,N,Y,Y,N,N,Y,N,Y,Y,N,N,N,Y,15.434,[6Y ],15.0588,0.0243
Y,N,Y,N,N,N,Y,Y,N,N,Y,N,N,Y,N,Y,N,N,N,N,N,N,N,Y,Y,Y,N,Y,Y,N,N,Y,Y,N,Y,Y,N,N,N,14.423,[6N 22N 26Y 10N ],13.6667,0.0524
Y,Y,N,N,N,N,N,Y,Y,N,Y,N,N,Y,N,N,N,N,N,N,N,N,N,Y,Y,Y,N,Y,N,Y,N,Y,Y,N,Y,Y,N,N,N,13.892,[6N 22N 26Y 10N ],13.6667,0.0162
Y,N,N,N,N,N,N,Y,N,N,Y,N,N,Y,Y,N,N,Y,Y,N,N,N,N,Y,Y,Y,N,Y,Y,N,N,Y,Y,N,Y,Y,N,N,N,13.607,[6N 22N 26Y 10N ],13.6667,0.0044
Y,Y,N,N,N,N,N,Y,N,N,Y,N,N,Y,N,N,N,N,Y,N,N,N,N,Y,Y,Y,N,Y,N,N,Y,Y,Y,N,Y,Y,N,N,N,13.990,[6N 22N 26Y 10N ],13.6667,0.0231
Y,N,N,N,N,N,N,Y,N,N,Y,Y,N,Y,N,N,N,N,N,N,N,N,Y,Y,Y,N,Y,Y,N,N,Y,Y,Y,N,Y,Y,N,N,N,14.966,[6N 22N 26N 3N ],14.9307,0.0024
Y,N,Y,Y,N,N,N,Y,Y,N,Y,N,N,Y,N,N,N,N,N,Y,N,N,N,Y,Y,Y,N,Y,Y,N,N,Y,Y,N,Y,Y,N,N,N,14.132,[6N 22N 26Y 10N ],13.6667,0.0329
Y,N,Y,N,Y,N,N,Y,N,N,Y,N,N,Y,N,N,N,N,N,N,N,N,N,Y,Y,N,Y,Y,Y,N,N,Y,N,Y,Y,N,N,N,Y,13.423,[6N 22N 26N 3Y ],14.3777,0.0711
Y,N,Y,Y,N,N,N,Y,N,N,Y,N,N,Y,N,N,N,N,N,N,N,N,N,Y,Y,N,Y,Y,N,N,Y,Y,Y,N,Y,N,N,N,Y,13.887,[6N 22N 26N 3Y ],14.3777,0.0353
Y,N,N,N,N,N,N,Y,N,N,Y,N,N,Y,N,N,N,N,N,N,N,N,N,Y,Y,N,Y,Y,N,Y,N,Y,N,Y,Y,N,N,Y,N,14.567,[6N 22N 26N 3N ],14.9307,0.0250
Y,N,Y,N,N,Y,N,Y,N,N,Y,N,N,Y,Y,N,N,N,N,N,N,N,N,Y,Y,Y,N,Y,N,N,Y,Y,Y,N,Y,Y,N,N,N,15.462,[6Y ],15.0588,0.0261
Y,Y,Y,N,Y,N,N,Y,Y,Y,Y,Y,Y,Y,Y,Y,Y,Y,Y,Y,Y,Y,N,Y,Y,Y,N,Y,Y,N,N,Y,Y,N,Y,N,Y,N,N,14.095,[6N 22Y 29Y ],13.8765,0.0155
Y,N,N,N,N,N,N,Y,Y,Y,Y,N,N,Y,N,N,N,N,Y,N,N,N,N,Y,Y,N,Y,Y,Y,N,N,Y,Y,N,Y,Y,N,N,N,15.134,[6N 22N 26N 3N ],14.9307,0.0134
Y,N,Y,N,N,N,Y,Y,N,N,Y,N,N,Y,N,Y,Y,N,N,N,N,N,N,Y,Y,Y,N,Y,Y,N,N,Y,Y,N,Y,Y,N,N,N,16.085,[6N 22N 26Y 10N ],13.6667,0.1503
Y,Y,N,N,N,N,N,Y,Y,N,Y,N,N,Y,N,N,N,N,N,N,N,N,Y,Y,Y,N,Y,Y,Y,N,N,Y,Y,N,Y,Y,N,N,N,15.475,[6N 22N 26N 3N ],14.9307,0.0352
Y,N,N,N,N,N,N,Y,N,N,Y,N,N,Y,N,N,Y,N,N,N,N,N,N,Y,Y,N,Y,Y,Y,N,N,Y,N,Y,Y,N,N,Y,N,15.185,[6N 22N 26N 3N ],14.9307,0.0167
Y,N,N,N,N,N,N,Y,N,N,Y,N,N,Y,N,N,N,N,N,N,N,Y,N,Y,Y,N,Y,Y,N,N,Y,Y,Y,N,Y,N,N,N,Y,15.051,[6N 22Y 29N ],13.7242,0.0882
Y,N,Y,N,Y,N,N,Y,N,N,Y,N,Y,Y,N,Y,N,N,N,N,N,N,N,Y,Y,Y,N,Y,Y,N,N,Y,Y,N,Y,Y,N,N,N,15.762,[6N 22N 26Y 10N ],13.6667,0.1329
Y,N,N,N,N,N,N,Y,Y,N,Y,N,Y,Y,N,N,N,N,N,N,Y,N,N,Y,Y,N,Y,Y,Y,N,N,Y,Y,N,Y,Y,N,N,N,15.150,[6N 22N 26N 3N ],14.9307,0.0145
Y,Y,N,N,N,N,N,Y,N,N,Y,N,N,Y,N,N,N,N,N,N,N,N,Y,Y,Y,Y,N,Y,Y,N,N,Y,Y,N,Y,Y,N,N,N,14.398,[6N 22N 26Y 10N ],13.6667,0.0508
Y,N,N,N,N,N,N,Y,N,N,Y,N,N,Y,N,Y,N,N,N,Y,N,N,N,Y,Y,N,Y,Y,N,Y,N,Y,Y,N,Y,Y,N,N,N,15.513,[6N 22N 26N 3N ],14.9307,0.0375
Y,Y,N,N,N,N,N,Y,N,N,Y,Y,N,Y,N,N,N,N,N,N,N,Y,N,Y,Y,N,Y,Y,Y,N,N,Y,Y,N,Y,Y,N,N,N,15.488,[6N 22Y 29Y ],13.8765,0.1040
Y,N,N,N,N,N,N,Y,N,Y,Y,N,N,Y,N,N,N,Y,N,N,N,N,N,Y,Y,N,Y,Y,N,Y,N,Y,Y,N,Y,Y,N,N,N,13.896,[6N 22N 26N 3N ],14.9307,0.0745
Y,N,N,N,N,N,N,Y,N,N,Y,N,N,Y,N,N,N,N,N,Y,N,N,N,Y,Y,N,Y,Y,N,Y,N,Y,Y,N,Y,Y,N,N,N,13.364,[6N 22N 26N 3N ],14.9307,0.1172
Y,N,N,N,N,N,N,Y,N,N,Y,Y,N,Y,N,N,Y,N,N,N,N,N,N,Y,Y,Y,N,Y,Y,N,N,Y,N,Y,Y,Y,N,N,N,13.704,[6N 22N 26Y 10N ],13.6667,0.0027
Y,N,Y,N,N,N,Y,Y,N,Y,Y,N,N,Y,N,Y,N,N,N,N,N,N,N,Y,Y,Y,N,Y,Y,N,N,Y,Y,N,Y,Y,N,N,N,16.347,[6N 22N 26Y 10Y ],14.5610,0.1093
Y,N,N,N,N,N,N,Y,N,N,Y,N,N,Y,N,N,N,N,Y,N,N,N,N,Y,Y,N,Y,Y,N,N,Y,Y,N,Y,Y,Y,N,N,N,14.970,[6N 22N 26N 3N ],14.9307,0.0026
Y,N,Y,N,Y,N,N,Y,N,N,Y,N,N,Y,Y,N,N,N,Y,N,N,N,N,Y,Y,N,Y,Y,Y,N,N,Y,Y,N,Y,Y,N,N,N,14.443,[6N 22N 26N 3Y ],14.3777,0.0045
Y,Y,N,N,N,N,N,Y,N,N,Y,Y,N,Y,Y,N,N,N,N,N,N,N,N,Y,Y,Y,N,Y,Y,N,N,Y,Y,N,Y,Y,N,N,N,14.829,[6N 22N 26Y 10N ],13.6667,0.0784
Y,N,Y,N,N,N,Y,Y,N,N,Y,N,N,Y,N,N,Y,N,N,N,N,N,N,Y,Y,Y,N,Y,N,Y,N,Y,Y,N,Y,Y,N,N,N,15.428,[6N 22N 26Y 10N ],13.6667,0.1142
Y,Y,N,N,N,N,N,Y,N,N,Y,N,N,Y,N,N,N,N,N,Y,N,N,N,Y,Y,N,Y,Y,Y,N,N,Y,Y,N,Y,N,N,N,Y,15.031,[6N 22N 26N 3N ],14.9307,0.0067
Y,N,N,N,N,N,N,Y,N,N,Y,N,N,Y,Y,N,N,N,N,N,N,N,Y,Y,Y,Y,N,Y,Y,N,N,Y,Y,N,Y,N,N,Y,N,14.260,[6N 22N 26Y 10N ],13.6667,0.0416
Y,N,N,N,N,N,N,Y,Y,N,Y,N,N,Y,N,N,Y,N,N,N,N,N,N,Y,Y,Y,N,Y,N,N,Y,Y,Y,N,Y,Y,N,N,N,13.770,[6N 22N 26Y 10N ],13.6667,0.0075
Y,N,Y,N,N,N,Y,Y,N,N,Y,N,N,Y,Y,N,N,N,N,N,N,N,Y,Y,Y,Y,N,Y,Y,N,N,Y,Y,N,Y,Y,N,N,N,16.042,[6N 22N 26Y 10N ],13.6667,0.1481
Y,N,N,N,N,N,N,Y,N,N,Y,N,N,Y,N,Y,N,N,Y,N,N,N,N,Y,Y,N,Y,Y,Y,N,N,Y,N,Y,Y,Y,N,N,N,15.176,[6N 22N 26N 3N ],14.9307,0.0162
Y,N,N,N,N,N,N,Y,Y,N,Y,Y,N,Y,N,N,N,Y,N,N,N,N,N,Y,Y,N,Y,Y,Y,N,N,Y,Y,N,Y,Y,N,N,N,14.487,[6N 22N 26N 3N ],14.9307,0.0306
Y,N,N,N,N,N,N,Y,N,N,Y,N,N,Y,Y,N,N,N,N,N,N,N,Y,Y,Y,N,Y,Y,Y,N,N,Y,Y,N,Y,N,N,Y,N,14.569,[6N 22N 26N 3N ],14.9307,0.0248
Y,Y,N,N,N,N,N,Y,N,N,Y,N,N,Y,N,N,N,Y,N,N,N,N,N,Y,Y,Y,N,Y,Y,N,N,Y,Y,N,Y,N,N,N,Y,13.348,[6N 22N 26Y 10N ],13.6667,0.0239
Y,N,N,N,N,N,N,Y,N,N,Y,N,N,Y,N,Y,N,N,N,N,N,N,N,Y,Y,Y,N,Y,N,Y,N,Y,Y,N,Y,Y,N,N,N,14.434,[6N 22N 26Y 10N ],13.6667,0.0532
Y,Y,Y,N,Y,N,N,Y,Y,Y,Y,Y,Y,Y,Y,Y,Y,N,Y,Y,Y,Y,Y,Y,Y,N,Y,Y,N,Y,N,Y,N,Y,Y,N,N,N,Y,13.745,[6N 22Y 29N ],13.7242,0.0015
Y,N,Y,N,Y,N,N,Y,Y,N,Y,N,N,Y,N,N,N,N,N,N,N,N,N,Y,Y,Y,N,Y,N,Y,N,Y,Y,N,Y,Y,N,N,N,14.450,[6N 22N 26Y 10N ],13.6667,0.0542
Y,N,N,N,N,N,N,Y,N,N,Y,Y,N,Y,N,N,N,N,N,N,Y,Y,N,Y,Y,Y,N,Y,Y,N,N,Y,Y,N,Y,Y,N,N,N,15.216,[6N 22Y 29Y ],13.8765,0.0880
Y,N,Y,N,Y,N,N,Y,N,N,Y,N,N,Y,N,N,N,N,N,Y,N,N,N,Y,Y,N,Y,Y,Y,N,N,Y,Y,N,Y,Y,N,N,N,14.718,[6N 22N 26N 3Y ],14.3777,0.0231
Y,N,Y,N,N,Y,N,Y,N,N,Y,N,N,Y,N,N,N,N,N,N,N,N,Y,Y,Y,Y,N,Y,N,N,Y,Y,Y,N,Y,Y,N,N,N,15.700,[6Y ],15.0588,0.0408
Y,N,N,N,N,N,N,Y,N,Y,Y,N,N,Y,N,N,N,N,N,Y,N,N,N,Y,Y,Y,N,Y,Y,N,N,Y,Y,N,Y,Y,N,N,N,14.037,[6N 22N 26Y 10Y ],14.5610,0.0373
Y,N,N,N,N,N,N,Y,N,N,Y,Y,N,Y,N,N,N,N,N,N,Y,N,N,Y,Y,Y,N,Y,Y,N,N,Y,Y,N,Y,N,N,Y,N,13.203,[6N 22N 26Y 10N ],13.6667,0.0351
Y,N,N,N,N,N,N,Y,N,N,Y,N,N,Y,N,N,Y,Y,N,Y,N,N,N,Y,Y,Y,N,Y,Y,N,N,Y,Y,N,Y,Y,N,N,N,13.259,[6N 22N 26Y 10N ],13.6667,0.0307
Y,N,Y,N,N,N,Y,Y,N,N,Y,N,N,Y,Y,Y,N,N,N,N,N,N,N,Y,Y,Y,N,Y,Y,N,N,Y,Y,N,Y,Y,N,N,N,15.950,[6N 22N 26Y 10N ],13.6667,0.1432
Y,N,N,N,N,N,N,Y,N,N,Y,N,N,Y,N,N,N,N,N,Y,Y,N,N,Y,Y,N,Y,Y,N,N,Y,Y,Y,N,Y,Y,N,N,N,14.530,[6N 22N 26N 3N ],14.9307,0.0276
Y,N,N,N,N,N,N,Y,N,Y,Y,N,N,Y,N,N,N,N,Y,N,N,N,N,Y,Y,Y,N,Y,Y,N,N,Y,Y,N,Y,N,N,N,Y,14.245,[6N 22N 26Y 10Y ],14.5610,0.0222
Y,N,N,N,N,N,N,Y,N,N,Y,N,N,Y,N,N,N,N,N,N,Y,Y,N,Y,Y,Y,N,Y,Y,N,N,Y,Y,N,Y,Y,N,N,N,14.463,[6N 22Y 29Y ],13.8765,0.0406
Y,N,Y,N,N,Y,N,Y,N,N,Y,N,N,Y,N,N,N,N,N,N,Y,N,Y,Y,Y,N,Y,Y,Y,N,N,Y,Y,N,Y,Y,N,N,N,13.069,[6Y ],15.0588,0.1523
Y,Y,Y,N,N,Y,N,Y,N,N,Y,N,N,Y,N,N,N,N,Y,N,N,N,N,Y,Y,Y,N,Y,Y,N,N,Y,Y,N,Y,Y,N,N,N,15.952,[6Y ],15.0588,0.0560
Y,N,N,N,N,N,N,Y,N,Y,Y,N,N,Y,N,N,N,N,N,N,N,Y,N,Y,Y,N,Y,Y,N,Y,N,Y,Y,N,Y,Y,N,N,N,13.671,[6N 22Y 29N ],13.7242,0.0039
Y,N,N,N,N,N,N,Y,N,N,Y,N,N,Y,N,N,N,N,N,N,N,Y,N,Y,Y,Y,N,Y,Y,N,N,Y,Y,N,Y,N,N,Y,N,14.143,[6N 22Y 29Y ],13.8765,0.0188
Y,N,Y,N,N,N,Y,Y,N,N,Y,N,N,Y,N,N,N,N,N,Y,N,N,Y,Y,Y,N,Y,Y,Y,N,N,Y,Y,N,Y,Y,N,N,N,13.361,[6N 22N 26N 3Y ],14.3777,0.0761
Y,N,N,N,N,N,N,Y,N,N,Y,Y,N,Y,N,Y,N,N,N,N,N,N,N,Y,Y,N,Y,Y,N,Y,N,Y,Y,N,Y,Y,N,N,N,13.143,[6N 22N 26N 3N ],14.9307,0.1360
Y,N,N,N,N,N,N,Y,N,N,Y,N,N,Y,N,N,Y,Y,N,N,N,Y,N,Y,Y,Y,N,Y,Y,N,N,Y,Y,N,Y,Y,N,N,N,13.339,[6N 22Y 29Y ],13.8765,0.0403
Y,N,Y,Y,N,N,N,Y,N,N,Y,N,N,Y,N,N,N,N,N,N,Y,N,N,Y,Y,Y,N,Y,Y,N,N,Y,Y,N,Y,N,Y,N,N,14.248,[6N 22N 26Y 10N ],13.6667,0.0408
Y,Y,Y,N,N,Y,N,Y,N,N,Y,N,N,Y,N,N,Y,N,N,N,N,N,N,Y,Y,Y,N,Y,Y,N,N,Y,Y,N,Y,Y,N,N,N,16.301,[6Y ],15.0588,0.0762
Y,N,N,N,N,N,N,Y,Y,Y,Y,N,N,Y,N,N,N,N,N,N,Y,N,N,Y,Y,Y,N,Y,Y,N,N,Y,Y,N,Y,Y,N,N,N,14.246,[6N 22N 26Y 10Y ],14.5610,0.0221
Y,N,N,N,N,N,N,Y,N,N,Y,N,N,Y,N,Y,N,N,Y,N,N,N,N,Y,Y,Y,N,Y,Y,N,N,Y,Y,N,Y,N,N,Y,N,14.542,[6N 22N 26Y 10N ],13.6667,0.0602
Y,N,N,N,N,N,N,Y,Y,N,Y,N,N,Y,N,Y,N,N,N,N,N,N,Y,Y,Y,N,Y,Y,Y,N,N,Y,Y,N,Y,Y,N,N,N,14.825,[6N 22N 26N 3N ],14.9307,0.0071
Y,Y,N,N,N,N,N,Y,N,N,Y,N,N,Y,N,N,N,N,N,N,N,N,N,Y,Y,Y,N,Y,N,N,Y,Y,Y,N,Y,Y,N,N,N,14.183,[6N 22N 26Y 10N ],13.6667,0.0364
Y,N,N,N,N,N,N,Y,N,N,Y,Y,N,Y,N,N,N,Y,N,N,N,N,N,Y,Y,N,Y,Y,Y,N,N,Y,Y,N,Y,Y,N,N,N,13.797,[6N 22N 26N 3N ],14.9307,0.0822
Y,N,N,N,N,N,N,Y,N,Y,Y,Y,N,Y,N,N,N,N,N,N,Y,N,N,Y,Y,N,Y,Y,Y,N,N,Y,Y,N,Y,Y,N,N,N,15.050,[6N 22N 26N 3N ],14.9307,0.0079
Y,N,Y,Y,N,N,N,Y,N,N,Y,N,N,Y,N,N,Y,N,N,N,N,N,N,Y,Y,N,Y,Y,N,N,Y,Y,Y,N,Y,Y,N,N,N,13.352,[6N 22N 26N 3Y ],14.3777,0.0768
Y,N,N,N,N,N,N,Y,N,N,Y,N,N,Y,N,N,N,Y,N,Y,N,N,N,Y,Y,N,Y,Y,Y,N,N,Y,Y,N,Y,N,N,N,Y,14.331,[6N 22N 26N 3N ],14.9307,0.0418
Y,N,Y,N,Y,N,N,Y,N,N,Y,N,N,Y,N,N,N,Y,N,N,N,N,N,Y,Y,N,Y,Y,Y,N,N,Y,Y,N,Y,N,N,Y,N,14.108,[6N 22N 26N 3Y ],14.3777,0.0191
Y,N,N,N,N,N,N,Y,N,N,Y,N,Y,Y,N,N,N,N,N,Y,N,N,N,Y,Y,N,Y,Y,Y,N,N,Y,N,Y,Y,Y,N,N,N,15.659,[6N 22N 26N 3N ],14.9307,0.0465
Y,N,Y,N,N,N,Y,Y,N,N,Y,N,N,Y,Y,N,N,N,N,N,N,N,N,Y,Y,Y,N,Y,N,N,Y,Y,Y,N,Y,Y,N,N,N,15.269,[6N 22N 26Y 10N ],13.6667,0.1049
Y,N,Y,Y,N,N,N,Y,Y,N,Y,N,N,Y,N,N,N,N,N,N,N,N,N,Y,Y,N,Y,Y,Y,N,N,Y,Y,N,Y,N,Y,N,N,13.937,[6N 22N 26N 3Y ],14.3777,0.0316
Y,Y,N,N,N,N,N,Y,N,N,Y,N,N,Y,Y,N,N,N,N,N,N,N,N,Y,Y,N,Y,Y,N,Y,N,Y,Y,N,Y,Y,N,N,N,14.472,[6N 22N 26N 3N ],14.9307,0.0317
Y,N,Y,N,N,Y,N,Y,N,N,Y,N,N,Y,N,N,N,N,Y,N,N,Y,N,Y,Y,N,Y,Y,Y,N,N,Y,Y,N,Y,Y,N,N,N,14.422,[6Y ],15.0588,0.0442
Y,N,Y,N,N,N,Y,Y,N,N,Y,N,N,Y,Y,N,N,Y,N,N,N,N,N,Y,Y,N,Y,Y,Y,N,N,Y,Y,N,Y,Y,N,N,N,14.247,[6N 22N 26N 3Y ],14.3777,0.0092
Y,N,N,N,N,N,N,Y,N,N,Y,N,N,Y,N,N,Y,N,N,N,N,N,N,Y,Y,N,Y,Y,Y,N,N,Y,Y,N,Y,N,N,Y,N,13.343,[6N 22N 26N 3N ],14.9307,0.1190
Y,N,Y,Y,N,N,N,Y,N,N,Y,N,N,Y,Y,N,N,N,N,N,N,N,N,Y,Y,N,Y,Y,Y,N,N,Y,Y,N,Y,N,N,Y,N,13.818,[6N 22N 26N 3Y ],14.3777,0.0405
Y,N,Y,N,Y,N,N,Y,N,Y,Y,Y,N,Y,N,N,N,N,N,N,N,N,N,Y,Y,Y,N,Y,Y,N,N,Y,Y,N,Y,Y,N,N,N,15.764,[6N 22N 26Y 10Y ],14.5610,0.0763
Y,N,N,N,N,N,N,Y,Y,N,Y,N,N,Y,N,N,N,N,Y,N,N,N,N,Y,Y,Y,N,Y,Y,N,N,Y,N,Y,Y,Y,N,N,N,14.065,[6N 22N 26Y 10N ],13.6667,0.0283
Y,N,N,N,N,N,N,Y,Y,N,Y,N,N,Y,N,N,N,N,N,N,N,Y,N,Y,Y,N,Y,Y,N,Y,N,Y,Y,N,Y,Y,N,N,N,14.241,[6N 22Y 29N ],13.7242,0.0363
Y,Y,Y,N,N,N,Y,Y,Y,Y,Y,N,Y,Y,Y,Y,Y,Y,Y,Y,Y,Y,Y,Y,Y,Y,N,Y,N,N,Y,Y,Y,N,Y,N,N,Y,N,13.562,[6N 22Y 29N ],13.7242,0.0120
Y,N,Y,N,N,Y,N,Y,N,N,Y,N,N,Y,N,N,N,N,N,N,N,N,N,Y,Y,N,Y,Y,N,Y,N,Y,Y,N,Y,N,N,N,Y,15.947,[6Y ],15.0588,0.0557
Y,N,N,N,N,N,N,Y,N,N,Y,N,N,Y,N,N,Y,N,N,N,N,N,N,Y,Y,Y,N,Y,Y,N,N,Y,Y,N,Y,N,N,N,Y,14.764,[6N 22N 26Y 10N ],13.6667,0.0743
Y,N,N,N,N,N,N,Y,N,N,Y,N,Y,Y,N,Y,N,N,N,N,N,N,N,Y,Y,Y,N,Y,Y,N,N,Y,Y,N,Y,Y,N,N,N,14.829,[6N 22N 26Y 10N ],13.6667,0.0784
Y,N,N,N,N,N,N,Y,N,N,Y,N,N,Y,N,Y,N,N,N,N,N,Y,N,Y,Y,N,Y,Y,Y,N,N,Y,Y,N,Y,Y,N,N,N,13.148,[6N 22Y 29Y ],13.8765,0.0554
Y,N,Y,N,N,N,Y,Y,N,N,Y,N,N,Y,N,N,N,N,N,N,N,N,N,Y,Y,Y,N,Y,N,N,Y,Y,Y,N,Y,N,N,N,Y,14.755,[6N 22N 26Y 10N ],13.6667,0.0738
Y,Y,N,N,N,N,N,Y,N,N,Y,N,N,Y,N,N,N,N,N,N,N,N,Y,Y,Y,N,Y,Y,N,Y,N,Y,Y,N,Y,Y,N,N,N,14.174,[6N 22N 26N 3N ],14.9307,0.0534
Y,N,N,N,N,N,N,Y,N,N,Y,N,N,Y,N,N,N,N,N,N,Y,N,N,Y,Y,Y,N,Y,N,N,Y,Y,Y,N,Y,Y,N,N,N,14.085,[6N 22N 26Y 10N ],13.6667,0.0297
Y,Y,N,N,N,N,N,Y,N,N,Y,Y,N,Y,N,N,N,N,Y,N,N,N,N,Y,Y,N,Y,Y,Y,N,N,Y,Y,N,Y,Y,N,N,N,14.902,[6N 22N 26N 3N ],14.9307,0.0019
Y,N,Y,Y,N,N,N,Y,N,N,Y,N,N,Y,N,N,N,N,Y,N,N,N,N,Y,Y,N,Y,Y,N,Y,N,Y,Y,N,Y,Y,N,N,N,13.468,[6N 22N 26N 3Y ],14.3777,0.0675
Y,N,N,N,N,N,N,Y,N,N,Y,N,Y,Y,N,N,N,N,Y,N,N,N,N,Y,Y,Y,N,Y,Y,N,N,Y,N,Y,Y,Y,N,N,N,13.276,[6N 22N 26Y 10N ],13.6667,0.0294
Y,Y,N,N,N,N,N,Y,N,N,Y,N,N,Y,N,N,N,N,N,N,N,N,Y,Y,Y,N,Y,Y,Y,N,N,Y,Y,N,Y,N,N,Y,N,15.117,[6N 22N 26N 3N ],14.9307,0.0123
Y,N,N,N,N,N,N,Y,N,N,Y,N,N,Y,N,N,N,Y,N,N,Y,N,Y,Y,Y,N,Y,Y,Y,N,N,Y,Y,N,Y,Y,N,N,N,13.068,[6N 22N 26N 3N ],14.9307,0.1425
Y,N,Y,N,N,N,Y,Y,N,N,Y,Y,N,Y,N,N,N,N,N,N,N,N,N,Y,Y,Y,N,Y,N,Y,N,Y,Y,N,Y,Y,N,N,N,15.045,[6N 22N 26Y 10N ],13.6667,0.0916
Y,Y,N,N,N,N,N,Y,N,N,Y,N,N,Y,N,N,N,N,N,N,N,N,N,Y,Y,N,Y,Y,N,N,Y,Y,N,Y,Y,Y,N,N,N,15.193,[6N 22N 26N 3N ],14.9307,0.0173
Y,N,N,N,N,N,N,Y,N,N,Y,N,Y,Y,N,Y,N,N,N,N,N,N,N,Y,Y,Y,N,Y,Y,N,N,Y,Y,N,Y,N,N,Y,N,13.662,[6N 22N 26Y 10N ],13.6667,0.0003
Y,N,N,N,N,N,N,Y,Y,N,Y,N,Y,Y,N,N,Y,N,N,N,N,N,N,Y,Y,Y,N,Y,Y,N,N,Y,Y,N,Y,Y,N,N,N,14.872,[6N 22N 26Y 10N ],13.6667,0.0810
Y,N,Y,N,Y,N,N,Y,N,N,Y,N,Y,Y,N,N,Y,N,N,N,N,N,N,Y,Y,N,Y,Y,Y,N,N,Y,Y,N,Y,Y,N,N,N,15.334,[6N 22N 26N 3Y ],14.3777,0.0624
Y,N,N,N,N,N,N,Y,N,N,Y,N,N,Y,N,N,N,Y,N,N,N,Y,N,Y,Y,N,Y,Y,Y,N,N,Y,Y,N,Y,N,Y,N,N,15.152,[6N 22Y 29Y ],13.8765,0.0842
Y,N,Y,Y,N,N,N,Y,Y,N,Y,N,N,Y,N,N,N,N,N,N,N,N,N,Y,Y,Y,N,Y,Y,N,N,Y,N,Y,Y,Y,N,N,N,13.814,[6N 22N 26Y 10N ],13.6667,0.0107
Y,N,Y,N,N,Y,N,Y,N,N,Y,N,N,Y,Y,N,N,N,N,N,N,N,N,Y,Y,N,Y,Y,N,N,Y,Y,Y,N,Y,Y,N,N,N,15.300,[6Y ],15.0588,0.0158
Y,N,Y,N,Y,N,N,Y,N,N,Y,N,N,Y,Y,N,N,N,N,N,N,N,N,Y,Y,N,Y,Y,Y,N,N,Y,Y,N,Y,N,N,Y,N,14.606,[6N 22N 26N 3Y ],14.3777,0.0156
Y,Y,Y,N,N,Y,N,Y,N,Y,Y,N,N,Y,N,N,N,N,N,N,N,N,N,Y,Y,N,Y,Y,Y,N,N,Y,Y,N,Y,Y,N,N,N,15.133,[6Y ],15.0588,0.0049
Y,N,Y,N,N,N,Y,Y,Y,Y,Y,Y,Y,Y,Y,Y,Y,Y,Y,Y,Y,Y,Y,Y,Y,Y,N,Y,N,N,Y,Y,Y,N,Y,N,N,Y,N,13.040,[6N 22Y 29N ],13.7242,0.0525
Y,N,N,N,N,N,N,Y,N,N,Y,Y,N,Y,N,N,N,N,N,N,N,N,N,Y,Y,Y,N,Y,Y,N,N,Y,N,Y,Y,N,N,Y,N,14.104,[6N 22N 26Y 10N ],13.6667,0.0310
Y,N,Y,N,Y,N,N,Y,N,N,Y,N,N,Y,Y,N,N,N,N,N,N,N,N,Y,Y,Y,N,Y,Y,N,N,Y,N,Y,Y,Y,N,N,N,14.892,[6N 22N 26Y 10N ],13.6667,0.0823
Y,N,N,N,N,N,N,Y,N,N,Y,Y,N,Y,N,N,N,N,N,Y,N,N,N,Y,Y,Y,N,Y,Y,N,N,Y,N,Y,Y,Y,N,N,N,13.462,[6N 22N 26Y 10N ],13.6667,0.0152
Y,N,Y,N,Y,N,N,Y,N,N,Y,N,N,Y,N,N,N,N,N,N,N,N,Y,Y,Y,Y,N,Y,Y,N,N,Y,Y,N,Y,N,N,N,Y,15.583,[6N 22N 26Y 10N ],13.6667,0.1230
Y,N,N,N,N,N,N,Y,N,N,Y,N,N,Y,N,N,N,Y,N,Y,N,N,N,Y,Y,N,Y,Y,Y,N,N,Y,Y,N,Y,N,N,Y,N,15.256,[6N 22N 26N 3N ],14.9307,0.0213
Y,N,Y,N,N,N,Y,Y,N,N,Y,Y,N,Y,N,N,N,N,N,N,Y,N,N,Y,Y,Y,N,Y,Y,N,N,Y,Y,N,Y,Y,N,N,N,16.460,[6N 22N 26Y 10N ],13.6667,0.1697
Y,Y,Y,N,N,N,Y,Y,Y,N,Y,N,N,Y,N,N,N,N,N,N,N,N,N,Y,Y,Y,N,Y,Y,N,N,Y,Y,N,Y,Y,N,N,N,15.926,[6N 22N 26Y 10N ],13.6667,0.1419
Y,N,N,N,N,N,N,Y,N,N,Y,N,N,Y,N,Y,N,N,Y,N,N,N,N,Y,Y,N,Y,Y,N,N,Y,Y,Y,N,Y,Y,N,N,N,15.341,[6N 22N 26N 3N ],14.9307,0.0267
Y,N,Y,Y,N,N,N,Y,N,N,Y,N,Y,Y,N,N,N,N,N,N,N,N,Y,Y,Y,N,Y,Y,Y,N,N,Y,Y,N,Y,Y,N,N,N,15.652,[6N 22N 26N 3Y ],14.3777,0.0814
Y,Y,Y,N,N,N,Y,Y,N,N,Y,N,N,Y,N,N,N,N,N,N,N,N,N,Y,Y,N,Y,Y,N,Y,N,Y,Y,N,Y,Y,N,N,N,14.401,[6N 22N 26N 3Y ],14.3777,0.0016
Y,N,Y,N,N,Y,N,Y,N,N,Y,N,N,Y,N,Y,N,N,N,N,N,N,N,Y,Y,Y,N,Y,Y,N,N,Y,N,Y,Y,Y,N,N,N,16.136,[6Y ],15.0588,0.0668
Y,N,N,N,N,N,N,Y,N,N,Y,N,N,Y,N,N,N,N,Y,N,N,N,Y,Y,Y,N,Y,Y,Y,N,N,Y,Y,N,Y,N,N,Y,N,14.620,[6N 22N 26N 3N ],14.9307,0.0212
Y,N,N,N,N,N,N,Y,N,N,Y,N,N,Y,Y,N,N,N,N,Y,N,N,N,Y,Y,Y,N,Y,N,Y,N,Y,Y,N,Y,Y,N,N,N,14.356,[6N 22N 26Y 10N ],13.6667,0.0480
Y,N,N,N,N,N,N,Y,N,Y,Y,N,N,Y,N,N,N,Y,N,N,N,Y,N,Y,Y,N,Y,Y,Y,N,N,Y,Y,N,Y,Y,N,N,N,13.994,[6N 22Y 29Y ],13.8765,0.0084
Y,Y,Y,N,N,Y,N,Y,Y,Y,Y,Y,Y,Y,Y,Y,Y,Y,Y,Y,N,Y,Y,Y,Y,Y,N,Y,N,N,Y,Y,Y,N,Y,N,Y,N,N,14.322,[6Y ],15.0588,0.0514
Y,N,Y,N,Y,N,N,Y,Y,N,Y,N,N,Y,N,N,N,N,N,N,N,N,N,Y,Y,N,Y,Y,Y,N,N,Y,Y,N,Y,N,Y,N,N,14.381,[6N 22N 26N 3Y ],14.3777,0.0002
Y,N,Y,N,Y,N,N,Y,N,N,Y,N,N,Y,N,N,N,N,N,N,N,N,N,Y,Y,Y,N,Y,Y,N,N,Y,Y,N,Y,N,N,N,Y,15.097,[6N 22N 26Y 10N ],13.6667,0.0947
Y,N,N,N,N,N,N,Y,N,Y,Y,N,N,Y,N,N,N,N,Y,N,N,N,N,Y,Y,Y,N,Y,Y,N,N,Y,Y,N,Y,Y,N,N,N,14.636,[6N 22N 26Y 10Y ],14.5610,0.0051
Y,N,N,N,N,N,N,Y,N,N,Y,N,N,Y,N,N,Y,N,Y,Y,N,N,N,Y,Y,N,Y,Y,Y,N,N,Y,Y,N,Y,Y,N,N,N,13.996,[6N 22N 26N 3N ],14.9307,0.0668
Y,N,N,N,N,N,N,Y,Y,N,Y,N,N,Y,N,N,N,N,N,N,Y,N,N,Y,Y,Y,N,Y,Y,N,N,Y,Y,N,Y,Y,N,N,N,14.018,[6N 22N 26Y 10N ],13.6667,0.0251
Y,Y,Y,N,N,Y,N,Y,Y,Y,Y,N,Y,Y,Y,Y,Y,Y,Y,Y,Y,Y,Y,Y,Y,N,Y,Y,N,N,Y,Y,Y,N,Y,N,N,N,Y,14.492,[6Y ],15.0588,0.0391
Y,N,Y,Y,N,N,N,Y,N,N,Y,N,Y,Y,N,N,N,N,N,N,N,N,N,Y,Y,Y,N,Y,Y,N,N,Y,Y,N,Y,N,Y,N,N,14.058,[6N 22N 26Y 10N ],13.6667,0.0278
Y,Y,N,N,N,N,N,Y,N,N,Y,N,N,Y,Y,N,N,N,N,N,Y,N,N,Y,Y,Y,N,Y,Y,N,N,Y,Y,N,Y,Y,N,N,N,14.686,[6N 22N 26Y 10N ],13.6667,0.0694
Y,N,Y,N,N,N,Y,Y,N,N,Y,N,N,Y,N,N,N,N,N,Y,N,N,N,Y,Y,Y,N,Y,Y,N,N,Y,Y,N,Y,N,Y,N,N,15.787,[6N 22N 26Y 10N ],13.6667,0.1343
Y,N,N,N,N,N,N,Y,N,N,Y,Y,N,Y,N,N,N,N,N,N,N,Y,N,Y,Y,N,Y,Y,N,N,Y,Y,Y,N,Y,Y,N,N,N,15.182,[6N 22Y 29N ],13.7242,0.0960
N,N,N,N,N,N,N,N,N,N,N,N,N,N,N,N,N,N,N,N,N,N,N,N,N,Y,N,N,Y,N,N,N,Y,N,Y,Y,N,N,N,13.695,[6N 22N 26Y 10N ],13.6667,0.0021
N,N,N,N,N,N,N,N,N,N,N,N,N,N,N,N,N,N,N,N,N,Y,N,N,N,Y,N,N,Y,N,N,N,Y,N,Y,Y,N,N,N,14.137,[6N 22Y 29Y ],13.8765,0.0184
Y,N,Y,N,Y,N,N,Y,N,N,Y,N,N,Y,N,N,N,N,N,N,N,N,N,Y,Y,N,Y,Y,Y,N,N,Y,Y,N,Y,N,Y,N,N,14.632,[6N 22N 26N 3Y ],14.3777,0.0174
Y,N,Y,N,Y,N,N,Y,N,N,Y,N,N,Y,Y,Y,N,N,N,N,N,N,N,Y,Y,Y,N,Y,Y,N,N,Y,Y,N,Y,Y,N,N,N,15.759,[6N 22N 26Y 10N ],13.6667,0.1328
Y,N,Y,N,N,Y,N,Y,N,Y,Y,N,N,Y,N,N,N,N,N,N,N,N,N,Y,Y,N,Y,Y,Y,N,N,Y,Y,N,Y,N,N,Y,N,14.570,[6Y ],15.0588,0.0336
Y,N,N,N,N,N,N,Y,Y,N,Y,N,N,Y,N,Y,N,N,N,N,N,N,N,Y,Y,N,Y,Y,Y,N,N,Y,Y,N,Y,N,N,Y,N,14.843,[6N 22N 26N 3N ],14.9307,0.0059
Y,N,Y,N,Y,N,N,Y,N,N,Y,N,N,Y,N,Y,N,Y,N,N,N,N,N,Y,Y,Y,N,Y,Y,N,N,Y,Y,N,Y,Y,N,N,N,16.006,[6N 22N 26Y 10N ],13.6667,0.1462
Y,N,Y,N,Y,N,N,Y,N,N,Y,N,Y,Y,N,N,N,N,N,N,Y,N,N,Y,Y,Y,N,Y,Y,N,N,Y,Y,N,Y,Y,N,N,N,15.685,[6N 22N 26Y 10N ],13.6667,0.1287
Y,N,N,N,N,N,N,Y,N,N,Y,Y,N,Y,N,N,N,N,N,N,N,N,Y,Y,Y,Y,N,Y,Y,N,N,Y,Y,N,Y,Y,N,N,N,14.344,[6N 22N 26Y 10N ],13.6667,0.0472
Y,N,N,N,N,N,N,Y,Y,N,Y,N,Y,Y,N,Y,N,N,N,N,N,N,N,Y,Y,N,Y,Y,Y,N,N,Y,Y,N,Y,Y,N,N,N,13.867,[6N 22N 26N 3N ],14.9307,0.0767
Y,Y,N,N,N,N,N,Y,Y,N,Y,N,N,Y,N,N,N,N,N,N,N,N,Y,Y,Y,Y,N,Y,Y,N,N,Y,Y,N,Y,Y,N,N,N,14.646,[6N 22N 26Y 10N ],13.6667,0.0669
Y,N,N,N,N,N,N,Y,N,N,Y,N,N,Y,N,N,N,N,N,N,Y,Y,N,Y,Y,N,Y,Y,N,N,Y,Y,Y,N,Y,Y,N,N,N,15.651,[6N 22Y 29N ],13.7242,0.1231
Y,N,N,N,N,N,N,Y,N,N,Y,N,N,Y,N,Y,N,N,N,N,N,N,N,Y,Y,N,Y,Y,N,Y,N,Y,Y,N,Y,N,N,Y,N,13.449,[6N 22N 26N 3N ],14.9307,0.1102
Y,N,Y,N,N,N,Y,Y,N,N,Y,N,N,Y,Y,N,Y,N,N,N,N,N,N,Y,Y,N,Y,Y,Y,N,N,Y,Y,N,Y,Y,N,N,N,14.311,[6N 22N 26N 3Y ],14.3777,0.0047
Y,Y,N,N,N,N,N,Y,N,N,Y,N,N,Y,N,N,N,N,N,N,N,N,N,Y,Y,Y,N,Y,Y,N,N,Y,N,Y,Y,N,Y,N,N,14.093,[6N 22N 26Y 10N ],13.6667,0.0303
Y,Y,Y,Y,N,N,N,Y,N,N,Y,N,N,Y,N,N,N,N,N,N,N,N,N,Y,Y,N,Y,Y,N,Y,N,Y,Y,N,Y,Y,N,N,N,13.430,[6N 22N 26N 3Y ],14.3777,0.0706
Y,N,N,N,N,N,N,Y,Y,N,Y,N,N,Y,N,N,N,Y,N,N,N,N,N,Y,Y,Y,N,Y,Y,N,N,Y,Y,N,Y,N,N,Y,N,13.773,[6N 22N 26Y 10N ],13.6667,0.0077
Y,Y,N,N,N,N,N,Y,N,N,Y,N,N,Y,N,N,Y,N,N,N,N,N,N,Y,Y,N,Y,Y,N,Y,N,Y,Y,N,Y,Y,N,N,N,13.935,[6N 22N 26N 3N ],14.9307,0.0715
Y,N,Y,N,Y,N,N,Y,N,N,Y,N,N,Y,N,N,N,N,N,Y,N,N,N,Y,Y,N,Y,Y,N,Y,N,Y,Y,N,Y,Y,N,N,N,13.591,[6N 22N 26N 3Y ],14.3777,0.0579
Y,N,Y,N,N,N,Y,Y,Y,N,Y,N,N,Y,N,Y,N,N,N,N,N,N,N,Y,Y,N,Y,Y,Y,N,N,Y,Y,N,Y,Y,N,N,N,14.084,[6N 22N 26N 3Y ],14.3777,0.0209
Y,N,N,N,N,N,N,Y,N,N,Y,Y,N,Y,Y,N,N,N,N,N,N,N,Y,Y,Y,N,Y,Y,Y,N,N,Y,Y,N,Y,Y,N,N,N,14.919,[6N 22N 26N 3N ],14.9307,0.0008
Y,N,N,N,N,N,N,Y,N,N,Y,N,N,Y,N,N,N,N,N,N,Y,N,N,Y,Y,Y,N,Y,N,N,Y,Y,Y,N,Y,N,N,Y,N,13.633,[6N 22N 26Y 10N ],13.6667,0.0025
Y,Y,N,N,N,N,N,Y,Y,N,Y,N,N,Y,N,N,N,N,N,N,N,N,N,Y,Y,Y,N,Y,N,N,Y,Y,Y,N,Y,Y,N,N,N,13.465,[6N 22N 26Y 10N ],13.6667,0.0150
Y,N,N,N,N,N,N,Y,Y,N,Y,N,N,Y,N,N,N,N,N,N,N,Y,N,Y,Y,N,Y,Y,Y,N,N,Y,Y,N,Y,N,N,N,Y,13.817,[6N 22Y 29Y ],13.8765,0.0043
Y,Y,N,N,N,N,N,Y,N,N,Y,N,N,Y,N,N,N,N,N,N,N,N,N,Y,Y,N,Y,Y,Y,N,N,Y,N,Y,Y,N,Y,N,N,15.433,[6N 22N 26N 3N ],14.9307,0.0325
Y,N,N,N,N,N,N,Y,N,N,Y,N,N,Y,N,N,N,N,N,Y,N,N,N,Y,Y,N,Y,Y,N,Y,N,Y,Y,N,Y,N,N,N,Y,14.291,[6N 22N 26N 3N ],14.9307,0.0448
Y,N,Y,Y,N,N,N,Y,N,N,Y,N,N,Y,Y,N,N,N,N,N,N,N,N,Y,Y,Y,N,Y,Y,N,N,Y,Y,N,Y,N,N,N,Y,13.476,[6N 22N 26Y 10N ],13.6667,0.0141
Y,N,N,N,N,N,N,Y,Y,N,Y,N,Y,Y,N,N,N,N,N,N,Y,N,N,Y,Y,Y,N,Y,Y,N,N,Y,Y,N,Y,Y,N,N,N,14.812,[6N 22N 26Y 10N ],13.6667,0.0773
Y,N,N,N,N,N,N,Y,N,N,Y,N,N,Y,N,N,N,N,N,N,N,N,Y,Y,Y,N,Y,Y,N,N,Y,Y,N,Y,Y,Y,N,N,N,15.247,[6N 22N 26N 3N ],14.9307,0.0207
Y,N,Y,N,Y,N,N,Y,N,N,Y,N,N,Y,N,N,N,N,N,N,Y,N,N,Y,Y,N,Y,Y,N,Y,N,Y,Y,N,Y,Y,N,N,N,14.171,[6N 22N 26N 3Y ],14.3777,0.0146
Y,N,N,N,N,N,N,Y,N,N,Y,Y,N,Y,N,N,N,N,N,N,Y,N,N,Y,Y,N,Y,Y,Y,N,N,Y,Y,N,Y,N,Y,N,N,14.922,[6N 22N 26N 3N ],14.9307,0.0006
Y,Y,Y,Y,N,N,N,Y,Y,Y,Y,Y,Y,Y,Y,Y,Y,Y,Y,N,Y,Y,Y,Y,Y,Y,N,Y,N,N,Y,Y,Y,N,Y,N,N,Y,N,13.248,[6N 22Y 29N ],13.7242,0.0359
Y,N,N,N,N,N,N,Y,N,N,Y,N,Y,Y,N,N,N,N,N,N,N,N,N,Y,Y,N,Y,Y,Y,N,N,Y,Y,N,Y,N,N,N,Y,13.532,[6N 22N 26N 3N ],14.9307,0.1034
Y,N,Y,Y,N,N,N,Y,N,N,Y,N,N,Y,N,N,N,N,N,N,N,N,N,Y,Y,Y,N,Y,N,Y,N,Y,N,Y,Y,Y,N,N,N,15.107,[6N 22N 26Y 10N ],13.6667,0.0953
Y,N,N,N,N,N,N,Y,N,N,Y,N,Y,Y,N,N,N,N,N,Y,N,N,Y,Y,Y,Y,N,Y,Y,N,N,Y,Y,N,Y,Y,N,N,N,13.515,[6N 22N 26Y 10N ],13.6667,0.0112
Y,N,N,N,N,N,N,Y,N,N,Y,N,N,Y,N,N,N,Y,N,Y,N,N,Y,Y,Y,N,Y,Y,Y,N,N,Y,Y,N,Y,Y,N,N,N,14.039,[6N 22N 26N 3N ],14.9307,0.0635
Y,N,Y,N,Y,N,N,Y,N,N,Y,N,N,Y,N,Y,N,N,Y,N,N,N,N,Y,Y,N,Y,Y,Y,N,N,Y,Y,N,Y,Y,N,N,N,14.540,[6N 22N 26N 3Y ],14.3777,0.0112
Y,N,N,N,N,N,N,Y,N,N,Y,N,N,Y,N,N,Y,N,N,N,N,N,N,Y,Y,N,Y,Y,N,Y,N,Y,Y,N,Y,N,Y,N,N,14.617,[6N 22N 26N 3N ],14.9307,0.0215
Y,N,Y,Y,N,N,N,Y,N,N,Y,N,N,Y,N,N,Y,Y,N,N,N,N,N,Y,Y,Y,N,Y,Y,N,N,Y,Y,N,Y,Y,N,N,N,14.271,[6N 22N 26Y 10N ],13.6667,0.0423
Y,N,Y,Y,N,N,N,Y,N,Y,Y,Y,N,Y,N,N,N,N,N,N,N,N,N,Y,Y,N,Y,Y,Y,N,N,Y,Y,N,Y,Y,N,N,N,13.480,[6N 22N 26N 3Y ],14.3777,0.0666
Y,N,N,N,N,N,N,Y,N,N,Y,N,N,Y,N,N,N,Y,N,N,Y,N,N,Y,Y,Y,N,Y,Y,N,N,Y,Y,N,Y,N,Y,N,N,13.917,[6N 22N 26Y 10N ],13.6667,0.0180
Y,N,Y,Y,N,N,N,Y,Y,N,Y,N,N,Y,Y,N,N,N,N,N,N,N,N,Y,Y,Y,N,Y,Y,N,N,Y,Y,N,Y,Y,N,N,N,13.882,[6N 22N 26Y 10N ],13.6667,0.0155
Y,N,Y,N,N,Y,N,Y,N,N,Y,N,N,Y,N,Y,N,N,N,N,N,N,N,Y,Y,N,Y,Y,Y,N,N,Y,Y,N,Y,N,Y,N,N,14.475,[6Y ],15.0588,0.0403
Y,N,N,N,N,N,N,Y,N,N,Y,N,N,Y,N,N,N,N,Y,N,N,N,Y,Y,Y,Y,N,Y,Y,N,N,Y,N,Y,Y,Y,N,N,N,13.437,[6N 22N 26Y 10N ],13.6667,0.0171
Y,N,Y,N,N,Y,N,Y,N,N,Y,Y,N,Y,N,N,N,N,Y,N,N,N,N,Y,Y,Y,N,Y,Y,N,N,Y,Y,N,Y,Y,N,N,N,16.029,[6Y ],15.0588,0.0605
Y,N,Y,N,N,Y,N,Y,N,N,Y,N,Y,Y,N,N,N,N,N,N,N,N,N,Y,Y,N,Y,Y,N,N,Y,Y,Y,N,Y,Y,N,N,N,14.611,[6Y ],15.0588,0.0307
Y,N,Y,N,N,N,Y,Y,N,N,Y,Y,N,Y,N,N,N,N,N,N,N,N,Y,Y,Y,N,Y,Y,Y,N,N,Y,Y,N,Y,Y,N,N,N,14.639,[6N 22N 26N 3Y ],14.3777,0.0179
Y,N,N,N,N,N,N,Y,N,N,Y,N,N,Y,N,Y,N,N,N,N,N,N,N,Y,Y,N,Y,Y,N,Y,N,Y,Y,N,Y,N,Y,N,N,14.314,[6N 22N 26N 3N ],14.9307,0.0431
Y,N,N,N,N,N,N,Y,N,Y,Y,N,Y,Y,N,N,N,N,N,N,N,Y,N,Y,Y,Y,N,Y,Y,N,N,Y,Y,N,Y,Y,N,N,N,14.506,[6N 22Y 29Y ],13.8765,0.0434
Y,Y,Y,Y,N,N,N,Y,Y,Y,Y,Y,Y,Y,Y,Y,N,Y,Y,Y,Y,Y,Y,Y,Y,N,Y,Y,N,Y,N,Y,N,Y,Y,N,N,N,Y,15.306,[6N 22Y 29N ],13.7242,0.1033
Y,N,N,N,N,N,N,Y,N,N,Y,N,Y,Y,N,N,N,N,N,Y,N,N,N,Y,Y,N,Y,Y,Y,N,N,Y,Y,N,Y,N,N,N,Y,14.756,[6N 22N 26N 3N ],14.9307,0.0118
Y,N,N,N,N,N,N,Y,N,N,Y,Y,N,Y,N,N,N,N,N,N,N,Y,N,Y,Y,Y,N,Y,Y,N,N,Y,Y,N,Y,N,N,N,Y,14.460,[6N 22Y 29Y ],13.8765,0.0404
Y,N,N,N,N,N,N,Y,N,N,Y,N,N,Y,N,N,N,N,N,N,Y,N,N,Y,Y,N,Y,Y,N,Y,N,Y,Y,N,Y,N,N,N,Y,14.441,[6N 22N 26N 3N ],14.9307,0.0339
Y,N,Y,N,N,Y,N,Y,N,N,Y,N,Y,Y,N,N,N,N,N,N,N,N,N,Y,Y,Y,N,Y,Y,N,N,Y,Y,N,Y,N,Y,N,N,15.854,[6Y ],15.0588,0.0502
Y,N,N,N,N,N,N,Y,N,N,Y,Y,N,Y,N,N,N,N,N,N,N,N,Y,Y,Y,N,Y,Y,N,Y,N,Y,Y,N,Y,Y,N,N,N,14.881,[6N 22N 26N 3N ],14.9307,0.0033
Y,N,N,N,N,N,N,Y,N,N,Y,Y,N,Y,N,N,N,N,N,N,N,N,N,Y,Y,Y,N,Y,Y,N,N,Y,Y,N,Y,Y,N,N,N,14.170,[6N 22N 26Y 10N ],13.6667,0.0355
Y,Y,N,N,N,N,N,Y,N,N,Y,N,N,Y,Y,Y,N,N,N,N,N,N,N,Y,Y,N,Y,Y,Y,N,N,Y,Y,N,Y,Y,N,N,N,15.397,[6N 22N 26N 3N ],14.9307,0.0303
Y,N,Y,Y,N,N,N,Y,N,N,Y,N,N,Y,Y,N,N,N,N,N,N,N,N,Y,Y,Y,N,Y,Y,N,N,Y,Y,N,Y,Y,N,N,N,14.290,[6N 22N 26Y 10N ],13.6667,0.0436
Y,N,N,N,N,N,N,Y,Y,N,Y,N,N,Y,N,N,Y,N,N,N,N,N,N,Y,Y,Y,N,Y,Y,N,N,Y,Y,N,Y,Y,N,N,N,14.220,[6N 22N 26Y 10N ],13.6667,0.0389
Y,N,N,N,N,N,N,Y,N,N,Y,Y,N,Y,N,N,N,N,N,N,N,N,N,Y,Y,Y,N,Y,Y,N,N,Y,Y,N,Y,N,N,Y,N,14.382,[6N 22N 26Y 10N ],13.6667,0.0497
Y,Y,N,N,N,N,N,Y,Y,N,Y,N,N,Y,N,N,N,N,N,N,N,N,N,Y,Y,Y,N,Y,Y,N,N,Y,Y,N,Y,N,N,Y,N,13.728,[6N 22N 26Y 10N ],13.6667,0.0045
Y,Y,Y,N,N,N,Y,Y,Y,Y,Y,Y,Y,Y,Y,N,Y,Y,Y,Y,Y,Y,Y,Y,Y,N,Y,Y,N,Y,N,Y,N,Y,Y,N,N,N,Y,15.014,[6N 22Y 29N ],13.7242,0.0859
Y,Y,Y,N,N,Y,N,Y,Y,Y,Y,Y,Y,Y,Y,Y,Y,Y,Y,Y,N,Y,Y,Y,Y,N,Y,Y,Y,N,N,Y,N,Y,Y,N,Y,N,N,13.992,[6Y ],15.0588,0.0762
Y,N,Y,N,N,N,Y,Y,N,N,Y,N,N,Y,N,N,N,N,N,Y,N,N,N,Y,Y,N,Y,Y,N,N,Y,Y,Y,N,Y,N,N,Y,N,13.864,[6N 22N 26N 3Y ],14.3777,0.0371
Y,N,N,N,N,N,N,Y,N,N,Y,N,N,Y,Y,N,N,N,N,N,N,N,N,Y,Y,Y,N,Y,Y,N,N,Y,Y,N,Y,N,N,Y,N,14.475,[6N 22N 26Y 10N ],13.6667,0.0558
Y,N,N,N,N,N,N,Y,N,N,Y,N,N,Y,N,N,N,Y,Y,N,N,N,N,Y,Y,N,Y,Y,Y,N,N,Y,Y,N,Y,N,N,N,Y,15.129,[6N 22N 26N 3N ],14.9307,0.0131
Y,Y,N,N,N,N,N,Y,N,N,Y,N,N,Y,N,N,N,N,N,Y,N,N,N,Y,Y,N,Y,Y,N,N,Y,Y,Y,N,Y,Y,N,N,N,15.493,[6N 22N 26N 3N ],14.9307,0.0363
Y,Y,N,N,N,N,N,Y,N,N,Y,N,Y,Y,N,N,N,N,Y,N,N,N,N,Y,Y,Y,N,Y,Y,N,N,Y,Y,N,Y,Y,N,N,N,15.003,[6N 22N 26Y 10N ],13.6667,0.0891
Y,Y,Y,N,N,N,Y,Y,Y,Y,Y,Y,Y,Y,Y,Y,Y,Y,Y,N,Y,Y,Y,Y,Y,N,Y,Y,N,Y,N,Y,N,Y,Y,N,N,N,Y,14.582,[6N 22Y 29N ],13.7242,0.0588
Y,N,Y,Y,N,N,N,Y,N,Y,Y,N,N,Y,N,N,N,N,N,N,N,N,N,Y,Y,Y,N,Y,Y,N,N,Y,Y,N,Y,N,N,N,Y,13.470,[6N 22N 26Y 10Y ],14.5610,0.0810
Y,N,Y,N,Y,N,N,Y,N,Y,Y,N,N,Y,N,N,N,N,N,Y,N,N,N,Y,Y,N,Y,Y,Y,N,N,Y,Y,N,Y,Y,N,N,N,15.239,[6N 22N 26N 3Y ],14.3777,0.0565
Y,N,Y,N,N,Y,N,Y,N,N,Y,N,N,Y,N,N,N,N,Y,N,N,Y,N,Y,Y,Y,N,Y,Y,N,N,Y,Y,N,Y,Y,N,N,N,15.259,[6Y ],15.0588,0.0131
Y,N,N,N,N,N,N,Y,Y,Y,Y,N,N,Y,N,N,N,N,N,N,N,N,N,Y,Y,N,Y,Y,Y,N,N,Y,N,Y,Y,Y,N,N,N,15.927,[6N 22N 26N 3N ],14.9307,0.0626
Y,N,Y,Y,N,N,N,Y,N,N,Y,N,N,Y,N,N,N,N,N,N,N,N,N,Y,Y,Y,N,Y,Y,N,N,Y,Y,N,Y,Y,N,N,N,15.237,[6N 22N 26Y 10N ],13.6667,0.1031
Y,Y,Y,N,N,Y,N,Y,Y,Y,Y,Y,Y,Y,Y,Y,Y,Y,Y,Y,Y,Y,N,Y,Y,Y,N,Y,N,N,Y,Y,Y,N,Y,N,N,Y,N,14.442,[6Y ],15.0588,0.0427
Y,N,N,N,N,N,N,Y,N,N,Y,N,N,Y,N,N,N,N,N,N,N,N,Y,Y,Y,N,Y,Y,Y,N,N,Y,Y,N,Y,N,N,N,Y,13.463,[6N 22N 26N 3N ],14.9307,0.1090
Y,N,Y,N,N,N,Y,Y,N,N,Y,N,N,Y,N,N,N,Y,N,N,N,N,N,Y,Y,N,Y,Y,N,Y,N,Y,Y,N,Y,Y,N,N,N,14.623,[6N 22N 26N 3Y ],14.3777,0.0168
Y,N,N,N,N,N,N,Y,Y,N,Y,N,N,Y,N,Y,N,N,N,Y,N,N,N,Y,Y,N,Y,Y,Y,N,N,Y,Y,N,Y,Y,N,N,N,14.326,[6N 22N 26N 3N ],14.9307,0.0422
Y,Y,N,N,N,N,N,Y,N,N,Y,N,N,Y,N,N,N,N,N,N,Y,N,N,Y,Y,Y,N,Y,Y,N,N,Y,Y,N,Y,N,N,Y,N,14.032,[6N 22N 26Y 10N ],13.6667,0.0260
Y,N,Y,N,Y,N,N,Y,N,N,Y,N,N,Y,N,N,N,N,N,N,N,Y,N,Y,Y,N,Y,Y,N,Y,N,Y,Y,N,Y,Y,N,N,N,14.401,[6N 22Y 29N ],13.7242,0.0470
Y,N,Y,N,N,Y,N,Y,N,N,Y,N,N,Y,Y,N,N,N,N,N,Y,N,N,Y,Y,N,Y,Y,Y,N,N,Y,Y,N,Y,Y,N,N,N,13.703,[6Y ],15.0588,0.0989
Y,N,N,N,N,N,N,Y,N,N,Y,N,N,Y,N,N,Y,N,N,N,N,N,N,Y,Y,Y,N,Y,N,N,Y,Y,N,Y,Y,Y,N,N,N,14.281,[6N 22N 26Y 10N ],13.6667,0.0430
Y,N,N,N,N,N,N,Y,N,Y,Y,N,Y,Y,N,N,N,N,N,N,N,N,Y,Y,Y,N,Y,Y,Y,N,N,Y,Y,N,Y,Y,N,N,N,15.892,[6N 22N 26N 3N ],14.9307,0.0605
Y,Y,Y,N,Y,N,N,Y,Y,Y,Y,Y,Y,Y,Y,Y,Y,N,Y,Y,Y,Y,Y,Y,Y,N,Y,Y,N,Y,N,Y,Y,N,Y,N,N,Y,N,14.489,[6N 22Y 29N ],13.7242,0.0528
Y,N,N,N,N,N,N,Y,N,N,Y,N,N,Y,N,N,N,N,N,N,N,N,N,Y,Y,N,Y,Y,N,Y,N,Y,Y,N,Y,N,Y,N,N,14.914,[6N 22N 26N 3N ],14.9307,0.0011
Y,N,N,N,N,N,N,Y,N,N,Y,N,Y,Y,N,N,Y,N,N,N,N,N,N,Y,Y,Y,N,Y,Y,N,N,Y,Y,N,Y,N,N,N,Y,14.218,[6N 22N 26Y 10N ],13.6667,0.0388
Y,Y,N,N,N,N,N,Y,N,N,Y,N,N,Y,N,N,N,N,Y,Y,N,N,N,Y,Y,Y,N,Y,Y,N,N,Y,Y,N,Y,Y,N,N,N,14.751,[6N 22N 26Y 10N ],13.6667,0.0735
Y,N,Y,N,Y,N,N,Y,N,N,Y,N,N,Y,N,N,N,N,N,N,Y,N,N,Y,Y,N,Y,Y,N,N,Y,Y,Y,N,Y,Y,N,N,N,13.961,[6N 22N 26N 3Y ],14.3777,0.0298
Y,N,Y,N,N,N,Y,Y,N,N,Y,N,Y,Y,N,N,N,N,N,N,N,N,Y,Y,Y,Y,N,Y,Y,N,N,Y,Y,N,Y,Y,N,N,N,16.109,[6N 22N 26Y 10N ],13.6667,0.1516
Y,N,Y,Y,N,N,N,Y,N,N,Y,N,N,Y,N,N,N,N,Y,N,Y,N,N,Y,Y,N,Y,Y,Y,N,N,Y,Y,N,Y,Y,N,N,N,15.172,[6N 22N 26N 3Y ],14.3777,0.0524
Y,N,N,N,N,N,N,Y,Y,N,Y,N,Y,Y,N,N,N,N,N,N,N,Y,N,Y,Y,N,Y,Y,Y,N,N,Y,Y,N,Y,Y,N,N,N,15.208,[6N 22Y 29Y ],13.8765,0.0876
Y,N,Y,N,N,Y,N,Y,N,N,Y,N,N,Y,N,N,N,N,Y,N,N,N,N,Y,Y,N,Y,Y,Y,N,N,Y,Y,N,Y,N,N,Y,N,14.221,[6Y ],15.0588,0.0589
Y,N,N,N,N,N,N,Y,N,N,Y,N,N,Y,N,Y,N,N,N,Y,Y,N,N,Y,Y,Y,N,Y,Y,N,N,Y,Y,N,Y,Y,N,N,N,13.555,[6N 22N 26Y 10N ],13.6667,0.0082
Y,Y,Y,N,Y,N,N,Y,Y,Y,Y,Y,Y,Y,Y,Y,Y,Y,N,Y,Y,Y,Y,Y,Y,N,Y,Y,N,Y,N,Y,Y,N,Y,N,Y,N,N,14.357,[6N 22Y 29N ],13.7242,0.0441
Y,Y,N,N,N,N,N,Y,N,N,Y,N,N,Y,N,N,Y,N,N,N,N,N,N,Y,Y,N,Y,Y,Y,N,N,Y,Y,N,Y,Y,N,N,N,13.501,[6N 22N 26N 3N ],14.9307,0.1059
Y,N,N,N,N,N,N,Y,N,N,Y,N,N,Y,Y,N,N,N,N,N,N,N,N,Y,Y,Y,N,Y,N,N,Y,Y,Y,N,Y,N,N,N,Y,13.810,[6N 22N 26Y 10N ],13.6667,0.0104
Y,N,Y,N,N,N,Y,Y,N,N,Y,N,N,Y,N,N,Y,N,N,N,Y,N,N,Y,Y,N,Y,Y,Y,N,N,Y,Y,N,Y,Y,N,N,N,13.974,[6N 22N 26N 3Y ],14.3777,0.0289
Y,Y,N,N,N,N,N,Y,N,N,Y,N,N,Y,N,N,Y,N,N,N,N,N,N,Y,Y,Y,N,Y,N,Y,N,Y,Y,N,Y,Y,N,N,N,14.410,[6N 22N 26Y 10N ],13.6667,0.0516
Y,N,Y,Y,N,N,N,Y,N,N,Y,N,Y,Y,N,N,N,N,N,N,N,N,N,Y,Y,Y,N,Y,Y,N,N,Y,Y,N,Y,Y,N,N,N,14.405,[6N 22N 26Y 10N ],13.6667,0.0513
Y,N,Y,Y,N,N,N,Y,N,N,Y,N,N,Y,N,Y,N,N,Y,N,N,N,N,Y,Y,Y,N,Y,Y,N,N,Y,Y,N,Y,Y,N,N,N,14.755,[6N 22N 26Y 10N ],13.6667,0.0738
Y,Y,N,N,N,N,N,Y,N,N,Y,N,N,Y,N,N,N,N,Y,N,N,Y,N,Y,Y,Y,N,Y,Y,N,N,Y,Y,N,Y,Y,N,N,N,14.772,[6N 22Y 29Y ],13.8765,0.0606
Y,N,Y,Y,N,N,N,Y,N,N,Y,N,N,Y,N,N,N,N,N,N,N,Y,Y,Y,Y,Y,N,Y,Y,N,N,Y,Y,N,Y,Y,N,N,N,14.649,[6N 22Y 29Y ],13.8765,0.0527
Y,N,N,N,N,N,N,Y,N,N,Y,Y,Y,Y,N,N,N,N,N,N,N,N,N,Y,Y,Y,N,Y,Y,N,N,Y,Y,N,Y,N,Y,N,N,13.419,[6N 22N 26Y 10N ],13.6667,0.0185
Y,Y,Y,N,N,N,Y,Y,N,Y,Y,Y,Y,Y,Y,Y,Y,Y,Y,Y,Y,Y,Y,Y,Y,N,Y,Y,N,N,Y,Y,Y,N,Y,N,N,N,Y,14.379,[6N 22Y 29N ],13.7242,0.0455
Y,N,N,N,N,N,N,Y,N,N,Y,Y,N,Y,N,N,N,N,N,N,N,N,N,Y,Y,N,Y,Y,N,N,Y,Y,Y,N,Y,Y,N,N,N,13.748,[6N 22N 26N 3N ],14.9307,0.0860
Y,N,N,N,N,N,N,Y,N,N,Y,Y,Y,Y,N,N,N,N,N,N,N,N,N,Y,Y,Y,N,Y,Y,N,N,Y,Y,N,Y,N,N,N,Y,13.947,[6N 22N 26Y 10N ],13.6667,0.0201
Y,N,Y,N,N,Y,N,Y,N,N,Y,N,Y,Y,N,N,N,Y,N,N,N,N,N,Y,Y,N,Y,Y,Y,N,N,Y,Y,N,Y,Y,N,N,N,15.169,[6Y ],15.0588,0.0073
Y,N,Y,N,N,N,Y,Y,N,N,Y,N,Y,Y,N,N,N,N,N,Y,N,N,N,Y,Y,Y,N,Y,Y,N,N,Y,Y,N,Y,Y,N,N,N,16.322,[6N 22N 26Y 10N ],13.6667,0.1627
Y,N,Y,N,N,Y,N,Y,N,Y,Y,N,Y,Y,N,N,N,N,N,N,N,N,N,Y,Y,Y,N,Y,Y,N,N,Y,Y,N,Y,Y,N,N,N,16.174,[6Y ],15.0588,0.0689
Y,N,Y,N,Y,N,N,Y,N,N,Y,N,N,Y,N,N,N,Y,N,N,N,N,N,Y,Y,Y,N,Y,Y,N,N,Y,N,Y,Y,Y,N,N,N,14.903,[6N 22N 26Y 10N ],13.6667,0.0830
Y,N,Y,N,Y,N,N,Y,N,N,Y,N,N,Y,N,Y,N,N,N,N,N,N,N,Y,Y,Y,N,Y,Y,N,N,Y,Y,N,Y,N,N,N,Y,16.093,[6N 22N 26Y 10N ],13.6667,0.1508
Y,N,Y,N,N,N,Y,Y,N,N,Y,N,N,Y,Y,N,N,N,N,N,N,N,N,Y,Y,N,Y,Y,N,Y,N,Y,Y,N,Y,N,Y,N,N,14.407,[6N 22N 26N 3Y ],14.3777,0.0020
Y,N,Y,N,Y,N,N,Y,N,N,Y,N,N,Y,N,N,N,N,N,Y,N,N,N,Y,Y,Y,N,Y,N,Y,N,Y,Y,N,Y,Y,N,N,N,14.206,[6N 22N 26Y 10N ],13.6667,0.0380
Y,Y,Y,N,Y,N,N,Y,N,N,Y,N,N,Y,N,N,N,N,N,Y,N,N,N,Y,Y,N,Y,Y,Y,N,N,Y,Y,N,Y,Y,N,N,N,14.309,[6N 22N 26N 3Y ],14.3777,0.0048
Y,N,Y,N,Y,N,N,Y,N,N,Y,N,N,Y,Y,N,N,N,N,N,N,N,N,Y,Y,Y,N,Y,Y,N,N,Y,Y,N,Y,N,N,Y,N,15.687,[6N 22N 26Y 10N ],13.6667,0.1288
Y,Y,Y,N,N,N,Y,Y,Y,Y,Y,Y,Y,Y,Y,Y,Y,Y,Y,N,Y,Y,Y,Y,Y,Y,N,Y,N,N,Y,Y,Y,N,Y,Y,N,N,N,14.787,[6N 22Y 29N ],13.7242,0.0719
Y,N,N,N,N,N,N,Y,N,N,Y,N,N,Y,N,N,N,N,N,N,N,N,N,Y,Y,N,Y,Y,Y,N,N,Y,N,Y,Y,N,N,Y,N,15.057,[6N 22N 26N 3N ],14.9307,0.0084
Y,N,Y,Y,N,N,N,Y,N,N,Y,N,N,Y,N,N,N,N,Y,Y,N,N,N,Y,Y,Y,N,Y,Y,N,N,Y,Y,N,Y,Y,N,N,N,14.601,[6N 22N 26Y 10N ],13.6667,0.0640
Y,N,N,N,N,N,N,Y,Y,N,Y,Y,N,Y,N,N,N,N,N,Y,N,N,N,Y,Y,N,Y,Y,Y,N,N,Y,Y,N,Y,Y,N,N,N,14.331,[6N 22N 26N 3N ],14.9307,0.0418
Y,N,N,N,N,N,N,Y,N,N,Y,N,N,Y,N,Y,N,N,N,N,N,Y,N,Y,Y,N,Y,Y,Y,N,N,Y,Y,N,Y,N,N,N,Y,15.337,[6N 22Y 29Y ],13.8765,0.0952
Y,N,N,N,N,N,N,Y,N,N,Y,N,N,Y,N,Y,N,N,N,N,N,N,N,Y,Y,N,Y,Y,N,N,Y,Y,Y,N,Y,N,N,Y,N,15.271,[6N 22N 26N 3N ],14.9307,0.0223
Y,N,N,N,N,N,N,Y,Y,N,Y,N,Y,Y,N,N,N,N,N,Y,N,N,N,Y,Y,N,Y,Y,Y,N,N,Y,Y,N,Y,Y,N,N,N,15.275,[6N 22N 26N 3N ],14.9307,0.0225
Y,N,N,N,N,N,N,Y,N,N,Y,Y,N,Y,N,Y,N,N,N,N,N,N,N,Y,Y,N,Y,Y,Y,N,N,Y,Y,N,Y,N,Y,N,N,15.765,[6N 22N 26N 3N ],14.9307,0.0529
Y,N,Y,N,Y,N,N,Y,N,Y,Y,N,N,Y,N,N,N,N,N,N,N,N,N,Y,Y,N,Y,Y,Y,N,N,Y,Y,N,Y,N,N,N,Y,14.072,[6N 22N 26N 3Y ],14.3777,0.0217
Y,N,N,N,N,N,N,Y,N,N,Y,N,N,Y,N,Y,N,N,N,Y,N,N,N,Y,Y,N,Y,Y,Y,N,N,Y,Y,N,Y,N,N,N,Y,15.269,[6N 22N 26N 3N ],14.9307,0.0222
Y,Y,Y,N,Y,N,N,Y,Y,Y,Y,Y,Y,Y,Y,Y,Y,Y,Y,Y,Y,N,Y,Y,Y,Y,N,Y,Y,N,N,Y,Y,N,Y,N,N,Y,N,14.243,[6N 22N 26Y 10Y ],14.5610,0.0223
Y,N,N,N,N,N,N,Y,N,Y,Y,N,N,Y,Y,N,N,N,N,N,N,N,N,Y,Y,Y,N,Y,Y,N,N,Y,Y,N,Y,Y,N,N,N,14.015,[6N 22N 26Y 10Y ],14.5610,0.0390
Y,N,N,N,N,N,N,Y,N,N,Y,N,Y,Y,N,N,N,N,N,Y,Y,N,N,Y,Y,Y,N,Y,Y,N,N,Y,Y,N,Y,Y,N,N,N,13.308,[6N 22N 26Y 10N ],13.6667,0.0270
Y,N,N,N,N,N,N,Y,Y,N,Y,N,N,Y,N,N,N,N,N,N,N,Y,N,Y,Y,Y,N,Y,N,N,Y,Y,Y,N,Y,Y,N,N,N,13.562,[6N 22Y 29N ],13.7242,0.0120
Y,N,Y,N,N,Y,N,Y,Y,N,Y,N,N,Y,N,N,N,N,N,N,N,N,N,Y,Y,Y,N,Y,Y,N,N,Y,Y,N,Y,N,Y,N,N,15.631,[6Y ],15.0588,0.0366
Y,N,N,N,N,N,N,Y,Y,N,Y,N,N,Y,Y,N,N,N,N,Y,N,N,N,Y,Y,N,Y,Y,Y,N,N,Y,Y,N,Y,Y,N,N,N,15.838,[6N 22N 26N 3N ],14.9307,0.0573
Y,N,N,N,N,N,N,Y,N,N,Y,Y,N,Y,N,N,N,N,N,N,N,Y,N,Y,Y,N,Y,Y,Y,N,N,Y,Y,N,Y,N,N,N,Y,14.618,[6N 22Y 29Y ],13.8765,0.0507
Y,Y,N,N,N,N,N,Y,Y,Y,Y,N,N,Y,N,N,N,N,N,N,N,N,N,Y,Y,Y,N,Y,Y,N,N,Y,Y,N,Y,Y,N,N,N,15.694,[6N 22N 26Y 10Y ],14.5610,0.0722
Y,Y,Y,N,N,Y,N,Y,Y,Y,Y,Y,Y,Y,Y,Y,N,Y,Y,Y,Y,Y,Y,Y,Y,Y,N,Y,N,N,Y,Y,Y,N,Y,N,Y,N,N,14.768,[6Y ],15.0588,0.0197
Y,N,N,N,N,N,N,Y,N,N,Y,N,N,Y,Y,N,Y,N,N,N,N,N,N,Y,Y,Y,N,Y,Y,N,N,Y,Y,N,Y,N,N,N,Y,14.282,[6N 22N 26Y 10N ],13.6667,0.0431
Y,N,Y,Y,N,N,N,Y,N,N,Y,N,N,Y,N,N,N,N,N,N,N,N,N,Y,Y,N,Y,Y,Y,N,N,Y,N,Y,Y,N,Y,N,N,14.054,[6N 22N 26N 3Y ],14.3777,0.0230
Y,Y,N,N,N,N,N,Y,N,N,Y,N,Y,Y,N,N,N,N,N,N,N,N,N,Y,Y,Y,N,Y,Y,N,N,Y,N,Y,Y,Y,N,N,N,13.962,[6N 22N 26Y 10N ],13.6667,0.0212
Y,N,N,N,N,N,N,Y,N,N,Y,Y,N,Y,Y,N,N,N,N,N,Y,N,N,Y,Y,Y,N,Y,Y,N,N,Y,Y,N,Y,Y,N,N,N,14.480,[6N 22N 26Y 10N ],13.6667,0.0562
Y,N,N,N,N,N,N,Y,N,N,Y,N,N,Y,N,N,N,N,Y,N,N,N,N,Y,Y,N,Y,Y,Y,N,N,Y,Y,N,Y,N,Y,N,N,13.977,[6N 22N 26N 3N ],14.9307,0.0682
Y,N,N,N,N,N,N,Y,N,N,Y,N,N,Y,Y,N,N,N,N,N,N,Y,Y,Y,Y,Y,N,Y,Y,N,N,Y,Y,N,Y,Y,N,N,N,13.875,[6N 22Y 29Y ],13.8765,0.0001
Y,N,N,N,N,N,N,Y,Y,N,Y,N,N,Y,Y,N,N,N,N,Y,N,N,N,Y,Y,Y,N,Y,Y,N,N,Y,Y,N,Y,Y,N,N,N,14.825,[6N 22N 26Y 10N ],13.6667,0.0781
Y,N,Y,Y,N,N,N,Y,N,N,Y,N,N,Y,N,Y,N,N,N,N,N,N,N,Y,Y,N,Y,Y,Y,N,N,Y,Y,N,Y,N,N,N,Y,13.059,[6N 22N 26N 3Y ],14.3777,0.1010
Y,N,N,N,N,N,N,Y,N,N,Y,N,N,Y,Y,N,N,N,N,N,N,N,N,Y,Y,N,Y,Y,Y,N,N,Y,N,Y,Y,N,N,N,Y,15.049,[6N 22N 26N 3N ],14.9307,0.0079
Y,N,Y,N,Y,N,N,Y,N,N,Y,N,N,Y,N,Y,N,N,N,N,N,N,N,Y,Y,N,Y,Y,Y,N,N,Y,N,Y,Y,Y,N,N,N,14.899,[6N 22N 26N 3Y ],14.3777,0.0350
Y,N,Y,N,Y,N,N,Y,N,N,Y,N,N,Y,N,N,N,N,N,N,N,N,Y,Y,Y,Y,N,Y,Y,N,N,Y,Y,N,Y,Y,N,N,N,14.780,[6N 22N 26Y 10N ],13.6667,0.0753
Y,N,Y,N,N,N,Y,Y,N,N,Y,N,N,Y,N,Y,N,N,N,N,N,N,Y,Y,Y,Y,N,Y,Y,N,N,Y,Y,N,Y,Y,N,N,N,16.097,[6N 22N 26Y 10N ],13.6667,0.1510
Y,N,N,N,N,N,N,Y,Y,N,Y,N,N,Y,N,N,N,N,N,N,Y,Y,N,Y,Y,N,Y,Y,Y,N,N,Y,Y,N,Y,Y,N,N,N,15.289,[6N 22Y 29Y ],13.8765,0.0924
Y,N,N,N,N,N,N,Y,N,N,Y,Y,N,Y,Y,N,N,N,N,N,N,N,N,Y,Y,Y,N,Y,Y,N,N,Y,Y,N,Y,N,Y,N,N,14.018,[6N 22N 26Y 10N ],13.6667,0.0251
Y,Y,N,N,N,N,N,Y,Y,Y,Y,Y,Y,Y,Y,Y,Y,Y,Y,Y,Y,Y,Y,Y,Y,N,Y,Y,Y,N,N,Y,N,Y,Y,N,Y,N,N,14.452,[6N 22Y 29Y ],13.8765,0.0398
Y,N,Y,N,N,N,Y,Y,Y,N,Y,N,N,Y,N,N,N,N,Y,N,N,N,N,Y,Y,N,Y,Y,Y,N,N,Y,Y,N,Y,Y,N,N,N,14.357,[6N 22N 26N 3Y ],14.3777,0.0014
Y,N,Y,N,N,N,Y,Y,N,N,Y,N,N,Y,N,N,Y,N,N,N,N,N,N,Y,Y,Y,N,Y,Y,N,N,Y,N,Y,Y,Y,N,N,N,15.066,[6N 22N 26Y 10N ],13.6667,0.0929
Y,N,N,N,N,N,N,Y,N,N,Y,Y,N,Y,N,N,Y,Y,N,N,N,N,N,Y,Y,Y,N,Y,Y,N,N,Y,Y,N,Y,Y,N,N,N,14.667,[6N 22N 26Y 10N ],13.6667,0.0682
Y,N,Y,N,N,N,Y,Y,N,N,Y,N,N,Y,N,N,N,N,N,N,N,N,N,Y,Y,Y,N,Y,N,N,Y,Y,Y,N,Y,N,Y,N,N,14.914,[6N 22N 26Y 10N ],13.6667,0.0836
Y,N,Y,Y,N,N,N,Y,N,N,Y,N,N,Y,N,N,N,N,N,N,N,N,Y,Y,Y,Y,N,Y,Y,N,N,Y,Y,N,Y,N,N,N,Y,14.016,[6N 22N 26Y 10N ],13.6667,0.0249
Y,N,N,N,N,N,N,Y,N,N,Y,Y,N,Y,N,N,N,N,N,N,N,N,N,Y,Y,Y,N,Y,N,N,Y,Y,Y,N,Y,N,Y,N,N,14.091,[6N 22N 26Y 10N ],13.6667,0.0301
Y,N,N,N,N,N,N,Y,N,N,Y,N,N,Y,N,N,Y,N,N,Y,N,N,N,Y,Y,Y,N,Y,Y,N,N,Y,Y,N,Y,N,Y,N,N,14.128,[6N 22N 26Y 10N ],13.6667,0.0327
Y,N,Y,Y,N,N,N,Y,N,N,Y,N,N,Y,N,N,Y,Y,N,N,N,N,N,Y,Y,N,Y,Y,Y,N,N,Y,Y,N,Y,Y,N,N,N,15.112,[6N 22N 26N 3Y ],14.3777,0.0486
Y,N,N,N,N,N,N,Y,N,N,Y,N,N,Y,N,N,N,N,N,N,Y,N,Y,Y,Y,Y,N,Y,N,N,Y,Y,Y,N,Y,Y,N,N,N,13.870,[6N 22N 26Y 10N ],13.6667,0.0147
Y,N,N,N,N,N,N,Y,N,N,Y,N,N,Y,N,N,N,N,Y,N,N,N,Y,Y,Y,Y,N,Y,Y,N,N,Y,Y,N,Y,N,N,N,Y,14.146,[6N 22N 26Y 10N ],13.6667,0.0339
Y,N,Y,N,N,N,Y,Y,Y,N,Y,N,N,Y,N,N,N,N,N,N,N,N,N,Y,Y,Y,N,Y,Y,N,N,Y,Y,N,Y,N,Y,N,N,15.455,[6N 22N 26Y 10N ],13.6667,0.1157
Y,Y,Y,N,Y,N,N,Y,N,Y,Y,Y,Y,Y,Y,Y,Y,Y,Y,Y,Y,Y,Y,Y,Y,Y,N,Y,N,N,Y,Y,Y,N,Y,N,Y,N,N,14.486,[6N 22Y 29N ],13.7242,0.0526
Y,N,Y,N,N,N,Y,Y,N,N,Y,N,N,Y,N,N,N,Y,Y,N,N,N,N,Y,Y,Y,N,Y,Y,N,N,Y,Y,N,Y,Y,N,N,N,16.283,[6N 22N 26Y 10N ],13.6667,0.1607
Y,Y,Y,N,N,Y,N,Y,Y,Y,Y,Y,Y,Y,Y,Y,Y,Y,Y,Y,Y,Y,N,Y,Y,Y,N,Y,Y,N,N,Y,N,Y,Y,N,N,N,Y,14.527,[6Y ],15.0588,0.0366
Y,Y,Y,Y,N,N,N,Y,Y,Y,Y,Y,Y,Y,N,Y,Y,Y,Y,Y,Y,Y,Y,Y,Y,N,Y,Y,N,Y,N,Y,N,Y,Y,N,N,N,Y,14.673,[6N 22Y 29N ],13.7242,0.0647
Y,N,N,N,N,N,N,Y,Y,N,Y,N,N,Y,Y,N,N,N,N,N,N,N,N,Y,Y,Y,N,Y,Y,N,N,Y,Y,N,Y,N,Y,N,N,14.043,[6N 22N 26Y 10N ],13.6667,0.0268
Y,N,Y,Y,N,N,N,Y,N,Y,Y,N,N,Y,N,N,Y,N,N,N,N,N,N,Y,Y,Y,N,Y,Y,N,N,Y,Y,N,Y,Y,N,N,N,14.198,[6N 22N 26Y 10Y ],14.5610,0.0256
Y,N,N,N,N,N,N,Y,N,N,Y,N,N,Y,N,N,N,N,N,N,N,Y,N,Y,Y,N,Y,Y,N,Y,N,Y,Y,N,Y,Y,N,N,N,13.585,[6N 22Y 29N ],13.7242,0.0103
Y,N,N,N,N,N,N,Y,Y,N,Y,N,N,Y,N,N,N,N,N,N,N,Y,N,Y,Y,N,Y,Y,N,N,Y,Y,Y,N,Y,Y,N,N,N,15.556,[6N 22Y 29N ],13.7242,0.1178
Y,N,N,N,N,N,N,Y,N,N,Y,N,N,Y,N,N,N,Y,Y,N,N,N,N,Y,Y,N,Y,Y,Y,N,N,Y,N,Y,Y,Y,N,N,N,14.800,[6N 22N 26N 3N ],14.9307,0.0088
Y,N,Y,N,N,Y,N,Y,Y,N,Y,N,N,Y,N,N,N,N,N,N,N,N,N,Y,Y,N,Y,Y,Y,N,N,Y,Y,N,Y,N,Y,N,N,13.922,[6Y ],15.0588,0.0817
Y,N,N,N,N,N,N,Y,N,N,Y,N,N,Y,N,N,N,N,Y,N,N,N,N,Y,Y,N,Y,Y,N,N,Y,Y,Y,N,Y,Y,N,N,N,14.028,[6N 22N 26N 3N ],14.9307,0.0643
Y,N,Y,N,N,Y,N,Y,N,N,Y,N,N,Y,N,N,N,N,N,N,N,N,N,Y,Y,Y,N,Y,N,N,Y,Y,N,Y,Y,Y,N,N,N,14.936,[6Y ],15.0588,0.0082
Y,N,Y,N,N,Y,N,Y,Y,N,Y,N,N,Y,N,N,N,Y,N,N,N,N,N,Y,Y,Y,N,Y,Y,N,N,Y,Y,N,Y,Y,N,N,N,16.139,[6Y ],15.0588,0.0669
Y,Y,N,N,N,N,N,Y,N,N,Y,N,Y,Y,N,N,N,N,Y,N,N,N,N,Y,Y,N,Y,Y,Y,N,N,Y,Y,N,Y,Y,N,N,N,14.739,[6N 22N 26N 3N ],14.9307,0.0130
Y,N,N,N,N,N,N,Y,N,N,Y,N,Y,Y,N,N,Y,N,N,N,N,Y,N,Y,Y,Y,N,Y,Y,N,N,Y,Y,N,Y,Y,N,N,N,13.802,[6N 22Y 29Y ],13.8765,0.0054
Y,N,N,N,N,N,N,Y,Y,N,Y,N,N,Y,N,N,N,N,N,Y,N,N,N,Y,Y,N,Y,Y,Y,N,N,Y,Y,N,Y,N,N,N,Y,14.548,[6N 22N 26N 3N ],14.9307,0.0263
Y,Y,N,N,N,N,N,Y,N,N,Y,N,N,Y,N,N,N,N,N,N,N,N,N,Y,Y,Y,N,Y,Y,N,N,Y,Y,N,Y,N,N,Y,N,14.549,[6N 22N 26Y 10N ],13.6667,0.0606
Y,N,N,N,N,N,N,Y,N,N,Y,Y,Y,Y,N,N,N,N,N,N,N,N,N,Y,Y,Y,N,Y,N,N,Y,Y,Y,N,Y,Y,N,N,N,13.894,[6N 22N 26Y 10N ],13.6667,0.0164
Y,N,N,N,N,N,N,Y,N,N,Y,N,N,Y,N,N,N,N,N,Y,N,N,Y,Y,Y,N,Y,Y,Y,N,N,Y,Y,N,Y,Y,N,N,N,13.302,[6N 22N 26N 3N ],14.9307,0.1224
Y,N,N,N,N,N,N,Y,N,N,Y,N,N,Y,N,N,Y,N,N,Y,N,N,Y,Y,Y,N,Y,Y,Y,N,N,Y,Y,N,Y,Y,N,N,N,14.241,[6N 22N 26N 3N ],14.9307,0.0484
Y,N,N,N,N,N,N,Y,N,N,Y,Y,N,Y,N,N,N,Y,N,N,N,N,Y,Y,Y,Y,N,Y,Y,N,N,Y,Y,N,Y,Y,N,N,N,14.871,[6N 22N 26Y 10N ],13.6667,0.0810
Y,N,Y,N,N,Y,N,Y,N,N,Y,N,N,Y,N,N,N,Y,N,N,N,N,N,Y,Y,Y,N,Y,Y,N,N,Y,Y,N,Y,N,N,N,Y,15.512,[6Y ],15.0588,0.0292
Y,N,Y,Y,N,N,N,Y,N,N,Y,N,N,Y,N,N,N,N,N,N,N,Y,N,Y,Y,N,Y,Y,N,Y,N,Y,Y,N,Y,Y,N,N,N,13.802,[6N 22Y 29N ],13.7242,0.0056
Y,Y,Y,N,N,Y,N,Y,N,N,Y,N,N,Y,Y,N,N,N,N,N,N,N,N,Y,Y,Y,N,Y,Y,N,N,Y,Y,N,Y,Y,N,N,N,16.400,[6Y ],15.0588,0.0818
Y,Y,N,N,N,N,N,Y,N,Y,Y,N,N,Y,N,N,N,N,N,N,Y,N,N,Y,Y,N,Y,Y,Y,N,N,Y,Y,N,Y,Y,N,N,N,14.169,[6N 22N 26N 3N ],14.9307,0.0538
Y,Y,Y,N,Y,N,N,Y,Y,Y,Y,Y,Y,Y,Y,N,Y,Y,Y,Y,Y,Y,Y,Y,Y,N,Y,Y,N,Y,N,Y,Y,N,Y,N,Y,N,N,14.355,[6N 22Y 29N ],13.7242,0.0439
Y,N,Y,N,Y,N,N,Y,N,N,Y,N,N,Y,N,N,Y,N,N,N,N,N,N,Y,Y,N,Y,Y,Y,N,N,Y,Y,N,Y,Y,N,N,N,14.740,[6N 22N 26N 3Y ],14.3777,0.0246
Y,N,Y,Y,N,N,N,Y,N,N,Y,N,N,Y,N,N,N,N,N,Y,N,N,N,Y,Y,N,Y,Y,Y,N,N,Y,Y,N,Y,Y,N,N,N,14.464,[6N 22N 26N 3Y ],14.3777,0.0060
Y,N,N,N,N,N,N,Y,N,N,Y,N,N,Y,N,N,N,N,N,N,N,N,N,Y,Y,N,Y,Y,N,Y,N,Y,N,Y,Y,Y,N,N,N,14.645,[6N 22N 26N 3N ],14.9307,0.0195
Y,N,N,N,N,N,N,Y,N,N,Y,N,Y,Y,N,N,N,N,N,N,N,N,N,Y,Y,Y,N,Y,Y,N,N,Y,Y,N,Y,N,N,N,Y,14.808,[6N 22N 26Y 10N ],13.6667,0.0771
Y,N,N,N,N,N,N,Y,N,N,Y,N,N,Y,N,N,N,N,Y,N,N,N,N,Y,Y,N,Y,Y,N,Y,N,Y,N,Y,Y,Y,N,N,N,14.612,[6N 22N 26N 3N ],14.9307,0.0218
Y,N,N,N,N,N,N,Y,N,N,Y,N,Y,Y,N,Y,N,N,N,N,N,N,N,Y,Y,N,Y,Y,Y,N,N,Y,Y,N,Y,N,N,N,Y,15.056,[6N 22N 26N 3N ],14.9307,0.0083
Y,Y,Y,N,N,Y,N,Y,N,N,Y,N,N,Y,N,N,N,N,N,N,N,N,N,Y,Y,Y,N,Y,Y,N,N,Y,Y,N,Y,N,N,N,Y,16.010,[6Y ],15.0588,0.0594
Y,Y,N,N,N,N,N,Y,N,N,Y,Y,N,Y,N,N,N,N,N,N,N,N,N,Y,Y,Y,N,Y,Y,N,N,Y,Y,N,Y,N,N,Y,N,13.129,[6N 22N 26Y 10N ],13.6667,0.0410
Y,N,Y,Y,N,N,N,Y,N,N,Y,N,N,Y,N,N,Y,N,N,Y,N,N,N,Y,Y,N,Y,Y,Y,N,N,Y,Y,N,Y,Y,N,N,N,14.907,[6N 22N 26N 3Y ],14.3777,0.0355
Y,N,N,N,N,N,N,Y,N,N,Y,N,N,Y,N,N,N,N,N,Y,N,Y,Y,Y,Y,Y,N,Y,Y,N,N,Y,Y,N,Y,Y,N,N,N,13.973,[6N 22Y 29Y ],13.8765,0.0069
Y,Y,Y,N,N,N,Y,Y,N,N,Y,N,N,Y,Y,N,N,N,N,N,N,N,N,Y,Y,N,Y,Y,Y,N,N,Y,Y,N,Y,Y,N,N,N,13.615,[6N 22N 26N 3Y ],14.3777,0.0560
Y,N,Y,N,N,Y,N,Y,Y,Y,Y,Y,Y,Y,Y,Y,Y,Y,Y,Y,Y,Y,Y,Y,Y,N,Y,Y,Y,N,N,Y,N,Y,Y,N,N,Y,N,13.794,[6Y ],15.0588,0.0917
Y,N,N,N,N,N,N,Y,N,N,Y,Y,N,Y,N,N,Y,N,N,N,N,N,N,Y,Y,Y,N,Y,N,Y,N,Y,Y,N,Y,Y,N,N,N,14.353,[6N 22N 26Y 10N ],13.6667,0.0478
Y,N,Y,N,Y,N,N,Y,N,N,Y,N,N,Y,N,N,Y,Y,N,N,N,N,N,Y,Y,N,Y,Y,Y,N,N,Y,Y,N,Y,Y,N,N,N,14.307,[6N 22N 26N 3Y ],14.3777,0.0049
Y,N,Y,Y,N,N,N,Y,N,Y,Y,N,N,Y,N,N,N,N,N,N,N,N,N,Y,Y,N,Y,Y,Y,N,N,Y,Y,N,Y,N,N,Y,N,13.797,[6N 22N 26N 3Y ],14.3777,0.0421
Y,Y,Y,N,N,Y,N,Y,N,N,Y,N,N,Y,N,N,N,N,N,N,N,N,Y,Y,Y,Y,N,Y,Y,N,N,Y,Y,N,Y,Y,N,N,N,15.924,[6Y ],15.0588,0.0543
Y,N,N,N,N,N,N,Y,N,N,Y,N,N,Y,N,N,N,N,N,N,N,Y,Y,Y,Y,N,Y,Y,Y,N,N,Y,Y,N,Y,N,N,Y,N,15.699,[6N 22Y 29Y ],13.8765,0.1161
Y,N,Y,N,Y,N,N,Y,N,N,Y,N,N,Y,Y,N,N,N,N,N,N,N,N,Y,Y,N,Y,Y,Y,N,N,Y,Y,N,Y,Y,N,N,N,14.431,[6N 22N 26N 3Y ],14.3777,0.0037
Y,N,N,N,N,N,N,Y,Y,N,Y,N,N,Y,Y,Y,N,N,N,N,N,N,N,Y,Y,Y,N,Y,Y,N,N,Y,Y,N,Y,Y,N,N,N,14.522,[6N 22N 26Y 10N ],13.6667,0.0589
Y,N,N,N,N,N,N,Y,N,N,Y,N,N,Y,N,N,N,N,Y,N,N,Y,N,Y,Y,Y,N,Y,Y,N,N,Y,N,Y,Y,Y,N,N,N,14.228,[6N 22Y 29Y ],13.8765,0.0247
Y,Y,Y,N,N,N,Y,Y,Y,Y,Y,Y,Y,Y,Y,N,Y,Y,Y,Y,Y,Y,Y,Y,Y,Y,N,Y,N,N,Y,Y,Y,N,Y,Y,N,N,N,14.147,[6N 22Y 29N ],13.7242,0.0299
Y,N,N,N,N,N,N,Y,Y,N,Y,Y,N,Y,Y,N,N,N,N,N,N,N,N,Y,Y,Y,N,Y,Y,N,N,Y,Y,N,Y,Y,N,N,N,14.412,[6N 22N 26Y 10N ],13.6667,0.0517
Y,N,Y,Y,N,N,N,Y,N,N,Y,N,N,Y,N,N,N,N,N,N,N,N,N,Y,Y,Y,N,Y,N,Y,N,Y,Y,N,Y,N,Y,N,N,14.844,[6N 22N 26Y 10N ],13.6667,0.0793
Y,N,Y,N,N,N,Y,Y,N,N,Y,Y,N,Y,N,N,N,N,N,Y,N,N,N,Y,Y,N,Y,Y,Y,N,N,Y,Y,N,Y,Y,N,N,N,14.646,[6N 22N 26N 3Y ],14.3777,0.0183
Y,N,N,N,N,N,N,Y,Y,N,Y,N,N,Y,Y,N,N,N,N,N,N,Y,N,Y,Y,N,Y,Y,Y,N,N,Y,Y,N,Y,Y,N,N,N,15.400,[6N 22Y 29Y ],13.8765,0.0989
Y,Y,Y,N,N,N,Y,Y,N,N,Y,N,N,Y,N,N,N,Y,N,N,N,N,N,Y,Y,Y,N,Y,Y,N,N,Y,Y,N,Y,Y,N,N,N,15.726,[6N 22N 26Y 10N ],13.6667,0.1310
Y,N,N,N,N,N,N,Y,N,N,Y,Y,N,Y,N,N,N,N,Y,N,N,N,N,Y,Y,Y,N,Y,Y,N,N,Y,Y,N,Y,N,Y,N,N,13.501,[6N 22N 26Y 10N ],13.6667,0.0123
Y,N,Y,N,Y,N,N,Y,N,Y,Y,N,N,Y,N,N,Y,N,N,N,N,N,N,Y,Y,Y,N,Y,Y,N,N,Y,Y,N,Y,Y,N,N,N,15.953,[6N 22N 26Y 10Y ],14.5610,0.0873
Y,N,Y,N,N,N,Y,Y,Y,Y,Y,Y,Y,Y,Y,Y,Y,Y,Y,Y,Y,Y,Y,Y,Y,Y,N,Y,N,Y,N,Y,Y,N,Y,Y,N,N,N,13.014,[6N 22Y 29N ],13.7242,0.0546
Y,Y,Y,N,Y,N,N,Y,Y,Y,Y,Y,Y,Y,Y,Y,Y,Y,Y,Y,Y,Y,N,Y,Y,N,Y,Y,N,Y,N,Y,N,Y,Y,N,N,N,Y,13.499,[6N 22Y 29N ],13.7242,0.0167
Y,N,Y,N,N,N,Y,Y,N,N,Y,N,N,Y,N,N,Y,N,N,N,N,N,N,Y,Y,Y,N,Y,Y,N,N,Y,Y,N,Y,N,N,N,Y,15.326,[6N 22N 26Y 10N ],13.6667,0.1083
Y,N,N,N,N,N,N,Y,N,N,Y,N,N,Y,N,N,Y,N,N,N,N,Y,Y,Y,Y,Y,N,Y,Y,N,N,Y,Y,N,Y,Y,N,N,N,14.119,[6N 22Y 29Y ],13.8765,0.0172
Y,N,Y,N,Y,N,N,Y,N,N,Y,N,N,Y,N,N,Y,N,N,N,Y,N,N,Y,Y,N,Y,Y,Y,N,N,Y,Y,N,Y,Y,N,N,N,15.091,[6N 22N 26N 3Y ],14.3777,0.0473
Y,N,Y,Y,N,N,N,Y,N,N,Y,Y,N,Y,N,N,N,N,N,N,Y,N,N,Y,Y,Y,N,Y,Y,N,N,Y,Y,N,Y,Y,N,N,N,14.091,[6N 22N 26Y 10N ],13.6667,0.0301
Y,N,N,N,N,N,N,Y,N,Y,Y,N,N,Y,N,N,N,Y,N,Y,N,N,N,Y,Y,Y,N,Y,Y,N,N,Y,Y,N,Y,Y,N,N,N,14.869,[6N 22N 26Y 10Y ],14.5610,0.0207
Y,N,N,N,N,N,N,Y,N,N,Y,Y,N,Y,N,N,N,N,Y,N,N,N,N,Y,Y,N,Y,Y,N,Y,N,Y,Y,N,Y,Y,N,N,N,13.975,[6N 22N 26N 3N ],14.9307,0.0684
Y,N,Y,N,N,N,Y,Y,N,N,Y,N,N,Y,Y,N,N,N,N,N,N,N,N,Y,Y,N,Y,Y,Y,N,N,Y,Y,N,Y,N,N,N,Y,14.092,[6N 22N 26N 3Y ],14.3777,0.0203
Y,Y,Y,N,N,N,Y,Y,N,Y,Y,Y,Y,Y,Y,Y,Y,Y,Y,Y,Y,Y,Y,Y,Y,Y,N,Y,N,N,Y,Y,N,Y,Y,Y,N,N,N,13.939,[6N 22Y 29N ],13.7242,0.0154
Y,N,N,N,N,N,N,Y,N,N,Y,N,N,Y,Y,N,N,N,Y,N,N,N,N,Y,Y,Y,N,Y,Y,N,N,Y,Y,N,Y,N,Y,N,N,13.503,[6N 22N 26Y 10N ],13.6667,0.0121
Y,N,N,N,N,N,N,Y,N,Y,Y,N,N,Y,N,N,N,N,N,N,N,Y,N,Y,Y,Y,N,Y,Y,N,N,Y,Y,N,Y,N,N,Y,N,13.914,[6N 22Y 29Y ],13.8765,0.0027
Y,Y,Y,N,N,N,Y,Y,Y,Y,Y,N,Y,Y,Y,Y,Y,Y,Y,Y,Y,Y,Y,Y,Y,N,Y,Y,Y,N,N,Y,Y,N,Y,Y,N,N,N,13.932,[6N 22Y 29Y ],13.8765,0.0040
Y,N,N,N,N,N,N,Y,Y,N,Y,N,N,Y,N,N,N,N,Y,N,N,N,N,Y,Y,Y,N,Y,Y,N,N,Y,Y,N,Y,N,N,N,Y,13.429,[6N 22N 26Y 10N ],13.6667,0.0177
Y,N,N,N,N,N,N,Y,N,N,Y,N,N,Y,N,Y,N,N,N,N,N,Y,N,Y,Y,Y,N,Y,Y,N,N,Y,N,Y,Y,Y,N,N,N,13.722,[6N 22Y 29Y ],13.8765,0.0113
Y,N,N,N,N,N,N,Y,Y,N,Y,N,N,Y,N,N,N,N,N,N,N,N,N,Y,Y,Y,N,Y,Y,N,N,Y,Y,N,Y,N,N,N,Y,13.508,[6N 22N 26Y 10N ],13.6667,0.0117
Y,N,N,N,N,N,N,Y,N,N,Y,N,N,Y,N,Y,N,N,N,N,Y,N,N,Y,Y,N,Y,Y,N,Y,N,Y,Y,N,Y,Y,N,N,N,15.204,[6N 22N 26N 3N ],14.9307,0.0180
Y,N,N,N,N,N,N,Y,N,N,Y,N,N,Y,Y,N,N,N,N,N,N,Y,N,Y,Y,Y,N,Y,Y,N,N,Y,Y,N,Y,N,N,N,Y,13.489,[6N 22Y 29Y ],13.8765,0.0287
Y,Y,N,N,N,N,N,Y,N,Y,Y,Y,N,Y,N,N,N,N,N,N,N,N,N,Y,Y,Y,N,Y,Y,N,N,Y,Y,N,Y,Y,N,N,N,14.585,[6N 22N 26Y 10Y ],14.5610,0.0016
Y,N,N,N,N,N,N,Y,Y,N,Y,N,N,Y,Y,N,N,N,N,N,N,N,N,Y,Y,Y,N,Y,N,Y,N,Y,Y,N,Y,Y,N,N,N,14.092,[6N 22N 26Y 10N ],13.6667,0.0302
Y,Y,Y,N,Y,N,N,Y,Y,Y,Y,Y,Y,Y,Y,Y,Y,N,Y,Y,Y,Y,Y,Y,Y,Y,N,Y,N,N,Y,Y,Y,N,Y,N,N,Y,N,14.472,[6N 22Y 29N ],13.7242,0.0517
Y,N,Y,N,N,Y,N,Y,N,N,Y,N,N,Y,N,N,N,N,N,N,N,N,N,Y,Y,N,Y,Y,Y,N,N,Y,Y,N,Y,Y,N,N,N,15.364,[6Y ],15.0588,0.0199
Y,Y,Y,Y,N,N,N,Y,Y,Y,Y,Y,Y,Y,Y,Y,Y,N,Y,Y,Y,Y,Y,Y,Y,N,Y,Y,N,Y,N,Y,N,Y,Y,N,N,N,Y,15.277,[6N 22Y 29N ],13.7242,0.1016
Y,N,N,N,N,N,N,Y,N,N,Y,N,N,Y,N,N,N,N,N,Y,N,Y,N,Y,Y,Y,N,Y,N,N,Y,Y,Y,N,Y,Y,N,N,N,13.971,[6N 22Y 29N ],13.7242,0.0177
Y,N,N,N,N,N,N,Y,N,N,Y,N,N,Y,N,N,N,N,N,Y,N,N,Y,Y,Y,Y,N,Y,Y,N,N,Y,Y,N,Y,Y,N,N,N,13.961,[6N 22N 26Y 10N ],13.6667,0.0211
Y,N,N,N,N,N,N,Y,N,N,Y,N,N,Y,N,Y,N,N,N,N,N,N,N,Y,Y,N,Y,Y,Y,N,N,Y,N,Y,Y,N,N,N,Y,15.399,[6N 22N 26N 3N ],14.9307,0.0304
Y,N,N,N,N,N,N,Y,N,N,Y,N,Y,Y,N,N,N,N,N,N,N,N,N,Y,Y,N,Y,Y,Y,N,N,Y,N,Y,Y,N,N,N,Y,15.447,[6N 22N 26N 3N ],14.9307,0.0334
Y,N,N,N,N,N,N,Y,N,N,Y,N,Y,Y,N,N,N,Y,Y,N,N,N,N,Y,Y,N,Y,Y,Y,N,N,Y,Y,N,Y,Y,N,N,N,13.089,[6N 22N 26N 3N ],14.9307,0.1407
Y,N,Y,N,N,N,Y,Y,N,N,Y,N,N,Y,N,N,N,N,N,Y,Y,N,N,Y,Y,Y,N,Y,Y,N,N,Y,Y,N,Y,Y,N,N,N,16.163,[6N 22N 26Y 10N ],13.6667,0.1544
Y,N,Y,Y,N,N,N,Y,N,N,Y,N,N,Y,N,N,N,N,N,N,N,N,N,Y,Y,N,Y,Y,N,Y,N,Y,Y,N,Y,N,Y,N,N,13.540,[6N 22N 26N 3Y ],14.3777,0.0619
N,N,N,N,N,N,N,N,N,N,N,N,N,N,N,N,N,N,N,N,N,N,N,N,N,Y,N,N,N,Y,N,N,Y,N,Y,Y,N,N,N,14.238,[6N 22N 26Y 10N ],13.6667,0.0401
Y,N,N,N,N,N,N,Y,N,N,Y,N,N,Y,N,Y,Y,N,N,N,N,N,N,Y,Y,Y,N,Y,Y,N,N,Y,Y,N,Y,N,N,Y,N,13.117,[6N 22N 26Y 10N ],13.6667,0.0419
Y,N,Y,Y,N,N,N,Y,N,N,Y,N,Y,Y,N,N,N,Y,N,N,N,N,N,Y,Y,Y,N,Y,Y,N,N,Y,Y,N,Y,Y,N,N,N,13.917,[6N 22N 26Y 10N ],13.6667,0.0180
Y,N,N,N,N,N,N,Y,N,N,Y,N,Y,Y,N,N,N,N,N,Y,N,N,N,Y,Y,Y,N,Y,Y,N,N,Y,Y,N,Y,N,Y,N,N,13.850,[6N 22N 26Y 10N ],13.6667,0.0132
Y,N,Y,N,N,N,Y,Y,N,N,Y,N,N,Y,Y,N,N,N,N,N,N,Y,N,Y,Y,Y,N,Y,Y,N,N,Y,Y,N,Y,Y,N,N,N,15.599,[6N 22Y 29Y ],13.8765,0.1104
Y,N,Y,N,N,Y,N,Y,N,N,Y,N,Y,Y,Y,N,N,N,N,N,N,N,N,Y,Y,N,Y,Y,Y,N,N,Y,Y,N,Y,Y,N,N,N,14.423,[6Y ],15.0588,0.0441
Y,Y,Y,N,Y,N,N,Y,N,N,Y,N,N,Y,N,N,N,N,N,N,N,N,N,Y,Y,N,Y,Y,Y,N,N,Y,Y,N,Y,N,Y,N,N,14.261,[6N 22N 26N 3Y ],14.3777,0.0082
Y,N,Y,N,Y,N,N,Y,N,N,Y,N,N,Y,N,N,N,N,N,Y,N,N,N,Y,Y,Y,N,Y,Y,N,N,Y,Y,N,Y,N,N,N,Y,15.430,[6N 22N 26Y 10N ],13.6667,0.1143
Y,N,N,N,N,N,N,Y,Y,Y,Y,N,N,Y,N,N,N,N,N,Y,N,N,N,Y,Y,N,Y,Y,Y,N,N,Y,Y,N,Y,Y,N,N,N,14.921,[6N 22N 26N 3N ],14.9307,0.0006
Y,Y,Y,N,N,N,Y,Y,Y,Y,Y,Y,Y,Y,N,Y,Y,Y,Y,Y,Y,Y,Y,Y,Y,Y,N,Y,N,Y,N,Y,Y,N,Y,Y,N,N,N,12.823,[6N 22Y 29N ],13.7242,0.0703
Y,Y,Y,N,N,N,Y,Y,Y,Y,Y,Y,Y,Y,Y,N,Y,Y,Y,Y,Y,Y,Y,Y,Y,Y,N,Y,N,N,Y,Y,Y,N,Y,N,N,Y,N,13.047,[6N 22Y 29N ],13.7242,0.0519
Y,N,N,N,N,N,N,Y,N,N,Y,N,N,Y,N,Y,N,Y,N,N,N,N,N,Y,Y,N,Y,Y,Y,N,N,Y,N,Y,Y,Y,N,N,N,14.355,[6N 22N 26N 3N ],14.9307,0.0401
Y,N,N,N,N,N,N,Y,N,N,Y,N,Y,Y,N,Y,N,N,N,N,N,N,N,Y,Y,Y,N,Y,N,Y,N,Y,Y,N,Y,Y,N,N,N,14.355,[6N 22N 26Y 10N ],13.6667,0.0480
Y,N,Y,Y,N,N,N,Y,N,N,Y,N,N,Y,Y,N,N,N,N,N,N,N,N,Y,Y,N,Y,Y,Y,N,N,Y,Y,N,Y,N,N,N,Y,14.137,[6N 22N 26N 3Y ],14.3777,0.0170
Y,N,N,N,N,N,N,Y,N,N,Y,N,N,Y,N,N,Y,N,N,N,N,N,N,Y,Y,N,Y,Y,Y,N,N,Y,N,Y,Y,N,N,N,Y,15.260,[6N 22N 26N 3N ],14.9307,0.0216
Y,N,N,N,N,N,N,Y,N,N,Y,N,N,Y,N,N,Y,Y,N,N,N,N,N,Y,Y,Y,N,Y,Y,N,N,Y,Y,N,Y,N,Y,N,N,14.240,[6N 22N 26Y 10N ],13.6667,0.0403
Y,N,Y,N,N,Y,N,Y,N,N,Y,N,N,Y,N,N,N,N,Y,Y,N,N,N,Y,Y,Y,N,Y,Y,N,N,Y,Y,N,Y,Y,N,N,N,15.371,[6Y ],15.0588,0.0203
Y,Y,N,N,N,N,N,Y,N,N,Y,N,N,Y,N,Y,N,N,N,N,N,N,N,Y,Y,Y,N,Y,Y,N,N,Y,N,Y,Y,Y,N,N,N,13.646,[6N 22N 26Y 10N ],13.6667,0.0015
Y,Y,Y,N,N,N,Y,Y,Y,Y,Y,Y,Y,Y,Y,Y,Y,Y,Y,Y,N,Y,Y,Y,Y,Y,N,Y,N,N,Y,Y,Y,N,Y,Y,N,N,N,14.533,[6N 22Y 29N ],13.7242,0.0556
Y,N,Y,Y,N,N,N,Y,N,N,Y,N,N,Y,N,N,Y,N,N,N,N,N,N,Y,Y,N,Y,Y,Y,N,N,Y,Y,N,Y,N,Y,N,N,13.409,[6N 22N 26N 3Y ],14.3777,0.0722
Y,N,Y,N,N,Y,N,Y,N,N,Y,N,N,Y,Y,N,N,N,Y,N,N,N,N,Y,Y,Y,N,Y,Y,N,N,Y,Y,N,Y,Y,N,N,N,15.801,[6Y ],15.0588,0.0470
Y,N,Y,N,N,N,Y,Y,N,N,Y,N,N,Y,N,N,N,N,Y,N,N,N,N,Y,Y,N,Y,Y,Y,N,N,Y,Y,N,Y,N,N,N,Y,14.120,[6N 22N 26N 3Y ],14.3777,0.0182
Y,N,Y,N,Y,N,N,Y,N,N,Y,N,N,Y,N,N,N,N,Y,N,Y,N,N,Y,Y,Y,N,Y,Y,N,N,Y,Y,N,Y,Y,N,N,N,16.101,[6N 22N 26Y 10N ],13.6667,0.1512
Y,N,N,N,N,N,N,Y,N,N,Y,N,N,Y,N,N,N,N,N,Y,N,Y,N,Y,Y,N,Y,Y,Y,N,N,Y,Y,N,Y,N,N,Y,N,14.381,[6N 22Y 29Y ],13.8765,0.0351
Y,N,N,N,N,N,N,Y,N,N,Y,N,N,Y,N,N,Y,N,N,N,N,N,Y,Y,Y,N,Y,Y,N,N,Y,Y,Y,N,Y,Y,N,N,N,14.842,[6N 22N 26N 3N ],14.9307,0.0060
Y,N,N,N,N,N,N,Y,N,Y,Y,N,N,Y,N,N,N,N,Y,N,N,N,N,Y,Y,N,Y,Y,N,N,Y,Y,Y,N,Y,Y,N,N,N,15.015,[6N 22N 26N 3N ],14.9307,0.0056
Y,N,N,N,N,N,N,Y,N,N,Y,N,Y,Y,N,N,N,N,N,N,N,N,N,Y,Y,Y,N,Y,N,Y,N,Y,Y,N,Y,N,N,N,Y,13.014,[6N 22N 26Y 10N ],13.6667,0.0502
Y,Y,N,N,N,N,N,Y,N,N,Y,N,N,Y,N,N,N,N,N,N,N,N,Y,Y,Y,N,Y,Y,Y,N,N,Y,Y,N,Y,N,N,N,Y,15.008,[6N 22N 26N 3N ],14.9307,0.0052
Y,N,N,N,N,N,N,Y,N,N,Y,N,N,Y,N,Y,N,N,Y,N,N,N,N,Y,Y,N,Y,Y,Y,N,N,Y,Y,N,Y,N,N,Y,N,15.337,[6N 22N 26N 3N ],14.9307,0.0265
Y,N,Y,N,N,Y,N,Y,N,N,Y,N,N,Y,N,N,N,N,N,N,N,N,N,Y,Y,N,Y,Y,Y,N,N,Y,Y,N,Y,N,N,Y,N,15.027,[6Y ],15.0588,0.0021
Y,N,N,N,N,N,N,Y,Y,N,Y,N,N,Y,N,N,N,Y,N,N,Y,N,N,Y,Y,Y,N,Y,Y,N,N,Y,Y,N,Y,Y,N,N,N,14.623,[6N 22N 26Y 10N ],13.6667,0.0654
Y,N,Y,Y,N,N,N,Y,N,N,Y,N,N,Y,N,N,N,N,Y,N,N,N,N,Y,Y,N,Y,Y,N,N,Y,Y,Y,N,Y,Y,N,N,N,13.672,[6N 22N 26N 3Y ],14.3777,0.0516
Y,N,N,N,N,N,N,Y,N,N,Y,N,N,Y,Y,N,N,N,N,N,N,N,Y,Y,Y,Y,N,Y,N,Y,N,Y,Y,N,Y,Y,N,N,N,14.428,[6N 22N 26Y 10N ],13.6667,0.0528
Y,N,Y,N,Y,N,N,Y,N,N,Y,N,N,Y,N,N,N,Y,N,Y,N,N,N,Y,Y,N,Y,Y,Y,N,N,Y,Y,N,Y,Y,N,N,N,14.647,[6N 22N 26N 3Y ],14.3777,0.0184
Y,N,N,N,N,N,N,Y,N,N,Y,N,N,Y,N,N,N,N,Y,N,Y,N,N,Y,Y,N,Y,Y,Y,N,N,Y,Y,N,Y,Y,N,N,N,14.178,[6N 22N 26N 3N ],14.9307,0.0531
Y,N,N,N,N,N,N,Y,Y,N,Y,N,N,Y,N,N,N,N,N,N,N,N,Y,Y,Y,N,Y,Y,Y,N,N,Y,N,Y,Y,Y,N,N,N,15.847,[6N 22N 26N 3N ],14.9307,0.0578
Y,N,N,N,N,N,N,Y,N,N,Y,Y,N,Y,N,N,N,N,N,N,Y,N,N,Y,Y,Y,N,Y,Y,N,N,Y,Y,N,Y,N,N,N,Y,13.659,[6N 22N 26Y 10N ],13.6667,0.0006
N,N,N,N,N,N,N,N,N,N,N,N,N,N,N,N,N,N,N,N,N,N,N,N,N,Y,N,N,Y,N,N,Y,N,Y,Y,Y,N,N,N,13.335,[6N 22N 26Y 10N ],13.6667,0.0249
Y,Y,Y,N,Y,N,N,Y,Y,N,Y,Y,Y,Y,Y,Y,Y,Y,Y,Y,Y,Y,Y,Y,Y,Y,N,Y,N,N,Y,Y,Y,N,Y,Y,N,N,N,14.546,[6N 22Y 29N ],13.7242,0.0565
Y,Y,Y,N,N,N,Y,Y,N,Y,Y,N,N,Y,N,N,N,N,N,N,N,N,N,Y,Y,N,Y,Y,Y,N,N,Y,Y,N,Y,Y,N,N,N,14.300,[6N 22N 26N 3Y ],14.3777,0.0054
Y,N,Y,N,N,Y,N,Y,N,N,Y,N,N,Y,N,N,N,N,Y,N,N,N,N,Y,Y,N,Y,Y,Y,N,N,Y,N,Y,Y,Y,N,N,N,13.687,[6Y ],15.0588,0.1002
Y,N,Y,N,N,N,Y,Y,N,N,Y,N,N,Y,N,N,N,N,N,N,N,N,N,Y,Y,Y,N,Y,Y,N,N,Y,Y,N,Y,N,Y,N,N,14.651,[6N 22N 26Y 10N ],13.6667,0.0672
Y,N,N,N,N,N,N,Y,N,N,Y,N,N,Y,N,N,Y,N,N,N,Y,N,N,Y,Y,Y,N,Y,N,Y,N,Y,Y,N,Y,Y,N,N,N,14.052,[6N 22N 26Y 10N ],13.6667,0.0274
Y,N,Y,Y,N,N,N,Y,N,N,Y,N,N,Y,N,N,N,N,N,N,N,N,Y,Y,Y,Y,N,Y,N,N,Y,Y,Y,N,Y,Y,N,N,N,14.176,[6N 22N 26Y 10N ],13.6667,0.0359
Y,Y,Y,N,N,Y,N,Y,Y,Y,Y,Y,Y,Y,Y,Y,Y,Y,Y,Y,Y,N,Y,Y,Y,Y,N,Y,Y,N,N,Y,N,Y,Y,N,N,N,Y,14.151,[6Y ],15.0588,0.0642
Y,N,Y,Y,N,N,N,Y,N,N,Y,N,N,Y,N,N,N,N,N,N,N,N,N,Y,Y,Y,N,Y,N,Y,N,Y,Y,N,Y,N,N,Y,N,15.006,[6N 22N 26Y 10N ],13.6667,0.0893
Y,Y,Y,N,Y,N,N,Y,Y,N,Y,N,N,Y,N,N,N,N,N,N,N,N,N,Y,Y,N,Y,Y,Y,N,N,Y,Y,N,Y,Y,N,N,N,13.588,[6N 22N 26N 3Y ],14.3777,0.0581
Y,N,Y,N,Y,N,N,Y,N,Y,Y,N,N,Y,N,N,N,Y,N,N,N,N,N,Y,Y,Y,N,Y,Y,N,N,Y,Y,N,Y,Y,N,N,N,15.594,[6N 22N 26Y 10Y ],14.5610,0.0662
Y,N,Y,N,N,N,Y,Y,N,N,Y,N,N,Y,N,N,N,N,N,N,N,N,N,Y,Y,Y,N,Y,N,N,Y,Y,Y,N,Y,Y,N,N,N,15.009,[6N 22N 26Y 10N ],13.6667,0.0894
Y,N,N,N,N,N,N,Y,N,Y,Y,N,N,Y,N,N,N,N,N,N,N,N,N,Y,Y,Y,N,Y,N,N,Y,Y,N,Y,Y,Y,N,N,N,13.674,[6N 22N 26Y 10Y ],14.5610,0.0649
Y,N,N,N,N,N,N,Y,N,N,Y,N,Y,Y,N,N,N,N,N,N,N,N,Y,Y,Y,N,Y,Y,Y,N,N,Y,Y,N,Y,N,Y,N,N,14.796,[6N 22N 26N 3N ],14.9307,0.0091
Y,N,N,N,N,N,N,Y,N,Y,Y,N,N,Y,N,N,N,Y,N,N,N,N,N,Y,Y,Y,N,Y,Y,N,N,Y,Y,N,Y,N,Y,N,N,13.875,[6N 22N 26Y 10Y ],14.5610,0.0494
Y,N,N,N,N,N,N,Y,N,N,Y,Y,N,Y,N,N,N,N,N,N,N,N,N,Y,Y,Y,N,Y,N,Y,N,Y,Y,N,Y,N,N,N,Y,14.055,[6N 22N 26Y 10N ],13.6667,0.0276
Y,N,N,N,N,N,N,Y,N,N,Y,N,N,Y,Y,N,N,N,N,N,N,N,N,Y,Y,N,Y,Y,N,Y,N,Y,Y,N,Y,Y,N,N,N,13.316,[6N 22N 26N 3N ],14.9307,0.1213
Y,N,N,N,N,N,N,Y,N,N,Y,N,N,Y,N,Y,Y,N,N,N,N,N,N,Y,Y,N,Y,Y,Y,N,N,Y,Y,N,Y,N,Y,N,N,15.488,[6N 22N 26N 3N ],14.9307,0.0360
Y,N,Y,N,Y,N,N,Y,N,N,Y,N,N,Y,N,N,N,N,Y,N,Y,N,N,Y,Y,N,Y,Y,Y,N,N,Y,Y,N,Y,Y,N,N,N,14.671,[6N 22N 26N 3Y ],14.3777,0.0200
Y,N,N,N,N,N,N,Y,N,Y,Y,Y,N,Y,N,N,N,N,N,N,N,N,N,Y,Y,Y,N,Y,N,N,Y,Y,Y,N,Y,Y,N,N,N,14.136,[6N 22N 26Y 10Y ],14.5610,0.0301
Y,N,Y,N,N,Y,N,Y,Y,N,Y,N,N,Y,N,N,N,N,N,Y,N,N,N,Y,Y,Y,N,Y,Y,N,N,Y,Y,N,Y,Y,N,N,N,15.755,[6Y ],15.0588,0.0442
Y,Y,Y,N,Y,N,N,Y,Y,Y,Y,Y,Y,Y,Y,Y,Y,Y,Y,Y,Y,Y,Y,Y,Y,N,Y,Y,N,Y,N,Y,N,Y,Y,N,N,N,Y,15.042,[6N 22Y 29N ],13.7242,0.0876
Y,N,Y,N,Y,N,N,Y,N,N,Y,N,N,Y,Y,N,Y,N,N,N,N,N,N,Y,Y,Y,N,Y,Y,N,N,Y,Y,N,Y,Y,N,N,N,15.414,[6N 22N 26Y 10N ],13.6667,0.1134
Y,N,N,N,N,N,N,Y,N,N,Y,N,N,Y,Y,N,N,N,N,N,Y,N,N,Y,Y,Y,N,Y,Y,N,N,Y,Y,N,Y,Y,N,N,N,13.942,[6N 22N 26Y 10N ],13.6667,0.0197
Y,N,Y,Y,N,N,N,Y,N,Y,Y,N,N,Y,N,N,N,N,N,N,N,N,N,Y,Y,Y,N,Y,Y,N,N,Y,Y,N,Y,N,Y,N,N,14.052,[6N 22N 26Y 10Y ],14.5610,0.0362
Y,N,N,N,N,N,N,Y,N,N,Y,N,Y,Y,N,N,N,N,Y,N,N,N,N,Y,Y,N,Y,Y,N,N,Y,Y,Y,N,Y,Y,N,N,N,15.098,[6N 22N 26N 3N ],14.9307,0.0111
Y,N,Y,Y,N,N,N,Y,Y,Y,Y,N,N,Y,N,N,N,N,N,N,N,N,N,Y,Y,N,Y,Y,Y,N,N,Y,Y,N,Y,Y,N,N,N,13.469,[6N 22N 26N 3Y ],14.3777,0.0675
Y,N,Y,N,N,Y,N,Y,N,N,Y,N,N,Y,N,N,Y,N,N,Y,N,N,N,Y,Y,N,Y,Y,Y,N,N,Y,Y,N,Y,Y,N,N,N,14.681,[6Y ],15.0588,0.0257
Y,N,Y,N,Y,N,N,Y,N,Y,Y,N,Y,Y,N,N,N,N,N,N,N,N,N,Y,Y,Y,N,Y,Y,N,N,Y,Y,N,Y,Y,N,N,N,16.057,[6N 22N 26Y 10Y ],14.5610,0.0932
Y,N,N,N,N,N,N,Y,N,N,Y,N,N,Y,N,N,N,Y,N,N,Y,N,Y,Y,Y,Y,N,Y,Y,N,N,Y,Y,N,Y,Y,N,N,N,14.184,[6N 22N 26Y 10N ],13.6667,0.0365
Y,Y,Y,N,N,N,Y,Y,N,Y,Y,N,N,Y,N,N,N,N,N,N,N,N,N,Y,Y,Y,N,Y,Y,N,N,Y,Y,N,Y,Y,N,N,N,16.851,[6N 22N 26Y 10Y ],14.5610,0.1359
Y,N,N,N,N,N,N,Y,N,N,Y,N,N,Y,N,N,N,N,Y,N,N,N,Y,Y,Y,Y,N,Y,N,Y,N,Y,Y,N,Y,Y,N,N,N,14.013,[6N 22N 26Y 10N ],13.6667,0.0247
Y,N,Y,Y,N,N,N,Y,N,N,Y,N,N,Y,N,Y,N,N,N,N,N,N,N,Y,Y,N,Y,Y,Y,N,N,Y,Y,N,Y,Y,N,N,N,14.415,[6N 22N 26N 3Y ],14.3777,0.0026
Y,N,Y,N,Y,N,N,Y,N,N,Y,N,N,Y,N,N,Y,N,N,N,N,Y,N,Y,Y,N,Y,Y,Y,N,N,Y,Y,N,Y,Y,N,N,N,14.682,[6N 22Y 29Y ],13.8765,0.0549
Y,N,N,N,N,N,N,Y,N,Y,Y,N,N,Y,N,N,N,Y,N,N,N,N,N,Y,Y,Y,N,Y,Y,N,N,Y,Y,N,Y,N,N,Y,N,14.306,[6N 22N 26Y 10Y ],14.5610,0.0178
Y,N,Y,N,N,N,Y,Y,N,N,Y,N,N,Y,N,N,N,N,N,N,Y,N,N,Y,Y,Y,N,Y,Y,N,N,Y,N,Y,Y,Y,N,N,N,15.624,[6N 22N 26Y 10N ],13.6667,0.1253
Y,N,Y,Y,N,N,N,Y,N,N,Y,N,N,Y,Y,N,N,N,N,N,N,N,N,Y,Y,N,Y,Y,N,N,Y,Y,Y,N,Y,Y,N,N,N,13.609,[6N 22N 26N 3Y ],14.3777,0.0565
Y,Y,N,N,N,N,N,Y,N,N,Y,N,N,Y,N,N,N,Y,N,N,N,N,N,Y,Y,Y,N,Y,Y,N,N,Y,Y,N,Y,N,Y,N,N,13.740,[6N 22N 26Y 10N ],13.6667,0.0053
Y,N,N,N,N,N,N,Y,N,N,Y,N,N,Y,N,N,Y,N,N,N,N,N,N,Y,Y,Y,N,Y,N,N,Y,Y,Y,N,Y,Y,N,N,N,14.507,[6N 22N 26Y 10N ],13.6667,0.0579
Y,Y,Y,Y,N,N,N,Y,N,Y,Y,N,N,Y,N,N,N,N,N,N,N,N,N,Y,Y,Y,N,Y,Y,N,N,Y,Y,N,Y,Y,N,N,N,13.849,[6N 22N 26Y 10Y ],14.5610,0.0514
Y,Y,N,N,N,N,N,Y,N,N,Y,N,N,Y,N,N,N,N,N,N,N,N,Y,Y,Y,N,Y,Y,N,N,Y,Y,Y,N,Y,Y,N,N,N,15.280,[6N 22N 26N 3N ],14.9307,0.0229
Y,Y,Y,N,N,Y,N,Y,N,N,Y,N,N,Y,N,N,Y,N,N,N,N,N,N,Y,Y,N,Y,Y,Y,N,N,Y,Y,N,Y,Y,N,N,N,15.454,[6Y ],15.0588,0.0256
Y,N,N,N,N,N,N,Y,N,N,Y,Y,N,Y,Y,N,N,N,N,Y,N,N,N,Y,Y,Y,N,Y,Y,N,N,Y,Y,N,Y,Y,N,N,N,14.203,[6N 22N 26Y 10N ],13.6667,0.0378
Y,Y,Y,N,Y,N,N,Y,N,N,Y,N,N,Y,N,N,N,N,N,N,N,N,N,Y,Y,Y,N,Y,Y,N,N,Y,Y,N,Y,N,N,N,Y,15.951,[6N 22N 26Y 10N ],13.6667,0.1432
Y,N,N,N,N,N,N,Y,N,N,Y,N,N,Y,N,N,N,Y,N,N,N,N,N,Y,Y,Y,N,Y,N,Y,N,Y,Y,N,Y,N,Y,N,N,13.159,[6N 22N 26Y 10N ],13.6667,0.0386
Y,N,N,N,N,N,N,Y,Y,N,Y,N,Y,Y,N,N,N,N,N,N,N,N,N,Y,Y,N,Y,Y,Y,N,N,Y,Y,N,Y,N,Y,N,N,14.008,[6N 22N 26N 3N ],14.9307,0.0659
Y,N,N,N,N,N,N,Y,N,N,Y,N,N,Y,N,N,N,N,N,Y,Y,Y,N,Y,Y,N,Y,Y,Y,N,N,Y,Y,N,Y,Y,N,N,N,13.532,[6N 22Y 29Y ],13.8765,0.0255
Y,Y,Y,Y,N,N,N,Y,Y,Y,Y,Y,Y,Y,Y,Y,Y,Y,Y,Y,Y,Y,Y,Y,Y,Y,N,Y,Y,N,N,Y,N,Y,Y,N,N,N,Y,15.501,[6N 22Y 29Y ],13.8765,0.1048
Y,Y,Y,N,N,Y,N,Y,Y,Y,Y,Y,Y,Y,Y,Y,Y,Y,N,Y,Y,Y,Y,Y,Y,Y,N,Y,N,N,Y,Y,Y,N,Y,N,N,Y,N,14.668,[6Y ],15.0588,0.0266
Y,N,N,N,N,N,N,Y,N,N,Y,Y,N,Y,N,N,N,Y,N,N,N,N,N,Y,Y,N,Y,Y,Y,N,N,Y,Y,N,Y,N,N,N,Y,13.995,[6N 22N 26N 3N ],14.9307,0.0669
Y,N,N,N,N,N,N,Y,N,Y,Y,Y,Y,Y,N,N,N,N,N,N,N,N,N,Y,Y,N,Y,Y,Y,N,N,Y,Y,N,Y,Y,N,N,N,14.414,[6N 22N 26N 3N ],14.9307,0.0358
Y,N,N,N,N,N,N,Y,N,N,Y,N,N,Y,N,Y,N,Y,N,N,N,N,Y,Y,Y,Y,N,Y,Y,N,N,Y,Y,N,Y,Y,N,N,N,13.822,[6N 22N 26Y 10N ],13.6667,0.0112
Y,N,N,N,N,N,N,Y,N,Y,Y,Y,N,Y,N,N,N,N,N,N,N,N,N,Y,Y,Y,N,Y,Y,N,N,Y,Y,N,Y,Y,N,N,N,14.447,[6N 22N 26Y 10Y ],14.5610,0.0079
Y,Y,N,N,N,N,N,Y,N,N,Y,N,Y,Y,N,N,N,N,N,N,N,N,N,Y,Y,Y,N,Y,Y,N,N,Y,Y,N,Y,Y,N,N,N,14.730,[6N 22N 26Y 10N ],13.6667,0.0722
Y,N,N,N,N,N,N,Y,N,N,Y,Y,N,Y,N,Y,N,N,N,N,N,N,N,Y,Y,N,Y,Y,N,N,Y,Y,Y,N,Y,Y,N,N,N,15.227,[6N 22N 26N 3N ],14.9307,0.0195
Y,N,Y,Y,N,N,N,Y,N,N,Y,N,N,Y,Y,N,N,N,N,N,N,N,N,Y,Y,Y,N,Y,Y,N,N,Y,Y,N,Y,N,Y,N,N,13.956,[6N 22N 26Y 10N ],13.6667,0.0207
Y,N,Y,N,Y,N,N,Y,N,N,Y,N,N,Y,N,N,N,N,N,N,N,N,N,Y,Y,Y,N,Y,Y,N,N,Y,N,Y,Y,N,N,N,Y,14.686,[6N 22N 26Y 10N ],13.6667,0.0694
Y,N,N,N,N,N,N,Y,N,N,Y,N,N,Y,N,Y,Y,N,N,N,N,N,N,Y,Y,Y,N,Y,N,N,Y,Y,Y,N,Y,Y,N,N,N,14.378,[6N 22N 26Y 10N ],13.6667,0.0495
Y,N,Y,N,N,N,Y,Y,N,N,Y,N,Y,Y,N,N,N,N,N,N,N,N,N,Y,Y,N,Y,Y,N,N,Y,Y,Y,N,Y,N,N,Y,N,14.291,[6N 22N 26N 3Y ],14.3777,0.0061
Y,Y,N,N,N,N,N,Y,N,N,Y,N,N,Y,N,N,N,Y,Y,N,N,N,N,Y,Y,N,Y,Y,Y,N,N,Y,Y,N,Y,Y,N,N,N,14.850,[6N 22N 26N 3N ],14.9307,0.0054
Y,N,Y,N,Y,N,N,Y,N,N,Y,N,Y,Y,N,N,N,N,N,N,N,N,N,Y,Y,N,Y,Y,N,N,Y,Y,Y,N,Y,Y,N,N,N,14.873,[6N 22N 26N 3Y ],14.3777,0.0333
Y,N,Y,N,Y,N,N,Y,N,N,Y,N,Y,Y,N,N,N,N,N,N,N,N,N,Y,Y,N,Y,Y,Y,N,N,Y,Y,N,Y,N,N,N,Y,14.467,[6N 22N 26N 3Y ],14.3777,0.0062
Y,N,N,N,N,N,N,Y,N,Y,Y,N,N,Y,N,Y,N,N,N,N,N,Y,N,Y,Y,Y,N,Y,Y,N,N,Y,Y,N,Y,Y,N,N,N,14.995,[6N 22Y 29Y ],13.8765,0.0746
Y,Y,Y,N,N,Y,N,Y,Y,N,Y,Y,Y,Y,Y,Y,Y,Y,Y,Y,Y,Y,Y,Y,Y,N,Y,Y,N,Y,N,Y,N,Y,Y,N,N,N,Y,14.912,[6Y ],15.0588,0.0098
Y,N,N,N,N,N,N,Y,Y,N,Y,N,N,Y,N,Y,N,Y,N,N,N,N,N,Y,Y,N,Y,Y,Y,N,N,Y,Y,N,Y,Y,N,N,N,14.062,[6N 22N 26N 3N ],14.9307,0.0618
Y,N,N,N,N,N,N,Y,N,Y,Y,N,N,Y,N,N,N,N,N,N,N,N,Y,Y,Y,Y,N,Y,Y,N,N,Y,Y,N,Y,N,N,Y,N,13.756,[6N 22N 26Y 10Y ],14.5610,0.0585
Y,N,N,N,N,N,N,Y,Y,N,Y,N,N,Y,N,N,Y,N,N,N,N,N,N,Y,Y,N,Y,Y,Y,N,N,Y,N,Y,Y,Y,N,N,N,15.201,[6N 22N 26N 3N ],14.9307,0.0178
Y,N,N,N,N,N,N,Y,Y,N,Y,N,N,Y,N,Y,N,N,N,N,N,N,N,Y,Y,Y,N,Y,Y,N,N,Y,Y,N,Y,N,N,N,Y,13.827,[6N 22N 26Y 10N ],13.6667,0.0116
Y,N,Y,N,Y,N,N,Y,N,N,Y,N,N,Y,N,N,N,Y,N,N,N,N,N,Y,Y,Y,N,Y,Y,N,N,Y,Y,N,Y,N,N,N,Y,15.928,[6N 22N 26Y 10N ],13.6667,0.1420
Y,N,N,N,N,N,N,Y,N,Y,Y,N,N,Y,N,N,N,N,Y,N,N,N,N,Y,Y,Y,N,Y,Y,N,N,Y,Y,N,Y,N,Y,N,N,13.783,[6N 22N 26Y 10Y ],14.5610,0.0564
Y,N,Y,Y,N,N,N,Y,N,N,Y,N,N,Y,N,N,N,N,Y,N,N,N,N,Y,Y,N,Y,Y,Y,N,N,Y,N,Y,Y,Y,N,N,N,13.435,[6N 22N 26N 3Y ],14.3777,0.0702
Y,N,Y,N,N,N,Y,Y,N,N,Y,N,N,Y,N,N,N,N,N,N,N,Y,N,Y,Y,N,Y,Y,N,Y,N,Y,Y,N,Y,N,Y,N,N,13.281,[6N 22Y 29N ],13.7242,0.0334
Y,N,Y,N,N,Y,N,Y,N,N,Y,N,N,Y,N,Y,N,N,N,N,N,N,Y,Y,Y,Y,N,Y,Y,N,N,Y,Y,N,Y,Y,N,N,N,15.145,[6Y ],15.0588,0.0057
Y,N,Y,N,N,Y,N,Y,N,N,Y,Y,N,Y,N,N,N,N,N,Y,N,N,N,Y,Y,Y,N,Y,Y,N,N,Y,Y,N,Y,Y,N,N,N,15.990,[6Y ],15.0588,0.0582
Y,N,N,N,N,N,N,Y,Y,N,Y,N,N,Y,N,N,N,N,N,N,N,N,N,Y,Y,Y,N,Y,Y,N,N,Y,N,Y,Y,N,N,Y,N,13.970,[6N 22N 26Y 10N ],13.6667,0.0217
Y,N,N,N,N,N,N,Y,Y,N,Y,N,N,Y,N,N,N,N,N,N,N,N,Y,Y,Y,N,Y,Y,Y,N,N,Y,Y,N,Y,N,N,Y,N,14.020,[6N 22N 26N 3N ],14.9307,0.0650
Y,Y,Y,N,N,Y,N,Y,Y,Y,Y,Y,Y,Y,Y,Y,N,Y,Y,Y,Y,Y,Y,Y,Y,Y,N,Y,N,N,Y,Y,Y,N,Y,N,N,Y,N,14.624,[6Y ],15.0588,0.0297
Y,N,N,N,N,N,N,Y,N,N,Y,N,N,Y,N,N,N,N,N,N,N,Y,N,Y,Y,N,Y,Y,N,N,Y,Y,Y,N,Y,N,N,Y,N,15.314,[6N 22Y 29N ],13.7242,0.1038
Y,N,N,N,N,N,N,Y,N,N,Y,N,N,Y,N,N,N,N,N,N,N,Y,N,Y,Y,Y,N,Y,N,Y,N,Y,Y,N,Y,Y,N,N,N,14.153,[6N 22Y 29N ],13.7242,0.0303
Y,Y,N,N,N,N,N,Y,N,N,Y,N,N,Y,N,N,N,N,N,Y,Y,N,N,Y,Y,N,Y,Y,Y,N,N,Y,Y,N,Y,Y,N,N,N,15.150,[6N 22N 26N 3N ],14.9307,0.0145
Y,Y,N,N,N,N,N,Y,N,N,Y,N,N,Y,N,N,N,N,N,N,N,N,Y,Y,Y,Y,N,Y,Y,N,N,Y,Y,N,Y,N,N,Y,N,13.556,[6N 22N 26Y 10N ],13.6667,0.0082
Y,N,Y,N,N,N,Y,Y,N,N,Y,N,N,Y,N,Y,N,N,N,N,N,N,N,Y,Y,N,Y,Y,Y,N,N,Y,Y,N,Y,N,Y,N,N,14.041,[6N 22N 26N 3Y ],14.3777,0.0240
Y,N,Y,N,N,Y,N,Y,N,N,Y,N,Y,Y,N,N,N,N,N,N,N,N,N,Y,Y,N,Y,Y,Y,N,N,Y,N,Y,Y,Y,N,N,N,15.872,[6Y ],15.0588,0.0512
Y,N,N,N,N,N,N,Y,N,N,Y,N,N,Y,N,N,N,N,N,Y,N,N,N,Y,Y,Y,N,Y,Y,N,N,Y,Y,N,Y,N,N,Y,N,14.780,[6N 22N 26Y 10N ],13.6667,0.0753
Y,N,Y,N,N,Y,N,Y,N,N,Y,N,Y,Y,N,N,N,N,N,N,Y,N,N,Y,Y,Y,N,Y,Y,N,N,Y,Y,N,Y,Y,N,N,N,15.742,[6Y ],15.0588,0.0434
Y,N,Y,N,N,Y,N,Y,N,Y,Y,N,N,Y,N,N,N,N,N,N,N,N,N,Y,Y,Y,N,Y,Y,N,N,Y,Y,N,Y,N,N,N,Y,16.270,[6Y ],15.0588,0.0744
Y,N,N,N,N,N,N,Y,N,N,Y,N,N,Y,N,N,N,Y,Y,N,N,N,N,Y,Y,N,Y,Y,N,N,Y,Y,Y,N,Y,Y,N,N,N,15.324,[6N 22N 26N 3N ],14.9307,0.0257
Y,N,N,N,N,N,N,Y,Y,N,Y,N,Y,Y,N,N,N,N,N,N,N,N,N,Y,Y,Y,N,Y,N,Y,N,Y,Y,N,Y,Y,N,N,N,14.588,[6N 22N 26Y 10N ],13.6667,0.0632
Y,Y,Y,N,N,Y,N,Y,Y,Y,Y,Y,Y,Y,Y,Y,Y,N,Y,Y,Y,Y,Y,Y,Y,Y,N,Y,N,N,Y,Y,Y,N,Y,Y,N,N,N,14.168,[6Y ],15.0588,0.0629
Y,N,Y,N,Y,N,N,Y,Y,Y,Y,Y,Y,Y,Y,Y,Y,Y,Y,Y,Y,Y,Y,Y,Y,N,Y,Y,N,Y,N,Y,Y,N,Y,N,N,Y,N,14.535,[6N 22Y 29N ],13.7242,0.0558
Y,Y,N,N,N,N,N,Y,N,Y,Y,N,N,Y,N,N,N,N,N,Y,N,N,N,Y,Y,N,Y,Y,Y,N,N,Y,Y,N,Y,Y,N,N,N,14.499,[6N 22N 26N 3N ],14.9307,0.0298
Y,N,Y,N,N,N,Y,Y,Y,N,Y,N,N,Y,N,N,N,N,N,N,N,N,N,Y,Y,Y,N,Y,Y,N,N,Y,Y,N,Y,N,N,Y,N,15.936,[6N 22N 26Y 10N ],13.6667,0.1424
Y,N,Y,N,N,N,Y,Y,N,N,Y,N,Y,Y,N,N,N,N,N,N,N,Y,N,Y,Y,Y,N,Y,Y,N,N,Y,Y,N,Y,Y,N,N,N,16.083,[6N 22Y 29Y ],13.8765,0.1372
Y,N,N,N,N,N,N,Y,N,N,Y,Y,Y,Y,N,N,N,N,N,N,N,Y,N,Y,Y,N,Y,Y,Y,N,N,Y,Y,N,Y,Y,N,N,N,15.680,[6N 22Y 29Y ],13.8765,0.1150
Y,N,Y,N,Y,N,N,Y,N,N,Y,N,N,Y,N,N,N,N,N,N,Y,N,Y,Y,Y,Y,N,Y,Y,N,N,Y,Y,N,Y,Y,N,N,N,15.895,[6N 22N 26Y 10N ],13.6667,0.1402
Y,Y,Y,N,N,N,Y,Y,Y,N,Y,Y,Y,Y,Y,Y,Y,Y,Y,Y,Y,Y,Y,Y,Y,N,Y,Y,Y,N,N,Y,Y,N,Y,Y,N,N,N,14.099,[6N 22Y 29Y ],13.8765,0.0158
Y,N,N,N,N,N,N,Y,N,N,Y,Y,N,Y,Y,N,N,N,N,Y,N,N,N,Y,Y,N,Y,Y,Y,N,N,Y,Y,N,Y,Y,N,N,N,14.869,[6N 22N 26N 3N ],14.9307,0.0041
Y,Y,Y,Y,N,N,N,Y,N,N,Y,N,N,Y,Y,N,N,N,N,N,N,N,N,Y,Y,Y,N,Y,Y,N,N,Y,Y,N,Y,Y,N,N,N,13.687,[6N 22N 26Y 10N ],13.6667,0.0015
Y,Y,Y,N,N,N,Y,Y,Y,Y,Y,Y,Y,Y,Y,Y,Y,Y,Y,Y,N,Y,Y,Y,Y,Y,N,Y,N,N,Y,Y,N,Y,Y,Y,N,N,N,14.506,[6N 22Y 29N ],13.7242,0.0539
Y,N,Y,N,Y,N,N,Y,N,N,Y,N,N,Y,N,Y,N,N,N,N,Y,N,N,Y,Y,Y,N,Y,Y,N,N,Y,Y,N,Y,Y,N,N,N,16.343,[6N 22N 26Y 10N ],13.6667,0.1638
Y,N,N,N,N,N,N,Y,N,N,Y,Y,N,Y,N,N,N,N,Y,N,N,N,Y,Y,Y,Y,N,Y,Y,N,N,Y,Y,N,Y,Y,N,N,N,14.071,[6N 22N 26Y 10N ],13.6667,0.0287
Y,N,Y,N,N,N,Y,Y,N,N,Y,Y,N,Y,N,N,N,N,N,N,Y,N,N,Y,Y,N,Y,Y,Y,N,N,Y,Y,N,Y,Y,N,N,N,14.673,[6N 22N 26N 3Y ],14.3777,0.0201
Y,Y,Y,Y,N,N,N,Y,N,Y,Y,Y,Y,Y,Y,Y,Y,Y,Y,Y,Y,Y,Y,Y,Y,Y,N,Y,N,N,Y,Y,Y,N,Y,N,Y,N,N,14.292,[6N 22Y 29N ],13.7242,0.0397
Y,N,Y,Y,N,N,N,Y,N,N,Y,N,N,Y,N,N,N,N,N,N,Y,N,N,Y,Y,N,Y,Y,Y,N,N,Y,Y,N,Y,N,N,N,Y,13.671,[6N 22N 26N 3Y ],14.3777,0.0517
Y,N,N,N,N,N,N,Y,N,N,Y,Y,N,Y,N,N,N,N,N,N,N,N,N,Y,Y,N,Y,Y,Y,N,N,Y,N,Y,Y,N,N,N,Y,14.994,[6N 22N 26N 3N ],14.9307,0.0042
Y,Y,N,N,N,N,N,Y,N,N,Y,N,N,Y,N,N,N,N,N,N,N,Y,N,Y,Y,N,Y,Y,Y,N,N,Y,Y,N,Y,Y,N,N,N,13.883,[6N 22Y 29Y ],13.8765,0.0005
Y,N,Y,N,N,N,Y,Y,Y,N,Y,N,N,Y,N,Y,N,N,N,N,N,N,N,Y,Y,Y,N,Y,Y,N,N,Y,Y,N,Y,Y,N,N,N,16.288,[6N 22N 26Y 10N ],13.6667,0.1609
Y,N,Y,N,Y,N,N,Y,N,N,Y,Y,N,Y,N,N,N,N,N,Y,N,N,N,Y,Y,Y,N,Y,Y,N,N,Y,Y,N,Y,Y,N,N,N,15.906,[6N 22N 26Y 10N ],13.6667,0.1408
Y,N,N,N,N,N,N,Y,N,N,Y,N,N,Y,N,N,N,N,Y,N,N,N,N,Y,Y,Y,N,Y,N,N,Y,Y,N,Y,Y,Y,N,N,N,14.590,[6N 22N 26Y 10N ],13.6667,0.0633
Y,N,N,N,N,N,N,Y,N,N,Y,N,N,Y,N,N,N,N,Y,N,Y,N,N,Y,Y,Y,N,Y,Y,N,N,Y,Y,N,Y,N,Y,N,N,14.080,[6N 22N 26Y 10N ],13.6667,0.0294
Y,Y,Y,N,N,Y,N,Y,Y,Y,Y,Y,Y,Y,Y,Y,Y,Y,Y,N,Y,Y,Y,Y,Y,Y,N,Y,N,N,Y,Y,Y,N,Y,N,N,Y,N,14.565,[6Y ],15.0588,0.0339
Y,N,Y,Y,N,N,N,Y,N,N,Y,N,N,Y,Y,N,N,N,Y,N,N,N,N,Y,Y,Y,N,Y,Y,N,N,Y,Y,N,Y,Y,N,N,N,14.371,[6N 22N 26Y 10N ],13.6667,0.0490
Y,N,N,N,N,N,N,Y,N,N,Y,N,N,Y,Y,N,N,Y,N,Y,N,N,N,Y,Y,Y,N,Y,Y,N,N,Y,Y,N,Y,Y,N,N,N,13.338,[6N 22N 26Y 10N ],13.6667,0.0246
Y,N,Y,N,Y,N,N,Y,N,N,Y,N,Y,Y,N,N,N,N,N,N,N,N,N,Y,Y,Y,N,Y,Y,N,N,Y,Y,N,Y,N,Y,N,N,14.915,[6N 22N 26Y 10N ],13.6667,0.0837
Y,N,N,N,N,N,N,Y,N,N,Y,N,N,Y,Y,N,N,N,N,N,N,N,N,Y,Y,N,Y,Y,Y,N,N,Y,N,Y,Y,N,N,Y,N,15.273,[6N 22N 26N 3N ],14.9307,0.0224
Y,N,N,N,N,N,N,Y,N,Y,Y,N,N,Y,N,N,N,N,N,N,Y,N,N,Y,Y,Y,N,Y,Y,N,N,Y,Y,N,Y,N,Y,N,N,14.347,[6N 22N 26Y 10Y ],14.5610,0.0149
Y,Y,N,N,N,N,N,Y,N,N,Y,N,N,Y,N,Y,N,N,N,N,N,N,Y,Y,Y,Y,N,Y,Y,N,N,Y,Y,N,Y,Y,N,N,N,14.818,[6N 22N 26Y 10N ],13.6667,0.0777
Y,N,Y,N,N,Y,N,Y,N,N,Y,N,Y,Y,N,N,N,N,N,N,N,N,N,Y,Y,Y,N,Y,Y,N,N,Y,Y,N,Y,N,N,N,Y,15.272,[6Y ],15.0588,0.0140
Y,Y,N,N,N,N,N,Y,N,N,Y,N,N,Y,N,Y,N,N,N,N,N,N,N,Y,Y,N,Y,Y,N,N,Y,Y,Y,N,Y,Y,N,N,N,15.083,[6N 22N 26N 3N ],14.9307,0.0101
Y,N,N,N,N,N,N,Y,N,Y,Y,N,N,Y,N,N,Y,N,N,N,N,N,N,Y,Y,N,Y,Y,Y,N,N,Y,Y,N,Y,N,N,Y,N,13.873,[6N 22N 26N 3N ],14.9307,0.0762
Y,N,Y,Y,N,N,N,Y,N,N,Y,N,N,Y,N,N,N,N,N,N,N,N,N,Y,Y,Y,N,Y,N,N,Y,Y,Y,N,Y,N,N,N,Y,14.759,[6N 22N 26Y 10N ],13.6667,0.0740
Y,Y,Y,N,N,N,Y,Y,Y,Y,Y,Y,Y,Y,Y,Y,Y,N,Y,Y,Y,Y,Y,Y,Y,Y,N,Y,N,N,Y,Y,Y,N,Y,N,N,Y,N,13.008,[6N 22Y 29N ],13.7242,0.0551
Y,Y,N,N,N,N,N,Y,N,N,Y,N,N,Y,Y,N,N,N,Y,N,N,N,N,Y,Y,Y,N,Y,Y,N,N,Y,Y,N,Y,Y,N,N,N,14.913,[6N 22N 26Y 10N ],13.6667,0.0836
Y,N,Y,N,Y,N,N,Y,N,Y,Y,N,N,Y,N,N,N,N,N,N,N,N,Y,Y,Y,Y,N,Y,Y,N,N,Y,Y,N,Y,Y,N,N,N,16.006,[6N 22N 26Y 10Y ],14.5610,0.0903
Y,N,N,N,N,N,N,Y,N,N,Y,N,N,Y,N,N,N,N,Y,N,N,N,N,Y,Y,N,Y,Y,N,N,Y,Y,Y,N,Y,N,N,Y,N,15.785,[6N 22N 26N 3N ],14.9307,0.0541
Y,N,N,N,N,N,N,Y,N,N,Y,Y,N,Y,Y,N,N,N,N,N,Y,N,N,Y,Y,N,Y,Y,Y,N,N,Y,Y,N,Y,Y,N,N,N,14.190,[6N 22N 26N 3N ],14.9307,0.0522
Y,Y,Y,N,N,Y,N,Y,Y,Y,Y,Y,Y,Y,Y,N,Y,Y,Y,Y,Y,Y,Y,Y,Y,Y,N,Y,N,N,Y,Y,Y,N,Y,Y,N,N,N,14.459,[6Y ],15.0588,0.0415
Y,N,Y,Y,N,N,N,Y,N,Y,Y,N,N,Y,N,N,N,N,N,N,N,N,Y,Y,Y,Y,N,Y,Y,N,N,Y,Y,N,Y,Y,N,N,N,14.015,[6N 22N 26Y 10Y ],14.5610,0.0390
Y,N,N,N,N,N,N,Y,N,N,Y,Y,N,Y,N,N,N,N,Y,N,N,N,N,Y,Y,Y,N,Y,N,Y,N,Y,Y,N,Y,Y,N,N,N,14.565,[6N 22N 26Y 10N ],13.6667,0.0617
Y,N,N,N,N,N,N,Y,N,N,Y,N,N,Y,N,Y,N,N,Y,N,N,N,Y,Y,Y,N,Y,Y,Y,N,N,Y,Y,N,Y,Y,N,N,N,13.890,[6N 22N 26N 3N ],14.9307,0.0749
Y,Y,Y,N,N,N,Y,Y,N,N,Y,N,N,Y,N,N,N,Y,N,N,N,N,N,Y,Y,N,Y,Y,Y,N,N,Y,Y,N,Y,Y,N,N,N,14.103,[6N 22N 26N 3Y ],14.3777,0.0195
Y,Y,Y,N,N,N,Y,Y,Y,Y,Y,Y,N,Y,Y,Y,Y,Y,Y,Y,Y,Y,Y,Y,Y,N,Y,Y,N,N,Y,Y,Y,N,Y,N,N,N,Y,13.988,[6N 22Y 29N ],13.7242,0.0189
Y,N,N,N,N,N,N,Y,N,N,Y,N,N,Y,N,N,Y,N,N,Y,N,N,N,Y,Y,Y,N,Y,Y,N,N,Y,Y,N,Y,N,N,Y,N,13.560,[6N 22N 26Y 10N ],13.6667,0.0079
Y,N,Y,N,N,Y,N,Y,N,N,Y,N,N,Y,N,N,N,N,N,N,N,Y,N,Y,Y,Y,N,Y,Y,N,N,Y,N,Y,Y,Y,N,N,N,16.158,[6Y ],15.0588,0.0680
Y,Y,Y,N,N,Y,N,Y,N,N,Y,N,N,Y,Y,N,N,N,N,N,N,N,N,Y,Y,N,Y,Y,Y,N,N,Y,Y,N,Y,Y,N,N,N,15.064,[6Y ],15.0588,0.0003
Y,N,Y,N,N,N,Y,Y,N,N,Y,N,N,Y,N,N,N,N,N,N,N,Y,N,Y,Y,Y,N,Y,Y,N,N,Y,Y,N,Y,Y,N,N,N,14.155,[6N 22Y 29Y ],13.8765,0.0197
Y,N,N,N,N,N,N,Y,N,N,Y,Y,N,Y,N,N,N,N,N,Y,Y,N,N,Y,Y,Y,N,Y,Y,N,N,Y,Y,N,Y,Y,N,N,N,14.805,[6N 22N 26Y 10N ],13.6667,0.0769
Y,N,N,N,N,N,N,Y,N,N,Y,Y,N,Y,N,N,N,N,N,Y,N,N,N,Y,Y,Y,N,Y,N,N,Y,Y,Y,N,Y,Y,N,N,N,13.634,[6N 22N 26Y 10N ],13.6667,0.0024
Y,N,Y,N,N,Y,N,Y,N,N,Y,Y,N,Y,N,N,N,N,N,N,N,N,N,Y,Y,Y,N,Y,Y,N,N,Y,Y,N,Y,N,N,N,Y,16.004,[6Y ],15.0588,0.0591
Y,N,N,N,N,N,N,Y,N,N,Y,Y,Y,Y,N,N,N,N,N,Y,N,N,N,Y,Y,Y,N,Y,Y,N,N,Y,Y,N,Y,Y,N,N,N,14.061,[6N 22N 26Y 10N ],13.6667,0.0280
Y,N,Y,N,N,N,Y,Y,N,N,Y,N,N,Y,N,N,N,N,N,N,N,N,Y,Y,Y,N,Y,Y,N,Y,N,Y,Y,N,Y,Y,N,N,N,14.119,[6N 22N 26N 3Y ],14.3777,0.0183
Y,N,N,N,N,N,N,Y,N,N,Y,Y,N,Y,N,Y,N,N,Y,N,N,N,N,Y,Y,N,Y,Y,Y,N,N,Y,Y,N,Y,Y,N,N,N,14.229,[6N 22N 26N 3N ],14.9307,0.0493
Y,N,Y,N,Y,N,N,Y,Y,N,Y,N,N,Y,N,N,N,N,Y,N,N,N,N,Y,Y,Y,N,Y,Y,N,N,Y,Y,N,Y,Y,N,N,N,16.694,[6N 22N 26Y 10N ],13.6667,0.1813
Y,N,Y,N,N,Y,N,Y,N,Y,Y,N,N,Y,N,N,N,N,N,N,N,Y,N,Y,Y,N,Y,Y,Y,N,N,Y,Y,N,Y,Y,N,N,N,14.191,[6Y ],15.0588,0.0612
Y,N,N,N,N,N,N,Y,Y,Y,Y,N,N,Y,N,N,N,N,N,N,N,N,N,Y,Y,Y,N,Y,Y,N,N,Y,Y,N,Y,N,N,N,Y,13.846,[6N 22N 26Y 10Y ],14.5610,0.0516
Y,N,Y,N,Y,N,N,Y,N,N,Y,Y,N,Y,N,N,N,N,N,N,N,Y,N,Y,Y,N,Y,Y,Y,N,N,Y,Y,N,Y,Y,N,N,N,15.224,[6N 22Y 29Y ],13.8765,0.0885
Y,Y,Y,N,Y,N,N,Y,N,N,Y,N,N,Y,N,N,Y,N,N,N,N,N,N,Y,Y,N,Y,Y,Y,N,N,Y,Y,N,Y,Y,N,N,N,13.817,[6N 22N 26N 3Y ],14.3777,0.0406
Y,N,N,N,N,N,N,Y,N,N,Y,Y,N,Y,N,N,N,N,N,Y,N,N,N,Y,Y,Y,N,Y,N,Y,N,Y,Y,N,Y,Y,N,N,N,14.481,[6N 22N 26Y 10N ],13.6667,0.0562
Y,N,N,N,N,N,N,Y,N,N,Y,Y,N,Y,N,N,Y,N,N,N,N,N,N,Y,Y,N,Y,Y,Y,N,N,Y,Y,N,Y,Y,N,N,N,13.977,[6N 22N 26N 3N ],14.9307,0.0682
Y,N,N,N,N,N,N,Y,Y,N,Y,N,N,Y,N,N,N,N,N,N,N,Y,Y,Y,Y,Y,N,Y,Y,N,N,Y,Y,N,Y,Y,N,N,N,14.827,[6N 22Y 29Y ],13.8765,0.0641
Y,N,N,N,N,N,N,Y,N,Y,Y,N,N,Y,Y,N,N,N,N,N,N,N,N,Y,Y,N,Y,Y,Y,N,N,Y,Y,N,Y,N,N,Y,N,14.326,[6N 22N 26N 3N ],14.9307,0.0422
Y,N,Y,Y,N,N,N,Y,N,Y,Y,N,N,Y,N,N,N,N,N,N,N,N,N,Y,Y,N,Y,Y,Y,N,N,Y,Y,N,Y,N,Y,N,N,13.647,[6N 22N 26N 3Y ],14.3777,0.0535
Y,N,Y,N,N,Y,N,Y,N,N,Y,N,N,Y,N,N,N,Y,N,N,N,N,N,Y,Y,N,Y,Y,Y,N,N,Y,Y,N,Y,N,N,N,Y,14.637,[6Y ],15.0588,0.0288
Y,N,Y,N,N,N,Y,Y,N,N,Y,N,N,Y,N,N,N,N,N,N,N,N,N,Y,Y,Y,N,Y,Y,N,N,Y,N,Y,Y,N,N,N,Y,14.383,[6N 22N 26Y 10N ],13.6667,0.0498
Y,N,N,N,N,N,N,Y,N,Y,Y,N,N,Y,N,Y,N,Y,N,N,N,N,N,Y,Y,N,Y,Y,Y,N,N,Y,Y,N,Y,Y,N,N,N,15.143,[6N 22N 26N 3N ],14.9307,0.0140
Y,Y,Y,N,Y,N,N,Y,N,N,Y,N,N,Y,N,N,N,N,N,N,N,N,N,Y,Y,Y,N,Y,Y,N,N,Y,Y,N,Y,N,Y,N,N,14.811,[6N 22N 26Y 10N ],13.6667,0.0773
Y,N,N,N,N,N,N,Y,N,N,Y,N,N,Y,N,N,Y,N,Y,N,N,N,Y,Y,Y,N,Y,Y,Y,N,N,Y,Y,N,Y,Y,N,N,N,14.103,[6N 22N 26N 3N ],14.9307,0.0587
Y,N,N,N,N,N,N,Y,N,Y,Y,N,N,Y,N,N,N,N,N,Y,N,N,N,Y,Y,Y,N,Y,N,Y,N,Y,Y,N,Y,Y,N,N,N,14.352,[6N 22N 26Y 10Y ],14.5610,0.0146
Y,Y,Y,Y,N,N,N,Y,N,N,Y,N,N,Y,N,N,N,N,Y,N,N,N,N,Y,Y,Y,N,Y,Y,N,N,Y,Y,N,Y,Y,N,N,N,13.731,[6N 22N 26Y 10N ],13.6667,0.0047
Y,N,N,N,N,N,N,Y,N,N,Y,N,N,Y,Y,N,N,N,Y,N,N,N,N,Y,Y,N,Y,Y,N,N,Y,Y,Y,N,Y,Y,N,N,N,14.892,[6N 22N 26N 3N ],14.9307,0.0026
Y,N,N,N,N,N,N,Y,Y,N,Y,N,N,Y,N,N,N,Y,N,N,N,N,N,Y,Y,Y,N,Y,Y,N,N,Y,Y,N,Y,Y,N,N,N,14.675,[6N 22N 26Y 10N ],13.6667,0.0687
Y,N,N,N,N,N,N,Y,N,N,Y,N,N,Y,N,N,N,N,Y,N,N,N,N,Y,Y,Y,N,Y,Y,N,N,Y,Y,N,Y,N,N,N,Y,14.527,[6N 22N 26Y 10N ],13.6667,0.0592
Y,N,N,N,N,N,N,Y,N,N,Y,N,N,Y,N,N,Y,N,N,N,N,N,N,Y,Y,Y,N,Y,Y,N,N,Y,N,Y,Y,N,N,N,Y,13.731,[6N 22N 26Y 10N ],13.6667,0.0047
Y,N,Y,N,Y,N,N,Y,N,N,Y,N,N,Y,N,N,N,N,N,N,N,N,Y,Y,Y,Y,N,Y,Y,N,N,Y,N,Y,Y,Y,N,N,N,14.314,[6N 22N 26Y 10N ],13.6667,0.0452
Y,N,Y,N,Y,N,N,Y,Y,N,Y,N,N,Y,N,N,N,N,N,N,N,N,N,Y,Y,N,Y,Y,N,Y,N,Y,Y,N,Y,Y,N,N,N,13.873,[6N 22N 26N 3Y ],14.3777,0.0364
Y,Y,N,N,N,N,N,Y,N,N,Y,N,N,Y,N,N,N,N,N,N,N,N,N,Y,Y,Y,N,Y,N,N,Y,Y,N,Y,Y,Y,N,N,N,14.070,[6N 22N 26Y 10N ],13.6667,0.0287
N,N,N,N,N,N,N,N,N,N,N,N,N,N,N,N,N,N,N,N,N,N,N,N,N,N,N,N,N,N,N,N,N,N,N,N,N,N,N,14.402,[6N 22N 26N 3N ],14.9307,0.0367
Y,N,N,N,N,N,N,Y,Y,N,Y,Y,N,Y,N,N,N,N,N,N,N,N,N,Y,Y,N,Y,Y,N,Y,N,Y,Y,N,Y,Y,N,N,N,13.812,[6N 22N 26N 3N ],14.9307,0.0810
Y,N,Y,N,N,N,Y,Y,N,N,Y,N,N,Y,N,N,Y,N,Y,N,N,N,N,Y,Y,Y,N,Y,Y,N,N,Y,Y,N,Y,Y,N,N,N,16.528,[6N 22N 26Y 10N ],13.6667,0.1731
Y,N,Y,N,N,Y,N,Y,N,N,Y,N,N,Y,N,N,N,N,Y,N,N,N,N,Y,Y,N,Y,Y,Y,N,N,Y,Y,N,Y,Y,N,N,N,14.469,[6Y ],15.0588,0.0408
Y,Y,Y,N,N,Y,N,Y,Y,Y,Y,Y,Y,Y,N,Y,Y,Y,Y,Y,Y,Y,Y,Y,Y,N,Y,Y,N,N,Y,Y,Y,N,Y,N,N,N,Y,14.306,[6Y ],15.0588,0.0526
Y,N,Y,N,Y,N,N,Y,N,Y,Y,N,N,Y,N,N,N,N,N,N,N,N,N,Y,Y,N,Y,Y,Y,N,N,Y,Y,N,Y,N,N,Y,N,14.031,[6N 22N 26N 3Y ],14.3777,0.0247
Y,N,Y,Y,N,N,N,Y,N,N,Y,N,N,Y,N,N,N,N,N,N,Y,N,N,Y,Y,N,Y,Y,Y,N,N,Y,Y,N,Y,N,Y,N,N,13.280,[6N 22N 26N 3Y ],14.3777,0.0827
Y,N,N,N,N,N,N,Y,N,Y,Y,N,N,Y,N,N,N,N,N,N,N,N,Y,Y,Y,N,Y,Y,N,N,Y,Y,Y,N,Y,Y,N,N,N,16.062,[6N 22N 26N 3N ],14.9307,0.0704
Y,N,Y,N,N,Y,N,Y,N,N,Y,N,N,Y,N,N,N,N,N,N,Y,N,N,Y,Y,N,Y,Y,Y,N,N,Y,Y,N,Y,Y,N,N,N,14.560,[6Y ],15.0588,0.0343
Y,N,Y,N,N,N,Y,Y,Y,N,Y,N,N,Y,N,N,N,N,N,N,N,N,N,Y,Y,N,Y,Y,Y,N,N,Y,Y,N,Y,N,Y,N,N,14.211,[6N 22N 26N 3Y ],14.3777,0.0117
Y,N,Y,N,N,Y,N,Y,N,N,Y,N,N,Y,N,N,N,N,N,N,Y,N,N,Y,Y,Y,N,Y,Y,N,N,Y,Y,N,Y,Y,N,N,N,14.468,[6Y ],15.0588,0.0408
Y,N,N,N,N,N,N,Y,N,N,Y,N,N,Y,N,N,N,N,N,N,Y,N,N,Y,Y,N,Y,Y,N,N,Y,Y,Y,N,Y,N,N,Y,N,15.480,[6N 22N 26N 3N ],14.9307,0.0355
Y,N,Y,Y,N,N,N,Y,N,Y,Y,N,N,Y,N,N,N,N,N,Y,N,N,N,Y,Y,Y,N,Y,Y,N,N,Y,Y,N,Y,Y,N,N,N,14.008,[6N 22N 26Y 10Y ],14.5610,0.0395
Y,N,N,N,N,N,N,Y,Y,N,Y,N,N,Y,N,N,N,N,N,N,Y,N,N,Y,Y,Y,N,Y,Y,N,N,Y,Y,N,Y,N,Y,N,N,13.834,[6N 22N 26Y 10N ],13.6667,0.0121
Y,N,Y,N,N,N,Y,Y,N,N,Y,N,N,Y,N,N,N,N,N,N,N,Y,N,Y,Y,N,Y,Y,N,N,Y,Y,Y,N,Y,Y,N,N,N,13.403,[6N 22Y 29N ],13.7242,0.0240
Y,N,Y,N,Y,N,N,Y,N,N,Y,N,N,Y,N,N,N,N,N,N,N,Y,N,Y,Y,N,Y,Y,Y,N,N,Y,Y,N,Y,Y,N,N,N,14.702,[6N 22Y 29Y ],13.8765,0.0561
Y,N,N,N,N,N,N,Y,N,N,Y,N,N,Y,N,N,Y,N,N,Y,N,N,N,Y,Y,Y,N,Y,N,Y,N,Y,Y,N,Y,Y,N,N,N,14.159,[6N 22N 26Y 10N ],13.6667,0.0348
Y,N,Y,N,N,Y,N,Y,N,N,Y,N,N,Y,N,N,N,N,N,N,N,N,N,Y,Y,Y,N,Y,Y,N,N,Y,N,Y,Y,N,Y,N,N,14.636,[6Y ],15.0588,0.0289
Y,Y,N,N,N,N,N,Y,Y,N,Y,N,N,Y,N,Y,N,N,N,N,N,N,N,Y,Y,N,Y,Y,Y,N,N,Y,Y,N,Y,Y,N,N,N,14.723,[6N 22N 26N 3N ],14.9307,0.0141
Y,Y,N,N,N,N,N,Y,N,N,Y,N,N,Y,N,N,N,N,N,N,N,N,Y,Y,Y,Y,N,Y,N,N,Y,Y,Y,N,Y,Y,N,N,N,13.736,[6N 22N 26Y 10N ],13.6667,0.0050
Y,N,Y,N,N,Y,N,Y,N,N,Y,N,N,Y,N,N,Y,N,N,N,N,N,N,Y,Y,N,Y,Y,Y,N,N,Y,Y,N,Y,N,Y,N,N,14.300,[6Y ],15.0588,0.0531
Y,N,N,N,N,N,N,Y,Y,N,Y,N,N,Y,Y,N,N,Y,N,N,N,N,N,Y,Y,Y,N,Y,Y,N,N,Y,Y,N,Y,Y,N,N,N,15.169,[6N 22N 26Y 10N ],13.6667,0.0990
Y,Y,N,N,N,N,N,Y,N,N,Y,N,Y,Y,N,N,N,N,N,N,N,N,N,Y,Y,Y,N,Y,N,Y,N,Y,Y,N,Y,Y,N,N,N,14.021,[6N 22N 26Y 10N ],13.6667,0.0253
Y,N,Y,N,N,Y,N,Y,N,N,Y,N,Y,Y,N,Y,N,N,N,N,N,N,N,Y,Y,N,Y,Y,Y,N,N,Y,Y,N,Y,Y,N,N,N,14.674,[6Y ],15.0588,0.0262
Y,N,Y,Y,N,N,N,Y,N,N,Y,N,N,Y,N,N,N,Y,N,Y,N,N,N,Y,Y,Y,N,Y,Y,N,N,Y,Y,N,Y,Y,N,N,N,13.795,[6N 22N 26Y 10N ],13.6667,0.0093
Y,N,Y,N,Y,N,N,Y,N,N,Y,N,N,Y,N,N,N,N,N,Y,N,N,N,Y,Y,Y,N,Y,Y,N,N,Y,N,Y,Y,Y,N,N,N,14.749,[6N 22N 26Y 10N ],13.6667,0.0734
Y,N,Y,N,N,N,Y,Y,N,N,Y,Y,N,Y,N,N,N,N,N,N,N,N,N,Y,Y,N,Y,Y,Y,N,N,Y,Y,N,Y,N,N,N,Y,14.353,[6N 22N 26N 3Y ],14.3777,0.0017
Y,N,N,N,N,N,N,Y,N,N,Y,N,N,Y,N,N,N,N,N,N,N,N,Y,Y,Y,Y,N,Y,Y,N,N,Y,N,Y,Y,N,N,N,Y,14.083,[6N 22N 26Y 10N ],13.6667,0.0296
Y,N,N,N,N,N,N,Y,N,N,Y,N,N,Y,Y,N,Y,N,N,N,N,N,N,Y,Y,Y,N,Y,Y,N,N,Y,Y,N,Y,N,Y,N,N,13.859,[6N 22N 26Y 10N ],13.6667,0.0139
Y,N,Y,Y,N,N,N,Y,N,N,Y,Y,N,Y,Y,N,N,N,N,N,N,N,N,Y,Y,N,Y,Y,Y,N,N,Y,Y,N,Y,Y,N,N,N,13.509,[6N 22N 26N 3Y ],14.3777,0.0643
Y,Y,N,N,N,N,N,Y,N,Y,Y,N,N,Y,N,Y,N,N,N,N,N,N,N,Y,Y,Y,N,Y,Y,N,N,Y,Y,N,Y,Y,N,N,N,14.802,[6N 22N 26Y 10Y ],14.5610,0.0163
Y,N,Y,N,Y,N,N,Y,N,N,Y,N,N,Y,N,N,N,N,N,N,N,N,N,Y,Y,N,Y,Y,N,N,Y,Y,Y,N,Y,N,N,N,Y,13.782,[6N 22N 26N 3Y ],14.3777,0.0432
Y,N,N,N,N,N,N,Y,N,Y,Y,N,N,Y,N,N,N,N,N,N,Y,N,N,Y,Y,Y,N,Y,N,Y,N,Y,Y,N,Y,Y,N,N,N,13.906,[6N 22N 26Y 10Y ],14.5610,0.0471
Y,N,N,N,N,N,N,Y,N,N,Y,N,N,Y,N,N,Y,N,N,N,N,N,Y,Y,Y,Y,N,Y,N,N,Y,Y,Y,N,Y,Y,N,N,N,14.113,[6N 22N 26Y 10N ],13.6667,0.0316
Y,N,N,N,N,N,N,Y,N,N,Y,N,N,Y,N,N,N,N,Y,N,N,N,N,Y,Y,Y,N,Y,N,Y,N,Y,Y,N,Y,Y,N,N,N,14.716,[6N 22N 26Y 10N ],13.6667,0.0713
Y,Y,Y,N,N,N,Y,Y,Y,Y,Y,N,Y,Y,Y,Y,Y,Y,Y,Y,Y,Y,Y,Y,Y,N,Y,Y,N,Y,N,Y,N,Y,Y,N,N,N,Y,14.405,[6N 22Y 29N ],13.7242,0.0473
Y,Y,Y,N,Y,N,N,Y,N,Y,Y,Y,Y,Y,Y,Y,Y,Y,Y,Y,Y,Y,Y,Y,Y,N,Y,Y,N,Y,N,Y,Y,N,Y,N,N,Y,N,14.153,[6N 22Y 29N ],13.7242,0.0303
Y,N,Y,N,N,Y,N,Y,N,N,Y,N,N,Y,N,N,N,Y,N,N,N,N,Y,Y,Y,Y,N,Y,Y,N,N,Y,Y,N,Y,Y,N,N,N,15.089,[6Y ],15.0588,0.0020
Y,N,N,N,N,N,N,Y,N,N,Y,N,N,Y,N,N,N,N,Y,N,Y,N,N,Y,Y,N,Y,Y,Y,N,N,Y,Y,N,Y,N,N,N,Y,14.383,[6N 22N 26N 3N ],14.9307,0.0381
Y,Y,Y,N,Y,N,N,Y,Y,Y,Y,Y,N,Y,Y,Y,Y,Y,Y,Y,Y,Y,Y,Y,Y,N,Y,Y,N,N,Y,Y,Y,N,Y,N,N,N,Y,14.429,[6N 22Y 29N ],13.7242,0.0488
Y,N,N,N,N,N,N,Y,N,N,Y,N,N,Y,N,N,N,N,N,Y,N,N,N,Y,Y,Y,N,Y,N,N,Y,Y,Y,N,Y,N,N,N,Y,13.845,[6N 22N 26Y 10N ],13.6667,0.0129
Y,Y,Y,N,Y,N,N,Y,Y,Y,Y,Y,Y,Y,Y,N,Y,Y,Y,Y,Y,Y,Y,Y,Y,Y,N,Y,Y,N,N,Y,Y,N,Y,N,N,Y,N,14.490,[6N 22Y 29Y ],13.8765,0.0423
Y,N,N,N,N,N,N,Y,N,N,Y,N,N,Y,N,N,N,N,N,Y,N,N,N,Y,Y,N,Y,Y,Y,N,N,Y,Y,N,Y,Y,N,N,N,14.300,[6N 22N 26N 3N ],14.9307,0.0441
Y,N,N,N,N,N,N,Y,N,N,Y,N,N,Y,N,N,N,N,Y,N,N,N,N,Y,Y,Y,N,Y,Y,N,N,Y,N,Y,Y,Y,N,N,N,14.189,[6N 22N 26Y 10N ],13.6667,0.0368
Y,N,N,N,N,N,N,Y,N,Y,Y,N,N,Y,N,N,N,Y,N,N,N,N,N,Y,Y,N,Y,Y,N,N,Y,Y,Y,N,Y,Y,N,N,N,14.756,[6N 22N 26N 3N ],14.9307,0.0118
Y,N,Y,N,N,Y,N,Y,Y,N,Y,N,N,Y,N,N,N,N,N,N,N,N,N,Y,Y,N,Y,Y,N,Y,N,Y,Y,N,Y,Y,N,N,N,15.541,[6Y ],15.0588,0.0310
Y,N,N,N,N,N,N,Y,N,N,Y,N,Y,Y,N,N,N,Y,N,N,N,Y,N,Y,Y,Y,N,Y,Y,N,N,Y,Y,N,Y,Y,N,N,N,14.079,[6N 22Y 29Y ],13.8765,0.0144
Y,N,Y,N,N,N,Y,Y,N,N,Y,N,N,Y,N,N,N,N,N,N,Y,Y,N,Y,Y,Y,N,Y,Y,N,N,Y,Y,N,Y,Y,N,N,N,15.963,[6N 22Y 29Y ],13.8765,0.1307
Y,N,N,N,N,N,N,Y,N,N,Y,N,N,Y,N,N,N,N,N,Y,N,Y,N,Y,Y,Y,N,Y,Y,N,N,Y,Y,N,Y,N,Y,N,N,13.410,[6N 22Y 29Y ],13.8765,0.0348
Y,N,N,N,N,N,N,Y,N,N,Y,Y,Y,Y,N,N,N,N,N,N,N,N,N,Y,Y,N,Y,Y,N,Y,N,Y,Y,N,Y,Y,N,N,N,13.176,[6N 22N 26N 3N ],14.9307,0.1332
Y,N,Y,N,Y,N,N,Y,N,N,Y,N,N,Y,N,N,N,N,N,Y,N,N,N,Y,Y,N,Y,Y,Y,N,N,Y,Y,N,Y,N,N,Y,N,13.886,[6N 22N 26N 3Y ],14.3777,0.0354
Y,N,Y,Y,N,N,N,Y,N,N,Y,Y,N,Y,N,N,N,N,N,N,N,N,N,Y,Y,Y,N,Y,Y,N,N,Y,Y,N,Y,N,Y,N,N,14.205,[6N 22N 26Y 10N ],13.6667,0.0379
Y,Y,N,N,N,N,N,Y,N,N,Y,Y,N,Y,N,N,N,N,N,N,N,N,N,Y,Y,N,Y,Y,Y,N,N,Y,Y,N,Y,Y,N,N,N,13.230,[6N 22N 26N 3N ],14.9307,0.1285
Y,N,Y,Y,N,N,N,Y,N,N,Y,N,Y,Y,N,N,N,N,N,N,N,N,N,Y,Y,N,Y,Y,Y,N,N,Y,Y,N,Y,Y,N,N,N,14.342,[6N 22N 26N 3Y ],14.3777,0.0025
Y,N,N,N,N,N,N,Y,N,N,Y,N,N,Y,N,N,N,N,N,Y,N,Y,N,Y,Y,N,Y,Y,Y,N,N,Y,Y,N,Y,N,N,N,Y,14.789,[6N 22Y 29Y ],13.8765,0.0617
Y,N,N,N,N,N,N,Y,Y,N,Y,N,N,Y,N,N,N,N,Y,N,N,N,N,Y,Y,N,Y,Y,Y,N,N,Y,Y,N,Y,N,N,N,Y,15.138,[6N 22N 26N 3N ],14.9307,0.0137
Y,N,Y,N,N,N,Y,Y,N,N,Y,N,Y,Y,N,N,N,N,Y,N,N,N,N,Y,Y,N,Y,Y,Y,N,N,Y,Y,N,Y,Y,N,N,N,13.107,[6N 22N 26N 3Y ],14.3777,0.0969
Y,Y,Y,Y,N,N,N,Y,Y,Y,Y,N,Y,Y,Y,Y,Y,Y,Y,Y,Y,Y,Y,Y,Y,Y,N,Y,Y,N,N,Y,N,Y,Y,N,N,N,Y,14.614,[6N 22Y 29Y ],13.8765,0.0505
Y,N,N,N,N,N,N,Y,Y,N,Y,N,N,Y,N,N,N,N,N,N,N,N,Y,Y,Y,Y,N,Y,N,N,Y,Y,Y,N,Y,Y,N,N,N,13.558,[6N 22N 26Y 10N ],13.6667,0.0080
Y,N,N,N,N,N,N,Y,Y,Y,Y,N,N,Y,N,N,N,N,Y,N,N,N,N,Y,Y,Y,N,Y,Y,N,N,Y,Y,N,Y,Y,N,N,N,14.560,[6N 22N 26Y 10Y ],14.5610,0.0001
Y,N,N,N,N,N,N,Y,N,N,Y,N,N,Y,N,N,N,N,N,N,Y,N,N,Y,Y,Y,N,Y,Y,N,N,Y,Y,N,Y,N,N,Y,N,14.636,[6N 22N 26Y 10N ],13.6667,0.0662
Y,Y,N,N,N,N,N,Y,N,N,Y,N,N,Y,N,N,N,N,N,N,N,N,N,Y,Y,Y,N,Y,N,Y,N,Y,Y,N,Y,Y,N,N,N,14.698,[6N 22N 26Y 10N ],13.6667,0.0702
Y,N,N,N,N,N,N,Y,N,N,Y,N,N,Y,N,Y,N,Y,N,N,Y,N,N,Y,Y,Y,N,Y,Y,N,N,Y,Y,N,Y,Y,N,N,N,13.571,[6N 22N 26Y 10N ],13.6667,0.0070
Y,N,Y,N,N,Y,N,Y,N,Y,Y,N,N,Y,N,N,N,N,N,N,N,N,N,Y,Y,N,Y,Y,N,N,Y,Y,Y,N,Y,Y,N,N,N,14.755,[6Y ],15.0588,0.0206
Y,N,Y,N,N,N,Y,Y,N,N,Y,N,N,Y,Y,N,N,N,N,N,Y,N,N,Y,Y,N,Y,Y,Y,N,N,Y,Y,N,Y,Y,N,N,N,14.055,[6N 22N 26N 3Y ],14.3777,0.0230
Y,N,N,N,N,N,N,Y,N,N,Y,N,N,Y,Y,N,N,N,N,N,N,N,N,Y,Y,N,Y,Y,Y,N,N,Y,N,Y,Y,N,Y,N,N,15.619,[6N 22N 26N 3N ],14.9307,0.0441
Y,N,N,N,N,N,N,Y,N,N,Y,N,Y,Y,N,N,N,N,Y,Y,N,N,N,Y,Y,Y,N,Y,Y,N,N,Y,Y,N,Y,Y,N,N,N,13.294,[6N 22N 26Y 10N ],13.6667,0.0280
Y,N,Y,N,N,N,Y,Y,Y,N,Y,N,N,Y,N,N,N,N,Y,N,N,N,N,Y,Y,Y,N,Y,Y,N,N,Y,Y,N,Y,Y,N,N,N,16.182,[6N 22N 26Y 10N ],13.6667,0.1554
Y,N,Y,N,N,Y,N,Y,N,N,Y,N,N,Y,N,Y,N,N,N,N,N,N,N,Y,Y,N,Y,Y,Y,N,N,Y,Y,N,Y,N,N,Y,N,15.275,[6Y ],15.0588,0.0142
Y,N,N,N,N,N,N,Y,N,Y,Y,N,N,Y,N,N,N,N,Y,Y,N,N,N,Y,Y,N,Y,Y,Y,N,N,Y,Y,N,Y,Y,N,N,N,15.782,[6N 22N 26N 3N ],14.9307,0.0539
Y,N,Y,N,Y,N,N,Y,N,N,Y,N,N,Y,N,Y,N,N,N,N,N,N,N,Y,Y,N,Y,Y,Y,N,N,Y,Y,N,Y,N,N,Y,N,14.132,[6N 22N 26N 3Y ],14.3777,0.0174
Y,Y,Y,N,Y,N,N,Y,Y,Y,Y,Y,Y,Y,Y,Y,Y,Y,N,Y,Y,Y,Y,Y,Y,N,Y,Y,N,N,Y,Y,Y,N,Y,N,N,N,Y,14.077,[6N 22Y 29N ],13.7242,0.0251
Y,N,N,N,N,N,N,Y,Y,Y,Y,N,N,Y,N,N,N,N,N,N,Y,N,N,Y,Y,N,Y,Y,Y,N,N,Y,Y,N,Y,Y,N,N,N,14.168,[6N 22N 26N 3N ],14.9307,0.0538
Y,N,N,N,N,N,N,Y,N,Y,Y,N,N,Y,N,Y,N,N,N,N,N,N,N,Y,Y,Y,N,Y,Y,N,N,Y,N,Y,Y,Y,N,N,N,14.281,[6N 22N 26Y 10Y ],14.5610,0.0196
Y,Y,Y,N,N,Y,N,Y,N,N,Y,N,N,Y,N,N,N,N,N,N,Y,N,N,Y,Y,N,Y,Y,Y,N,N,Y,Y,N,Y,Y,N,N,N,15.392,[6Y ],15.0588,0.0216
Y,N,N,N,N,N,N,Y,N,N,Y,N,N,Y,N,N,Y,Y,N,N,N,N,N,Y,Y,N,Y,Y,N,Y,N,Y,Y,N,Y,Y,N,N,N,16.053,[6N 22N 26N 3N ],14.9307,0.0699
Y,N,N,N,N,N,N,Y,N,N,Y,N,N,Y,N,N,N,N,N,N,N,N,Y,Y,Y,Y,N,Y,Y,N,N,Y,Y,N,Y,Y,N,N,N,14.114,[6N 22N 26Y 10N ],13.6667,0.0317
Y,Y,N,N,N,N,N,Y,N,N,Y,N,N,Y,N,N,N,N,N,N,Y,N,N,Y,Y,N,Y,Y,Y,N,N,Y,N,Y,Y,Y,N,N,N,14.788,[6N 22N 26N 3N ],14.9307,0.0096
Y,N,N,N,N,N,N,Y,N,Y,Y,N,N,Y,N,N,Y,N,N,N,N,N,N,Y,Y,N,Y,Y,Y,N,N,Y,Y,N,Y,N,Y,N,N,15.632,[6N 22N 26N 3N ],14.9307,0.0449
Y,Y,N,N,N,N,N,Y,N,N,Y,N,N,Y,N,N,N,N,N,N,N,Y,N,Y,Y,Y,N,Y,N,N,Y,Y,Y,N,Y,Y,N,N,N,14.195,[6N 22Y 29N ],13.7242,0.0332
Y,N,N,N,N,N,N,Y,N,N,Y,N,N,Y,N,N,N,N,Y,N,N,N,N,Y,Y,Y,N,Y,Y,N,N,Y,Y,N,Y,N,N,Y,N,14.373,[6N 22N 26Y 10N ],13.6667,0.0491
Y,Y,N,N,N,N,N,Y,Y,N,Y,N,N,Y,N,N,N,N,N,N,N,N,N,Y,Y,N,Y,Y,Y,N,N,Y,N,Y,Y,Y,N,N,N,14.881,[6N 22N 26N 3N ],14.9307,0.0033
Y,N,Y,N,N,N,Y,Y,Y,N,Y,N,N,Y,N,N,N,N,N,N,N,N,N,Y,Y,Y,N,Y,Y,N,N,Y,N,Y,Y,Y,N,N,N,15.121,[6N 22N 26Y 10N ],13.6667,0.0962
Y,N,N,N,N,N,N,Y,N,N,Y,Y,N,Y,N,N,Y,N,N,N,N,N,N,Y,Y,Y,N,Y,Y,N,N,Y,Y,N,Y,Y,N,N,N,14.582,[6N 22N 26Y 10N ],13.6667,0.0628
Y,Y,Y,Y,N,N,N,Y,Y,Y,Y,Y,Y,Y,Y,Y,Y,Y,Y,Y,Y,N,Y,Y,Y,Y,N,Y,N,N,Y,Y,Y,N,Y,N,Y,N,N,13.542,[6N 22N 26Y 10Y ],14.5610,0.0752
Y,Y,Y,Y,N,N,N,Y,N,N,Y,N,N,Y,N,N,N,N,N,N,N,N,Y,Y,Y,Y,N,Y,Y,N,N,Y,Y,N,Y,Y,N,N,N,13.389,[6N 22N 26Y 10N ],13.6667,0.0207
Y,N,N,N,N,N,N,Y,N,N,Y,N,N,Y,N,N,Y,Y,N,N,N,N,N,Y,Y,N,Y,Y,N,N,Y,Y,Y,N,Y,Y,N,N,N,14.003,[6N 22N 26N 3N ],14.9307,0.0662
Y,Y,Y,N,N,Y,N,Y,N,N,Y,N,N,Y,N,N,N,N,N,N,N,N,N,Y,Y,N,Y,Y,Y,N,N,Y,Y,N,Y,N,N,N,Y,15.639,[6Y ],15.0588,0.0371
Y,N,Y,N,N,Y,N,Y,N,Y,Y,N,N,Y,N,N,N,N,N,N,N,N,N,Y,Y,Y,N,Y,Y,N,N,Y,Y,N,Y,N,N,Y,N,15.801,[6Y ],15.0588,0.0470
Y,Y,Y,N,N,N,Y,Y,N,N,Y,N,Y,Y,N,N,N,N,N,N,N,N,N,Y,Y,N,Y,Y,Y,N,N,Y,Y,N,Y,Y,N,N,N,13.980,[6N 22N 26N 3Y ],14.3777,0.0284
Y,N,Y,N,N,Y,N,Y,N,N,Y,N,N,Y,Y,N,N,N,N,N,N,N,N,Y,Y,N,Y,Y,Y,N,N,Y,N,Y,Y,Y,N,N,N,15.214,[6Y ],15.0588,0.0102
Y,N,Y,Y,N,N,N,Y,N,N,Y,N,N,Y,N,N,N,N,N,N,N,N,N,Y,Y,Y,N,Y,N,Y,N,Y,Y,N,Y,N,N,N,Y,14.700,[6N 22N 26Y 10N ],13.6667,0.0703
Y,N,Y,N,N,Y,N,Y,N,N,Y,N,N,Y,N,N,N,N,N,N,N,N,Y,Y,Y,N,Y,Y,Y,N,N,Y,N,Y,Y,Y,N,N,N,13.950,[6Y ],15.0588,0.0795
Y,N,N,N,N,N,N,Y,Y,N,Y,N,N,Y,N,N,N,N,Y,N,N,N,N,Y,Y,N,Y,Y,N,Y,N,Y,Y,N,Y,Y,N,N,N,13.788,[6N 22N 26N 3N ],14.9307,0.0829
Y,Y,Y,N,N,N,Y,Y,Y,Y,Y,N,Y,Y,Y,Y,Y,Y,Y,Y,Y,Y,Y,Y,Y,Y,N,Y,N,N,Y,Y,Y,N,Y,N,Y,N,N,13.298,[6N 22Y 29N ],13.7242,0.0321
Y,N,N,N,N,N,N,Y,N,N,Y,N,N,Y,N,N,N,Y,N,N,N,N,N,Y,Y,Y,N,Y,N,N,Y,Y,Y,N,Y,N,N,Y,N,13.709,[6N 22N 26Y 10N ],13.6667,0.0031
Y,Y,Y,N,N,Y,N,Y,Y,Y,Y,Y,Y,Y,Y,Y,Y,Y,Y,N,Y,Y,Y,Y,Y,N,Y,Y,Y,N,N,Y,N,Y,Y,N,N,Y,N,14.408,[6Y ],15.0588,0.0452
Y,N,N,N,N,N,N,Y,N,N,Y,N,N,Y,N,Y,N,N,N,N,N,N,Y,Y,Y,Y,N,Y,N,Y,N,Y,Y,N,Y,Y,N,N,N,14.723,[6N 22N 26Y 10N ],13.6667,0.0717
Y,N,Y,Y,N,N,N,Y,N,N,Y,Y,N,Y,N,N,N,N,N,N,N,N,N,Y,Y,Y,N,Y,N,N,Y,Y,Y,N,Y,Y,N,N,N,13.520,[6N 22N 26Y 10N ],13.6667,0.0108
Y,Y,Y,N,Y,N,N,Y,Y,Y,Y,Y,N,Y,Y,Y,Y,Y,Y,Y,Y,Y,Y,Y,Y,N,Y,Y,N,Y,N,Y,N,Y,Y,N,N,N,Y,13.168,[6N 22Y 29N ],13.7242,0.0422
Y,Y,Y,N,N,Y,N,Y,Y,Y,Y,Y,Y,Y,Y,N,Y,Y,Y,Y,Y,Y,Y,Y,Y,Y,N,Y,N,N,Y,Y,Y,N,Y,N,N,Y,N,14.242,[6Y ],15.0588,0.0574
Y,N,Y,Y,N,N,N,Y,N,Y,Y,N,N,Y,N,N,N,N,N,N,N,N,N,Y,Y,N,Y,Y,Y,N,N,Y,Y,N,Y,Y,N,N,N,14.232,[6N 22N 26N 3Y ],14.3777,0.0102
Y,N,N,N,N,N,N,Y,N,Y,Y,N,Y,Y,N,N,N,N,Y,N,N,N,N,Y,Y,Y,N,Y,Y,N,N,Y,Y,N,Y,Y,N,N,N,14.628,[6N 22N 26Y 10Y ],14.5610,0.0046
Y,N,Y,N,N,Y,N,Y,N,N,Y,N,N,Y,N,Y,N,N,Y,N,N,N,N,Y,Y,N,Y,Y,Y,N,N,Y,Y,N,Y,Y,N,N,N,14.104,[6Y ],15.0588,0.0677
Y,N,N,N,N,N,N,Y,N,N,Y,N,N,Y,Y,N,N,N,N,N,N,N,N,Y,Y,N,Y,Y,Y,N,N,Y,Y,N,Y,N,N,Y,N,13.351,[6N 22N 26N 3N ],14.9307,0.1183
Y,N,Y,Y,N,N,N,Y,N,N,Y,N,N,Y,N,N,N,N,N,N,Y,N,Y,Y,Y,Y,N,Y,Y,N,N,Y,Y,N,Y,Y,N,N,N,14.321,[6N 22N 26Y 10N ],13.6667,0.0457
Y,N,N,N,N,N,N,Y,N,Y,Y,N,N,Y,N,N,N,Y,N,N,N,N,N,Y,Y,Y,N,Y,Y,N,N,Y,Y,N,Y,Y,N,N,N,14.777,[6N 22N 26Y 10Y ],14.5610,0.0146
Y,N,N,N,N,N,N,Y,N,N,Y,N,N,Y,N,N,N,N,N,N,Y,N,Y,Y,Y,N,Y,Y,Y,N,N,Y,N,Y,Y,Y,N,N,N,14.518,[6N 22N 26N 3N ],14.9307,0.0284
Y,N,Y,N,N,N,Y,Y,N,N,Y,N,N,Y,N,Y,N,N,N,N,N,N,Y,Y,Y,N,Y,Y,Y,N,N,Y,Y,N,Y,Y,N,N,N,13.459,[6N 22N 26N 3Y ],14.3777,0.0683
Y,Y,N,N,N,N,N,Y,Y,N,Y,N,N,Y,N,N,N,N,N,N,N,N,N,Y,Y,N,Y,Y,Y,N,N,Y,Y,N,Y,N,Y,N,N,15.704,[6N 22N 26N 3N ],14.9307,0.0492
Y,N,N,N,N,N,N,Y,N,Y,Y,N,Y,Y,N,N,N,Y,N,N,N,N,N,Y,Y,N,Y,Y,Y,N,N,Y,Y,N,Y,Y,N,N,N,15.982,[6N 22N 26N 3N ],14.9307,0.0658
Y,N,N,N,N,N,N,Y,N,N,Y,N,N,Y,Y,N,N,N,N,N,N,N,N,Y,Y,N,Y,Y,Y,N,N,Y,Y,N,Y,N,Y,N,N,13.514,[6N 22N 26N 3N ],14.9307,0.1048
Y,N,Y,Y,N,N,N,Y,N,N,Y,N,N,Y,N,Y,N,N,N,N,N,Y,N,Y,Y,N,Y,Y,Y,N,N,Y,Y,N,Y,Y,N,N,N,13.131,[6N 22Y 29Y ],13.8765,0.0568
Y,N,N,N,N,N,N,Y,N,N,Y,N,N,Y,N,Y,Y,N,N,N,N,N,N,Y,Y,Y,N,Y,N,Y,N,Y,Y,N,Y,Y,N,N,N,14.560,[6N 22N 26Y 10N ],13.6667,0.0614
Y,N,N,N,N,N,N,Y,N,N,Y,N,N,Y,Y,N,N,N,N,N,N,N,N,Y,Y,N,Y,Y,N,N,Y,Y,Y,N,Y,Y,N,N,N,13.752,[6N 22N 26N 3N ],14.9307,0.0857
Y,N,Y,N,N,N,Y,Y,N,Y,Y,N,N,Y,N,N,N,N,N,Y,N,N,N,Y,Y,N,Y,Y,Y,N,N,Y,Y,N,Y,Y,N,N,N,14.442,[6N 22N 26N 3Y ],14.3777,0.0045
Y,Y,N,N,N,N,N,Y,Y,N,Y,N,N,Y,N,N,N,Y,N,N,N,N,N,Y,Y,Y,N,Y,Y,N,N,Y,Y,N,Y,Y,N,N,N,16.078,[6N 22N 26Y 10N ],13.6667,0.1500
Y,N,N,N,N,N,N,Y,Y,N,Y,N,N,Y,N,N,N,N,Y,N,Y,N,N,Y,Y,Y,N,Y,Y,N,N,Y,Y,N,Y,Y,N,N,N,15.013,[6N 22N 26Y 10N ],13.6667,0.0897
Y,N,N,N,N,N,N,Y,N,Y,Y,N,Y,Y,N,Y,N,N,N,N,N,N,N,Y,Y,N,Y,Y,Y,N,N,Y,Y,N,Y,Y,N,N,N,15.975,[6N 22N 26N 3N ],14.9307,0.0654
Y,N,N,N,N,N,N,Y,N,N,Y,N,N,Y,Y,N,N,Y,N,N,N,N,N,Y,Y,Y,N,Y,N,Y,N,Y,Y,N,Y,Y,N,N,N,14.830,[6N 22N 26Y 10N ],13.6667,0.0784
Y,N,Y,Y,N,N,N,Y,N,Y,Y,N,N,Y,N,N,N,N,Y,N,N,N,N,Y,Y,Y,N,Y,Y,N,N,Y,Y,N,Y,Y,N,N,N,13.847,[6N 22N 26Y 10Y ],14.5610,0.0516
Y,N,Y,N,N,Y,N,Y,N,N,Y,N,N,Y,N,N,N,N,N,N,N,Y,N,Y,Y,N,Y,Y,Y,N,N,Y,Y,N,Y,N,N,Y,N,14.531,[6Y ],15.0588,0.0363
Y,N,Y,N,N,N,Y,Y,N,N,Y,Y,N,Y,N,N,N,N,Y,N,N,N,N,Y,Y,N,Y,Y,Y,N,N,Y,Y,N,Y,Y,N,N,N,14.036,[6N 22N 26N 3Y ],14.3777,0.0243
Y,N,Y,N,N,Y,N,Y,N,N,Y,N,N,Y,N,N,N,N,N,N,N,N,N,Y,Y,Y,N,Y,Y,N,N,Y,N,Y,Y,N,N,Y,N,14.702,[6Y ],15.0588,0.0243
Y,N,N,N,N,N,N,Y,Y,N,Y,N,Y,Y,N,N,N,N,Y,N,N,N,N,Y,Y,Y,N,Y,Y,N,N,Y,Y,N,Y,Y,N,N,N,14.580,[6N 22N 26Y 10N ],13.6667,0.0626
Y,Y,N,N,N,N,N,Y,N,N,Y,N,N,Y,Y,N,N,N,N,N,N,N,N,Y,Y,Y,N,Y,N,Y,N,Y,Y,N,Y,Y,N,N,N,13.930,[6N 22N 26Y 10N ],13.6667,0.0189
Y,N,N,N,N,N,N,Y,N,Y,Y,N,N,Y,N,N,N,N,N,N,N,Y,N,Y,Y,Y,N,Y,N,N,Y,Y,Y,N,Y,Y,N,N,N,14.546,[6N 22Y 29N ],13.7242,0.0565
Y,N,N,N,N,N,N,Y,N,N,Y,N,N,Y,N,N,N,N,N,N,Y,N,N,Y,Y,N,Y,Y,Y,N,N,Y,N,Y,Y,Y,N,N,N,13.989,[6N 22N 26N 3N ],14.9307,0.0673
Y,N,N,N,N,N,N,Y,N,N,Y,N,N,Y,N,N,N,N,N,N,N,Y,Y,Y,Y,Y,N,Y,N,Y,N,Y,Y,N,Y,Y,N,N,N,14.280,[6N 22Y 29N ],13.7242,0.0389
Y,Y,N,N,N,N,N,Y,N,N,Y,N,N,Y,N,Y,N,N,N,N,N,N,N,Y,Y,Y,N,Y,Y,N,N,Y,Y,N,Y,N,N,Y,N,14.441,[6N 22N 26Y 10N ],13.6667,0.0536
Y,N,N,N,N,N,N,Y,N,N,Y,N,Y,Y,Y,N,N,Y,N,N,N,N,N,Y,Y,Y,N,Y,Y,N,N,Y,Y,N,Y,Y,N,N,N,15.305,[6N 22N 26Y 10N ],13.6667,0.1070
Y,N,N,N,N,N,N,Y,N,N,Y,N,N,Y,Y,N,N,Y,N,N,N,N,N,Y,Y,Y,N,Y,Y,N,N,Y,N,Y,Y,Y,N,N,N,13.596,[6N 22N 26Y 10N ],13.6667,0.0052
Y,N,Y,N,N,Y,N,Y,Y,Y,Y,Y,Y,Y,Y,Y,Y,Y,Y,Y,Y,Y,Y,Y,Y,Y,N,Y,N,N,Y,Y,Y,N,Y,N,N,Y,N,14.514,[6Y ],15.0588,0.0375
Y,N,Y,Y,N,N,N,Y,N,N,Y,N,Y,Y,N,N,N,N,N,N,Y,N,N,Y,Y,N,Y,Y,Y,N,N,Y,Y,N,Y,Y,N,N,N,15.853,[6N 22N 26N 3Y ],14.3777,0.0931
Y,Y,N,N,N,N,N,Y,N,Y,Y,N,N,Y,N,N,N,N,N,N,N,N,N,Y,Y,Y,N,Y,Y,N,N,Y,Y,N,Y,Y,N,N,N,13.426,[6N 22N 26Y 10Y ],14.5610,0.0845
Y,N,Y,N,N,Y,N,Y,N,N,Y,N,Y,Y,N,N,N,N,N,N,N,N,Y,Y,Y,N,Y,Y,Y,N,N,Y,Y,N,Y,Y,N,N,N,13.636,[6Y ],15.0588,0.1043
Y,N,N,N,N,N,N,Y,N,N,Y,N,N,Y,N,N,N,N,Y,N,Y,N,N,Y,Y,N,Y,Y,Y,N,N,Y,N,Y,Y,Y,N,N,N,15.094,[6N 22N 26N 3N ],14.9307,0.0108
Y,N,N,N,N,N,N,Y,N,Y,Y,Y,N,Y,N,N,N,N,N,N,N,Y,N,Y,Y,N,Y,Y,Y,N,N,Y,Y,N,Y,Y,N,N,N,14.540,[6N 22Y 29Y ],13.8765,0.0456
Y,Y,Y,N,N,Y,N,Y,Y,Y,Y,Y,Y,Y,N,Y,Y,Y,Y,Y,Y,Y,Y,Y,Y,Y,N,Y,N,N,Y,Y,Y,N,Y,N,N,Y,N,14.582,[6Y ],15.0588,0.0327
Y,N,N,N,N,N,N,Y,N,N,Y,N,N,Y,N,N,N,Y,N,N,Y,N,N,Y,Y,Y,N,Y,Y,N,N,Y,Y,N,Y,N,N,N,Y,14.258,[6N 22N 26Y 10N ],13.6667,0.0415
Y,Y,N,N,N,N,N,Y,N,N,Y,N,N,Y,N,N,N,N,N,N,Y,N,N,Y,Y,Y,N,Y,Y,N,N,Y,N,Y,Y,Y,N,N,N,13.836,[6N 22N 26Y 10N ],13.6667,0.0122
Y,N,Y,N,Y,N,N,Y,N,N,Y,Y,N,Y,N,N,N,N,N,N,N,N,N,Y,Y,Y,N,Y,Y,N,N,Y,Y,N,Y,N,N,Y,N,15.599,[6N 22N 26Y 10N ],13.6667,0.1239
Y,N,N,N,N,N,N,Y,N,Y,Y,N,N,Y,N,N,N,N,N,N,Y,N,N,Y,Y,Y,N,Y,Y,N,N,Y,Y,N,Y,N,N,N,Y,13.748,[6N 22N 26Y 10Y ],14.5610,0.0591
Y,N,N,N,N,N,N,Y,N,N,Y,N,N,Y,N,N,Y,N,N,N,N,N,N,Y,Y,N,Y,Y,Y,N,N,Y,Y,N,Y,Y,N,N,N,14.297,[6N 22N 26N 3N ],14.9307,0.0443
Y,N,N,N,N,N,N,Y,N,N,Y,N,N,Y,N,Y,N,N,Y,N,N,N,N,Y,Y,N,Y,Y,Y,N,N,Y,Y,N,Y,N,N,N,Y,15.391,[6N 22N 26N 3N ],14.9307,0.0299
Y,N,N,N,N,N,N,Y,N,N,Y,Y,N,Y,N,Y,N,N,N,N,Y,N,N,Y,Y,N,Y,Y,Y,N,N,Y,Y,N,Y,Y,N,N,N,15.125,[6N 22N 26N 3N ],14.9307,0.0128
Y,N,Y,N,N,Y,N,Y,N,N,Y,N,N,Y,N,Y,N,N,N,N,N,N,N,Y,Y,Y,N,Y,Y,N,N,Y,Y,N,Y,Y,N,N,N,14.702,[6Y ],15.0588,0.0243
Y,Y,Y,N,N,N,Y,Y,Y,Y,Y,Y,Y,Y,Y,Y,N,Y,Y,Y,Y,Y,Y,Y,Y,Y,N,Y,Y,N,N,Y,N,Y,Y,N,N,N,Y,14.120,[6N 22Y 29Y ],13.8765,0.0172
Y,N,N,N,N,N,N,Y,N,Y,Y,Y,N,Y,N,N,N,N,N,N,N,N,Y,Y,Y,N,Y,Y,Y,N,N,Y,Y,N,Y,Y,N,N,N,13.840,[6N 22N 26N 3N ],14.9307,0.0788
Y,N,Y,N,N,Y,N,Y,N,N,Y,Y,N,Y,Y,N,N,N,N,N,N,N,N,Y,Y,N,Y,Y,Y,N,N,Y,Y,N,Y,Y,N,N,N,14.733,[6Y ],15.0588,0.0221
Y,Y,Y,N,N,Y,N,Y,Y,Y,Y,Y,N,Y,Y,Y,Y,Y,Y,Y,Y,Y,Y,Y,Y,Y,N,Y,Y,N,N,Y,N,Y,Y,N,N,N,Y,14.604,[6Y ],15.0588,0.0311
Y,N,N,N,N,N,N,Y,N,N,Y,N,N,Y,N,N,Y,N,N,Y,N,N,N,Y,Y,N,Y,Y,Y,N,N,Y,Y,N,Y,N,N,Y,N,14.686,[6N 22N 26N 3N ],14.9307,0.0167
Y,N,N,N,N,N,N,Y,N,N,Y,Y,N,Y,N,N,N,Y,Y,N,N,N,N,Y,Y,N,Y,Y,Y,N,N,Y,Y,N,Y,Y,N,N,N,14.154,[6N 22N 26N 3N ],14.9307,0.0549
Y,N,N,N,N,N,N,Y,N,N,Y,N,N,Y,N,Y,N,N,Y,N,N,Y,N,Y,Y,N,Y,Y,Y,N,N,Y,Y,N,Y,Y,N,N,N,14.109,[6N 22Y 29Y ],13.8765,0.0165
Y,Y,Y,N,Y,N,N,Y,Y,Y,Y,Y,Y,Y,Y,Y,Y,Y,Y,N,Y,Y,Y,Y,Y,Y,N,Y,Y,N,N,Y,Y,N,Y,N,N,Y,N,14.221,[6N 22Y 29Y ],13.8765,0.0242
Y,Y,Y,Y,N,N,N,Y,N,N,Y,N,N,Y,N,N,N,Y,N,N,N,N,N,Y,Y,N,Y,Y,Y,N,N,Y,Y,N,Y,Y,N,N,N,13.155,[6N 22N 26N 3Y ],14.3777,0.0929
Y,Y,N,N,N,N,N,Y,N,N,Y,N,N,Y,N,N,N,N,N,Y,N,N,N,Y,Y,Y,N,Y,Y,N,N,Y,Y,N,Y,N,N,N,Y,13.082,[6N 22N 26Y 10N ],13.6667,0.0447
Y,N,N,N,N,N,N,Y,N,N,Y,N,Y,Y,N,N,N,N,N,N,N,N,Y,Y,Y,N,Y,Y,Y,N,N,Y,Y,N,Y,N,N,N,Y,14.107,[6N 22N 26N 3N ],14.9307,0.0584
Y,N,N,N,N,N,N,Y,N,N,Y,N,N,Y,N,Y,N,N,Y,Y,N,N,N,Y,Y,Y,N,Y,Y,N,N,Y,Y,N,Y,Y,N,N,N,14.098,[6N 22N 26Y 10N ],13.6667,0.0306
Y,N,N,N,N,N,N,Y,N,N,Y,N,N,Y,N,Y,N,Y,N,N,N,N,N,Y,Y,Y,N,Y,Y,N,N,Y,Y,N,Y,N,Y,N,N,13.840,[6N 22N 26Y 10N ],13.6667,0.0125
Y,N,N,N,N,N,N,Y,N,Y,Y,N,N,Y,N,N,N,N,N,N,N,N,Y,Y,Y,N,Y,Y,Y,N,N,Y,Y,N,Y,N,Y,N,N,15.930,[6N 22N 26N 3N ],14.9307,0.0627
Y,N,Y,N,N,N,Y,Y,N,N,Y,N,Y,Y,N,N,N,Y,N,N,N,N,N,Y,Y,Y,N,Y,Y,N,N,Y,Y,N,Y,Y,N,N,N,15.626,[6N 22N 26Y 10N ],13.6667,0.1254
Y,Y,Y,N,Y,N,N,Y,Y,Y,Y,Y,Y,Y,Y,Y,Y,N,Y,Y,Y,Y,Y,Y,Y,Y,N,Y,Y,N,N,Y,Y,N,Y,N,Y,N,N,14.263,[6N 22Y 29Y ],13.8765,0.0271
Y,N,N,N,N,N,N,Y,N,N,Y,N,N,Y,N,N,N,N,Y,N,N,Y,Y,Y,Y,N,Y,Y,Y,N,N,Y,Y,N,Y,Y,N,N,N,14.048,[6N 22Y 29Y ],13.8765,0.0122
Y,N,Y,Y,N,N,N,Y,N,N,Y,N,N,Y,N,N,N,N,N,Y,N,N,N,Y,Y,N,Y,Y,Y,N,N,Y,Y,N,Y,N,N,N,Y,13.094,[6N 22N 26N 3Y ],14.3777,0.0980
Y,N,Y,N,Y,N,N,Y,N,N,Y,Y,N,Y,N,N,N,N,N,N,N,N,N,Y,Y,N,Y,Y,Y,N,N,Y,Y,N,Y,N,Y,N,N,14.512,[6N 22N 26N 3Y ],14.3777,0.0093
Y,N,N,N,N,N,N,Y,N,N,Y,N,N,Y,N,N,N,Y,N,N,N,Y,N,Y,Y,Y,N,Y,Y,N,N,Y,Y,N,Y,N,Y,N,N,14.014,[6N 22Y 29Y ],13.8765,0.0098
Y,Y,N,N,N,N,N,Y,Y,Y,Y,Y,Y,Y,Y,Y,Y,Y,Y,Y,Y,Y,Y,Y,Y,N,Y,Y,N,N,Y,Y,Y,N,Y,N,N,N,Y,14.538,[6N 22Y 29N ],13.7242,0.0560
Y,N,N,N,N,N,N,Y,N,N,Y,Y,N,Y,N,N,N,N,N,N,N,N,N,Y,Y,Y,N,Y,Y,N,N,Y,Y,N,Y,N,Y,N,N,14.292,[6N 22N 26Y 10N ],13.6667,0.0438
Y,N,Y,Y,N,N,N,Y,N,N,Y,N,Y,Y,N,N,Y,N,N,N,N,N,N,Y,Y,Y,N,Y,Y,N,N,Y,Y,N,Y,Y,N,N,N,14.112,[6N 22N 26Y 10N ],13.6667,0.0316
Y,N,N,N,N,N,N,Y,N,N,Y,N,N,Y,N,Y,N,N,N,N,N,N,N,Y,Y,N,Y,Y,Y,N,N,Y,Y,N,Y,Y,N,N,N,13.800,[6N 22N 26N 3N ],14.9307,0.0819
Y,N,Y,N,Y,N,N,Y,N,N,Y,N,N,Y,N,N,N,N,Y,N,N,N,Y,Y,Y,N,Y,Y,Y,N,N,Y,Y,N,Y,Y,N,N,N,14.452,[6N 22N 26N 3Y ],14.3777,0.0051
Y,Y,N,N,N,N,N,Y,N,N,Y,N,Y,Y,Y,N,N,N,N,N,N,N,N,Y,Y,N,Y,Y,Y,N,N,Y,Y,N,Y,Y,N,N,N,15.002,[6N 22N 26N 3N ],14.9307,0.0048
Y,Y,N,N,N,N,N,Y,N,N,Y,N,Y,Y,Y,N,N,N,N,N,N,N,N,Y,Y,Y,N,Y,Y,N,N,Y,Y,N,Y,Y,N,N,N,15.362,[6N 22N 26Y 10N ],13.6667,0.1104
Y,N,N,N,N,N,N,Y,N,N,Y,N,N,Y,N,N,N,N,Y,N,N,Y,N,Y,Y,N,Y,Y,Y,N,N,Y,Y,N,Y,N,N,N,Y,14.978,[6N 22Y 29Y ],13.8765,0.0735
Y,N,Y,N,Y,N,N,Y,N,N,Y,N,N,Y,N,N,N,N,N,N,N,N,N,Y,Y,N,Y,Y,Y,N,N,Y,Y,N,Y,Y,N,N,N,15.315,[6N 22N 26N 3Y ],14.3777,0.0612
Y,N,N,N,N,N,N,Y,N,N,Y,N,N,Y,N,N,N,N,N,N,N,N,Y,Y,Y,Y,N,Y,Y,N,N,Y,N,Y,Y,Y,N,N,N,14.584,[6N 22N 26Y 10N ],13.6667,0.0629
Y,N,N,N,N,N,N,Y,N,N,Y,N,Y,Y,N,N,Y,N,N,N,N,N,N,Y,Y,Y,N,Y,Y,N,N,Y,N,Y,Y,Y,N,N,N,13.828,[6N 22N 26Y 10N ],13.6667,0.0117
Y,N,Y,N,N,Y,N,Y,N,N,Y,N,Y,Y,N,N,N,N,N,N,N,N,N,Y,Y,Y,N,Y,Y,N,N,Y,N,Y,Y,Y,N,N,N,15.570,[6Y ],15.0588,0.0328
Y,N,N,N,N,N,N,Y,N,Y,Y,N,N,Y,N,Y,N,N,N,N,N,N,N,Y,Y,N,Y,Y,Y,N,N,Y,N,Y,Y,Y,N,N,N,15.192,[6N 22N 26N 3N ],14.9307,0.0172
Y,N,N,N,N,N,N,Y,N,N,Y,N,N,Y,Y,Y,N,N,N,N,N,N,N,Y,Y,N,Y,Y,N,Y,N,Y,Y,N,Y,Y,N,N,N,15.284,[6N 22N 26N 3N ],14.9307,0.0231
Y,N,Y,N,Y,N,N,Y,N,N,Y,N,N,Y,N,N,N,Y,N,N,N,N,N,Y,Y,Y,N,Y,Y,N,N,Y,Y,N,Y,Y,N,N,N,14.576,[6N 22N 26Y 10N ],13.6667,0.0624
Y,N,Y,N,Y,N,N,Y,N,N,Y,N,N,Y,N,N,N,N,N,N,N,N,N,Y,Y,Y,N,Y,Y,N,N,Y,Y,N,Y,N,Y,N,N,14.861,[6N 22N 26Y 10N ],13.6667,0.0804
Y,Y,Y,N,N,N,Y,Y,Y,Y,Y,Y,Y,Y,Y,Y,Y,Y,Y,Y,Y,N,Y,Y,Y,Y,N,Y,N,N,Y,Y,N,Y,Y,Y,N,N,N,14.248,[6N 22N 26Y 10Y ],14.5610,0.0220
Y,Y,Y,N,N,N,Y,Y,Y,Y,Y,Y,Y,Y,Y,Y,Y,Y,Y,Y,Y,N,Y,Y,Y,Y,N,Y,N,N,Y,Y,Y,N,Y,Y,N,N,N,14.823,[6N 22N 26Y 10Y ],14.5610,0.0177
Y,N,Y,N,N,N,Y,Y,N,N,Y,N,N,Y,N,N,N,N,N,N,Y,N,N,Y,Y,N,Y,Y,Y,N,N,Y,Y,N,Y,N,Y,N,N,14.640,[6N 22N 26N 3Y ],14.3777,0.0179
Y,N,Y,Y,N,N,N,Y,N,N,Y,N,N,Y,N,N,N,N,N,N,N,N,N,Y,Y,Y,N,Y,N,N,Y,Y,Y,N,Y,N,Y,N,N,14.735,[6N 22N 26Y 10N ],13.6667,0.0725
Y,N,Y,N,N,N,Y,Y,N,N,Y,N,N,Y,N,N,N,Y,N,N,N,N,N,Y,Y,N,Y,Y,Y,N,N,Y,Y,N,Y,Y,N,N,N,13.517,[6N 22N 26N 3Y ],14.3777,0.0637
Y,N,N,N,N,N,N,Y,N,N,Y,N,N,Y,N,N,Y,N,N,N,N,N,N,Y,Y,N,Y,Y,N,Y,N,Y,Y,N,Y,N,N,Y,N,14.398,[6N 22N 26N 3N ],14.9307,0.0370
Y,N,Y,N,N,N,Y,Y,N,N,Y,N,N,Y,N,N,N,N,N,N,N,N,N,Y,Y,Y,N,Y,N,N,Y,Y,N,Y,Y,Y,N,N,N,15.069,[6N 22N 26Y 10N ],13.6667,0.0931
Y,N,Y,N,N,N,Y,Y,N,N,Y,N,N,Y,N,N,N,N,N,N,N,N,Y,Y,Y,Y,N,Y,Y,N,N,Y,Y,N,Y,N,N,N,Y,14.132,[6N 22N 26Y 10N ],13.6667,0.0329
Y,N,N,N,N,N,N,Y,N,N,Y,N,N,Y,Y,N,N,N,N,N,N,N,N,Y,Y,Y,N,Y,N,N,Y,Y,Y,N,Y,Y,N,N,N,14.111,[6N 22N 26Y 10N ],13.6667,0.0315
Y,N,N,N,N,N,N,Y,N,N,Y,N,N,Y,N,N,N,N,Y,N,N,Y,N,Y,Y,N,Y,Y,N,Y,N,Y,Y,N,Y,Y,N,N,N,15.061,[6N 22Y 29N ],13.7242,0.0888
Y,Y,Y,N,N,Y,N,Y,Y,Y,Y,Y,Y,Y,Y,Y,Y,Y,Y,Y,N,Y,Y,Y,Y,Y,N,Y,Y,N,N,Y,N,Y,Y,N,N,N,Y,15.022,[6Y ],15.0588,0.0025
Y,Y,Y,N,N,Y,N,Y,N,N,Y,N,N,Y,N,N,N,N,N,N,N,N,N,Y,Y,N,Y,Y,N,Y,N,Y,Y,N,Y,Y,N,N,N,15.514,[6Y ],15.0588,0.0293
Y,N,Y,N,Y,N,N,Y,N,N,Y,N,N,Y,Y,N,N,N,N,N,Y,N,N,Y,Y,Y,N,Y,Y,N,N,Y,Y,N,Y,Y,N,N,N,15.588,[6N 22N 26Y 10N ],13.6667,0.1233
Y,N,Y,N,Y,N,N,Y,N,N,Y,Y,N,Y,N,N,N,N,N,N,N,Y,N,Y,Y,Y,N,Y,Y,N,N,Y,Y,N,Y,Y,N,N,N,15.597,[6N 22Y 29Y ],13.8765,0.1103
Y,N,N,N,N,N,N,Y,N,N,Y,N,N,Y,N,N,N,N,N,N,Y,N,N,Y,Y,Y,N,Y,N,Y,N,Y,Y,N,Y,Y,N,N,N,13.926,[6N 22N 26Y 10N ],13.6667,0.0186
Y,N,N,N,N,N,N,Y,Y,Y,Y,N,N,Y,N,N,N,Y,N,N,N,N,N,Y,Y,Y,N,Y,Y,N,N,Y,Y,N,Y,Y,N,N,N,14.215,[6N 22N 26Y 10Y ],14.5610,0.0243
Y,N,N,N,N,N,N,Y,N,N,Y,N,N,Y,N,N,N,N,N,N,N,N,N,Y,Y,Y,N,Y,Y,N,N,Y,Y,N,Y,N,Y,N,N,14.437,[6N 22N 26Y 10N ],13.6667,0.0534
Y,N,Y,N,N,N,Y,Y,N,N,Y,N,N,Y,N,N,N,Y,N,N,Y,N,N,Y,Y,N,Y,Y,Y,N,N,Y,Y,N,Y,Y,N,N,N,13.817,[6N 22N 26N 3Y ],14.3777,0.0406
Y,N,Y,N,N,N,Y,Y,N,Y,Y,N,N,Y,N,N,N,N,N,N,N,N,N,Y,Y,N,Y,Y,N,N,Y,Y,Y,N,Y,N,N,Y,N,13.233,[6N 22N 26N 3Y ],14.3777,0.0865
Y,Y,N,N,N,N,N,Y,N,N,Y,N,Y,Y,N,N,N,N,N,Y,N,N,N,Y,Y,Y,N,Y,Y,N,N,Y,Y,N,Y,Y,N,N,N,15.280,[6N 22N 26Y 10N ],13.6667,0.1056
Y,Y,Y,N,Y,N,N,Y,N,N,Y,N,N,Y,N,N,N,N,N,N,N,N,N,Y,Y,Y,N,Y,N,Y,N,Y,Y,N,Y,Y,N,N,N,14.495,[6N 22N 26Y 10N ],13.6667,0.0571
Y,N,Y,N,N,Y,N,Y,N,N,Y,N,N,Y,N,N,N,N,Y,N,N,N,Y,Y,Y,N,Y,Y,Y,N,N,Y,Y,N,Y,Y,N,N,N,14.045,[6Y ],15.0588,0.0722
Y,N,Y,N,N,Y,N,Y,N,N,Y,N,Y,Y,N,N,N,N,N,N,N,N,N,Y,Y,N,Y,Y,N,Y,N,Y,Y,N,Y,Y,N,N,N,15.137,[6Y ],15.0588,0.0052
Y,N,Y,N,N,N,Y,Y,N,N,Y,N,N,Y,N,N,N,N,N,N,N,N,N,Y,Y,Y,N,Y,Y,N,N,Y,Y,N,Y,Y,N,N,N,14.674,[6N 22N 26Y 10N ],13.6667,0.0686
Y,N,N,N,N,N,N,Y,N,N,Y,N,N,Y,N,N,N,N,Y,N,N,N,N,Y,Y,Y,N,Y,N,N,Y,Y,Y,N,Y,Y,N,N,N,14.193,[6N 22N 26Y 10N ],13.6667,0.0371
Y,N,N,N,N,N,N,Y,N,N,Y,N,N,Y,N,N,Y,N,Y,N,N,N,N,Y,Y,Y,N,Y,Y,N,N,Y,Y,N,Y,N,N,Y,N,14.090,[6N 22N 26Y 10N ],13.6667,0.0300
Y,N,N,N,N,N,N,Y,N,N,Y,N,Y,Y,N,Y,N,N,N,N,N,N,N,Y,Y,Y,N,Y,Y,N,N,Y,Y,N,Y,N,N,N,Y,14.244,[6N 22N 26Y 10N ],13.6667,0.0405
Y,N,N,N,N,N,N,Y,Y,N,Y,N,N,Y,N,N,Y,N,N,N,N,N,N,Y,Y,N,Y,Y,Y,N,N,Y,Y,N,Y,N,N,N,Y,14.612,[6N 22N 26N 3N ],14.9307,0.0218
Y,Y,Y,N,N,Y,N,Y,N,N,Y,N,N,Y,N,N,N,N,N,N,N,N,N,Y,Y,N,Y,Y,Y,N,N,Y,N,Y,Y,Y,N,N,N,14.443,[6Y ],15.0588,0.0426
Y,Y,N,N,N,N,N,Y,Y,N,Y,N,N,Y,N,N,N,N,N,N,N,Y,N,Y,Y,N,Y,Y,Y,N,N,Y,Y,N,Y,Y,N,N,N,14.904,[6N 22Y 29Y ],13.8765,0.0689
Y,N,Y,Y,N,N,N,Y,N,N,Y,N,N,Y,N,N,N,N,N,N,N,Y,N,Y,Y,Y,N,Y,Y,N,N,Y,Y,N,Y,N,N,Y,N,13.546,[6N 22Y 29Y ],13.8765,0.0244
Y,N,Y,N,N,Y,N,Y,N,N,Y,N,N,Y,Y,N,N,N,N,N,N,N,N,Y,Y,Y,N,Y,Y,N,N,Y,N,Y,Y,Y,N,N,N,15.572,[6Y ],15.0588,0.0330
Y,N,Y,N,N,Y,N,Y,N,N,Y,N,N,Y,N,N,N,N,N,N,N,N,N,Y,Y,Y,N,Y,N,N,Y,Y,Y,N,Y,Y,N,N,N,15.344,[6Y ],15.0588,0.0186
Y,N,N,N,N,N,N,Y,Y,N,Y,N,N,Y,N,N,Y,N,N,N,Y,N,N,Y,Y,Y,N,Y,Y,N,N,Y,Y,N,Y,Y,N,N,N,15.033,[6N 22N 26Y 10N ],13.6667,0.0909
Y,N,Y,N,Y,N,N,Y,N,N,Y,N,N,Y,N,N,N,Y,N,N,N,N,N,Y,Y,N,Y,Y,N,Y,N,Y,Y,N,Y,Y,N,N,N,14.868,[6N 22N 26N 3Y ],14.3777,0.0330
Y,Y,N,N,N,N,N,Y,Y,N,Y,N,N,Y,N,N,N,N,N,N,N,N,N,Y,Y,Y,N,Y,Y,N,N,Y,Y,N,Y,Y,N,N,N,14.584,[6N 22N 26Y 10N ],13.6667,0.0629
Y,Y,N,N,N,N,N,Y,N,N,Y,N,N,Y,N,Y,N,N,N,N,N,N,N,Y,Y,Y,N,Y,Y,N,N,Y,Y,N,Y,Y,N,N,N,14.694,[6N 22N 26Y 10N ],13.6667,0.0699
Y,N,N,N,N,N,N,Y,N,Y,Y,N,N,Y,N,N,N,N,Y,N,N,N,Y,Y,Y,N,Y,Y,Y,N,N,Y,Y,N,Y,Y,N,N,N,13.965,[6N 22N 26N 3N ],14.9307,0.0691
Y,Y,N,N,N,N,N,Y,Y,N,Y,N,N,Y,N,N,N,N,N,N,N,N,N,Y,Y,Y,N,Y,Y,N,N,Y,N,Y,Y,Y,N,N,N,14.315,[6N 22N 26Y 10N ],13.6667,0.0453
Y,N,N,N,N,N,N,Y,N,N,Y,N,Y,Y,Y,N,N,Y,N,N,N,N,N,Y,Y,N,Y,Y,Y,N,N,Y,Y,N,Y,Y,N,N,N,13.117,[6N 22N 26N 3N ],14.9307,0.1383
Y,N,N,N,N,N,N,Y,Y,Y,Y,N,N,Y,N,N,N,N,N,N,N,N,N,Y,Y,Y,N,Y,Y,N,N,Y,Y,N,Y,N,Y,N,N,13.391,[6N 22N 26Y 10Y ],14.5610,0.0874
Y,N,Y,N,N,Y,N,Y,N,N,Y,N,N,Y,N,N,N,N,N,N,Y,N,N,Y,Y,N,Y,Y,Y,N,N,Y,Y,N,Y,N,N,N,Y,14.701,[6Y ],15.0588,0.0243
Y,Y,Y,N,N,Y,N,Y,Y,Y,Y,Y,Y,Y,Y,Y,N,Y,Y,Y,Y,Y,Y,Y,Y,Y,N,Y,N,N,Y,Y,Y,N,Y,Y,N,N,N,14.565,[6Y ],15.0588,0.0339
Y,N,N,N,N,N,N,Y,N,Y,Y,N,N,Y,Y,N,Y,N,N,N,N,N,N,Y,Y,Y,N,Y,Y,N,N,Y,Y,N,Y,Y,N,N,N,15.170,[6N 22N 26Y 10Y ],14.5610,0.0401
Y,N,Y,N,N,N,Y,Y,N,N,Y,N,Y,Y,N,N,N,N,N,N,N,N,N,Y,Y,N,Y,Y,N,N,Y,Y,Y,N,Y,Y,N,N,N,14.318,[6N 22N 26N 3Y ],14.3777,0.0042
Y,Y,N,N,N,N,N,Y,N,N,Y,Y,N,Y,N,N,N,Y,N,N,N,N,N,Y,Y,N,Y,Y,Y,N,N,Y,Y,N,Y,Y,N,N,N,15.586,[6N 22N 26N 3N ],14.9307,0.0420
Y,Y,Y,N,N,N,Y,Y,Y,Y,Y,Y,Y,Y,Y,N,Y,Y,Y,Y,Y,Y,Y,Y,Y,Y,N,Y,Y,N,N,Y,N,Y,Y,N,N,N,Y,14.496,[6N 22Y 29Y ],13.8765,0.0427
Y,N,N,N,N,N,N,Y,N,N,Y,N,N,Y,N,Y,Y,N,N,N,N,N,Y,Y,Y,Y,N,Y,Y,N,N,Y,Y,N,Y,Y,N,N,N,13.793,[6N 22N 26Y 10N ],13.6667,0.0092
Y,N,Y,N,N,N,Y,Y,N,N,Y,N,Y,Y,N,N,N,N,N,N,N,N,N,Y,Y,N,Y,Y,Y,N,N,Y,Y,N,Y,N,Y,N,N,14.566,[6N 22N 26N 3Y ],14.3777,0.0129
Y,N,N,N,N,N,N,Y,N,N,Y,N,N,Y,Y,Y,N,N,N,N,N,N,N,Y,Y,N,Y,Y,Y,N,N,Y,Y,N,Y,Y,N,N,N,13.222,[6N 22N 26N 3N ],14.9307,0.1292
Y,N,Y,N,N,Y,N,Y,N,N,Y,N,N,Y,N,N,N,N,N,N,Y,N,N,Y,Y,Y,N,Y,Y,N,N,Y,Y,N,Y,N,N,Y,N,15.999,[6Y ],15.0588,0.0588
Y,N,N,N,N,N,N,Y,N,N,Y,N,N,Y,N,N,Y,N,N,N,Y,N,N,Y,Y,Y,N,Y,Y,N,N,Y,Y,N,Y,N,Y,N,N,13.914,[6N 22N 26Y 10N ],13.6667,0.0178
Y,N,N,N,N,N,N,Y,N,N,Y,Y,N,Y,N,N,N,N,Y,N,N,N,N,Y,Y,Y,N,Y,Y,N,N,Y,N,Y,Y,Y,N,N,N,13.695,[6N 22N 26Y 10N ],13.6667,0.0021
Y,N,N,N,N,N,N,Y,N,N,Y,N,Y,Y,N,N,N,N,Y,N,N,N,N,Y,Y,N,Y,Y,Y,N,N,Y,Y,N,Y,N,N,Y,N,14.843,[6N 22N 26N 3N ],14.9307,0.0059
